-129.761322	-246.4665222	5.5107326510000005	-52.08423996	36.27475357	-4.185354233	-17.816913600000003	-97.01950073	21.81042862	22.34515381	39.67976379	-0.4461789727	15.38882256	52.1223526	51.69453812	13.76062107	32.33423233	12.04106903	32.01612854	21.49011421	-40.55244827	-84.76747131	69.79855347	78.37178802	15.35671616	30.99311829	9.610447884	-8.02081871
-128.211853	33.53264618	104.6386185	51.25783920000001	21.05335808	107.8464432	-60.91028976	-124.82648470000001	20.71881104	-36.80700302	-10.75463009	-10.41693783	27.04780197	37.12296295	10.69613075	16.12451363	108.2956619	47.90628815	187.3579865	66.56490326	-63.16776657	-21.04262352	-17.18548965	-18.17272186	8.095039368	80.10148621	-91.04582214	3.776412487
-107.2061462	162.3014374	-131.0281067	-13.82567692	-56.51501846	78.26720428	-72.27607727	-123.2922287	-66.78128815	-90.18535614	49.06791687	48.9984436	28.24109268	-2.368706226	-32.88160324	-26.23100281	-13.64767838	-82.94134521	17.12743568	-151.48812869999998	-152.80583190000002	-103.47650909999999	-53.68723297	-31.55384254	-60.78226089	-23.0939312	-148.796463	-179.2158051
-164.2781982	-242.25820919999998	23.71680641	-30.90746498	-16.35193062	-64.01097107	-69.01506042	-174.8636017	-62.61262512	-33.09983063	20.33784103	-10.95293617	29.30407143	18.32467842	1.8188042640000002	-81.16296387	56.82876968	-52.85284424	222.8660126	-153.8778229	-213.78179930000002	-230.54547119999998	-32.05425262	78.43490601	-19.89214706	-60.432724	-70.41319275	-126.68959050000001
-80.77488708	-141.7114105	-58.40356445	-123.9054871	-71.78613281	-40.45063019	-38.60464859	-61.61724091	-7.091014862000001	-31.71606445	-29.98992538	-52.63511276	-18.45934868	-16.35792732	-37.58691788	-104.2549896	-27.18785095	-27.00914574	79.61708832	48.76846695	-29.32009697	55.21153259	-43.75541687	-98.10415649	-8.912649155	27.95484924	-26.42072868	-107.217308
-6.2683706279999996	89.69394684	74.07772064	70.05718231	-12.74908257	47.06174469	36.35040283	61.31699371	26.77775192	-25.67456245	12.49487114	19.01104927	17.47126961	11.55877876	0.4996873438	-33.76496887	126.092804	17.79329491	226.58702090000003	94.57104492	-60.21069336	-90.67443848	2.154708385	26.13945007	4.813822269	-0.3619080484	-38.6128273	-35.61110306
-40.03701019	159.2091675	33.88739395	-28.62018585	52.56378174	66.34243011	5.424074172999999	-36.89087677	21.3528595	17.29240799	70.65612793	31.26482773	48.45981216	33.79772186	-73.86182404	38.85624695	11.6355505	62.5336647	24.92614746	22.48830986	-9.819364548	47.39917755	45.32130051	24.85815048	42.23497009	52.04534149	0.2942219675	63.801548
-0.5679170489	-389.3605347	-39.06406403	-20.73643303	3.9485518930000003	-116.201683	-42.90986252	-113.55561829999999	-27.03368759	-43.43096924	-55.26499557	-63.0916214	-39.104080200000006	-13.70385361	24.91280556	-56.920654299999995	45.96820831	-87.58740234	-1.409768581	-21.36721802	3.82456255	-125.24096680000001	-6.434298038	-3.783552647	-19.17222977	-19.95131874	-5.218695641	-156.1776276
-33.16114426	-212.94052119999998	43.16205978	-0.2505448163	27.58254242	-9.581297874	2.285398245	-112.32030490000001	-11.71864986	-15.94058323	7.98007679	8.983869553	28.14418983	-5.0332307819999995	83.70645142	-61.67360687	68.13951111	3.215673447	206.5434113	138.39814760000002	-13.37401867	-88.19639587	-49.09166336	-11.88922024	6.349300385	8.045537949	-6.210963726	-87.65470123
-68.41957855	126.89502720000002	116.1132736	72.3744812	-9.022890091	23.27521133	-21.48983765	-64.69150543	36.11444092	38.84162521	-0.3852362931	-5.572225093999999	53.23501205	-10.17887878	-20.80779266	-57.545059200000004	66.87717438	37.62699127	167.23439030000003	58.91854858	-25.619316100000002	39.94202423	-15.71656227	38.66899109	24.39653397	38.57958221	-82.88181305	-30.80254364
-60.34877014	146.42988590000002	89.17765045	57.66032791	21.28920937	86.78967285	1.1744395490000001	-15.8638525	17.16664505	25.81565094	13.31457996	44.33128357	21.11147308	14.69450665	10.70533371	23.150072100000003	105.3211517	49.07892227	52.7446022	45.71693802	4.065878868	29.15812302	65.36723328	52.01601028	-23.23540878	63.11620712	35.41996384	0.33590614799999996
1.961472154	241.037262	26.23040962	114.49558259999999	37.47540665	45.30685043	-54.76520538	31.3491745	80.45935822	28.30481148	36.61314774	43.84496307	22.10163498	21.35999107	30.44412994	121.3158722	15.43555164	40.34278107	-123.83292390000001	28.34902573	106.5164871	120.4135056	45.71128082	78.564888	21.81881142	31.79174995	-31.44696045	49.40408707
39.24125671	-136.6045532	-0.6718623042	5.735742092000001	26.48082733	-98.06679535	55.9977684	36.18619156	5.356123447	26.55777931	14.20090103	-20.04909897	6.306629181	45.08302307	-68.21714783	-31.81269646	38.78602219	20.05142975	66.93612671	-29.93745804	-54.49799728	-0.5247093439	-29.56190109	77.63887787	26.23076057	-123.10336299999999	-23.07995224	-83.54699707
-4.796152591999999	16.51485443	-101.88031009999999	-91.74108887	-19.00461769	-1.6263276340000001	-75.18579865	-75.21051788	-28.0155201	-132.2680206	17.10417557	33.42837524	19.62125397	5.102521896	-44.07793808	-32.0126152	-39.99090576	-48.56899261	132.7716522	-51.42681122	-165.5832977	-176.55989069999998	-34.13253403	-55.56573105	-20.12087822	7.710328579	-81.1632309	-102.89142609999999
-114.5985031	-23.79021263	-25.16563988	-46.91926575	-18.22019768	61.96027756	-56.76224136	-36.22424698	-49.75370026	-45.80470276	31.74374771	-19.41242027	-13.70485401	-2.574378252	51.9526329	-25.18922997	-43.40023804	-17.29357719	221.7535095	-67.63807678	-89.63303375	-161.7350159	-39.445831299999995	16.42743492	30.74223518	-15.11257744	-76.88579559	-47.36024857
-56.29404831	-327.8597107	-9.889375687000001	-25.58619118	13.01717663	-107.5218658	-1.2745631929999999	-115.03171540000001	-100.4622192	-95.67456818	28.74090385	-36.0436821	2.3667702669999997	-62.46876907	101.452774	21.59864235	-51.95584488	-57.28426361	-74.84170532	58.82631302	-56.060527799999996	-17.78486061	-35.39748383	-44.28383255	-37.27329254	-75.07528687	-17.34245682	-128.5740356
12.44476891	-161.767395	56.75793076	69.58420563	5.258205891	29.0359993	-50.11409378	-76.50164032	-2.8716981410000004	72.77900696	125.7519531	56.80670929	48.19023514	-25.09097862	101.77087399999999	-12.50504875	33.22206879	39.54632187	-141.5652008	31.20445251	-18.32245255	-23.94201851	28.75069427	43.86573029	43.27618408	-2.582486629	8.572585106	24.41456795
-37.79244614	51.70682907	-60.08471298	-81.86991119	-48.73445892	-45.30834198	-17.83090019	-20.0993576	-1.4533047680000002	-98.29348755	-71.71085358	13.45334148	14.96706295	-33.93722153	-29.48579597	-22.74279594	-84.50644684	-18.78639603	14.43509674	-73.31301117	-85.21766663	-133.997345	-13.23674297	-35.07712555	-24.06002617	104.07952879999999	-70.55583191	-97.3170929
-37.45314407	-115.82798000000001	30.34853363	-56.05231476	-43.27145386	-14.33645916	-86.83621979	-63.94146347	-63.86128235	-70.10187531	145.57604980000002	43.36593246	22.72604179	-27.01747131	14.24141216	-3.1253232960000004	-19.39105225	1.8759293559999999	-140.5500488	10.88818169	-45.88903046	49.20245743	-1.234140515	1.283985853	-15.31624222	-71.69452667	-19.4875946	-56.60186005
-49.29937744	-212.3644714	-86.28675842	-116.4834061	-9.856942177	-117.8101273	-27.19422531	-84.30690765	-12.00277424	-33.43013382	-4.245362282	16.21671677	-13.01268673	-33.8459053	15.20296574	-49.80199814	-71.01066589	22.5456562	-30.78824615	51.27158737	-37.07852173	-101.8039627	-24.78858185	-61.98876189999999	-33.64610672	-38.08306885	-3.599844217	-79.62523651
26.86291695	-38.1925354	45.34897232	-60.35865021	70.95296478	54.99829865	-84.78154755	-52.37495804	-8.424689293	-44.6270752	49.47407532	74.07324982	44.34080124	6.808483601	92.60233307	87.47020721	129.5261078	18.15029335	4.096201897	19.53531647	-104.7503128	-133.1426544	-40.48333359	-97.7905426	21.04608345	35.14044189	-29.89150238	-72.14596558
-32.75470352	-196.7196655	-240.69686890000003	-301.0566711	4.153742313	18.7565155	-146.7233429	-155.14364619999998	-147.3855133	-252.51902769999998	97.46606445	8.82433033	-17.04529572	-84.52658844	63.80086899	-30.04374313	-313.9283142	-150.27610780000003	-127.244194	-657.3338623	-320.6755676	-478.22387699999996	-206.4263458	-171.37939450000002	-20.69138718	5.385102272	-319.4681091	-414.0431213
-115.5683365	-5.936658859	-26.41897583	-30.58657837	23.19521904	5.596148014	-63.19476318	-46.78642273	-49.914711	-94.70363617	-52.30767822	-22.17740059	29.16815186	-43.96666336	125.60787959999999	4.056832313999999	-87.89322662	-38.52313614	130.3720245	52.29178238	-35.19223022	-78.88013458	-15.38104343	-60.16883469	-11.92714596	-16.39105988	21.40379143	10.78903294
-161.25488280000002	-250.69717409999998	-78.55032349	-88.69635773	-69.01732635	-64.31606293	-160.4033813	-227.33178709999999	-103.6854858	-155.53414919999997	-76.81394196	-5.359550476	-3.1439230439999997	-51.10900116	-67.86249542	-67.96608734	-86.20233154	-72.58145142	-132.15638729999998	8.566340446	-111.7260361	-227.76020809999997	-0.23789227010000003	-27.91737747	-124.6555176	-77.45355225	-85.90288544	-136.2049561
133.4804688	-168.83433530000002	-99.05278015	-73.5588913	-0.744212687	-94.57509613	-58.97647858	-97.82749176	-32.78086853	-77.69102478	26.59683609	26.52102852	-16.25079536	20.98477936	-68.12961578	-34.128269200000005	-21.58909607	-0.4404946268	-6.0604496	26.34362411	-67.14377594	-238.1409912	-35.097019200000005	-26.23079109	-21.056583399999997	41.08292389	-43.26231766	-86.30780792
-19.39253235	54.72991943	-79.23737335	-59.46103668	-78.93866729999999	74.71151733	-116.40065	-113.205574	-38.55288696	-69.84037781	40.69816589	36.92621231	36.55751038	7.065377712	-20.32442284	19.89159393	-42.79337692	-69.55574036	-358.7745361	-133.3270111	-67.28078461	17.69011688	-10.73101234	-39.08351135	-16.12691879	-40.48042297	-50.67840958	-17.59594917
-210.9562836	-33.62999344	-69.90600586	-58.75529099	-72.17198181	-2.981886148	-91.58099365	-132.1701202	57.84008408	8.22536087	27.16354561	33.09075546	77.94927216	8.6117239	-9.339353561	-40.96147537	-42.89414978	-55.64735031	129.0945587	-79.85677338	-44.59146881	-72.3144989	-39.71328354	-65.85070038	33.24497986	31.79561234	-85.90770721	-108.19233700000001
103.7710037	24.33559799	102.62155909999998	176.6229095	9.030961037	84.84998322	-3.6492204669999997	95.19844055	79.63548279	21.89317322	212.2503204	119.32550049999999	68.78322601	35.99637222	-22.28843307	61.47964478	135.57991030000002	130.7518158	-53.91653824	19.56964684	9.170350075	65.55192566	73.70117950000001	75.55477142	76.42357635	107.96121219999999	18.11892128	71.97259521
69.33016205	-55.03691101	64.52020264	97.58292389	11.39572239	-19.4656105	-9.229316711000001	-9.913393021000001	44.74597931	-7.664028645	218.03849790000004	32.99958038	80.40898895	28.65391922	0.517160058	-26.87828827	22.13266182	43.86970139	172.563385	115.0331955	-15.27162838	-9.42431736	3.54125309	23.027954100000002	24.73283768	27.82746124	-9.76249218	99.40501404
-69.61470795	-21.81029129	-6.526413441	33.28551865	32.35641098	-17.80160522	-70.84643555	-34.81577301	83.77055359	-19.22536659	90.064888	36.46310806	39.36170197	16.36927414	66.4050293	15.63447571	-10.11137581	14.36867523	113.901207	-16.47595596	-47.95192337	-52.06572342	-37.51311111	-9.353675842000001	64.65513611	6.721135138999999	-26.73559952	-20.16499519
19.80163765	20.44384193	-44.13978958	-39.69432449	37.38265991	10.54851627	-55.46500778	-68.20175171	63.83203888	-34.57039642	-83.46936035	-17.93970299	-14.57976437	37.99562836	7.914853096	-77.26231384	-98.94277954	-23.33487511	170.15618899999998	86.36235809	-0.35733595490000003	-21.81067085	7.332559586	-107.2946854	88.80509949	52.19391632	-88.44355774	27.82535362
-69.25986481	-8.6336689	39.00710297	-14.28538227	18.64782143	-44.01025391	-63.84279633	-36.26831818	2.328620911	-12.96149254	90.9496994	8.278051376	42.64307022	-61.83676529	10.99584675	-7.751071453	33.38998795	-8.431952477000001	-140.10258480000002	-60.51769638	-13.033234599999998	-43.82029343	3.214304209	-3.7832889560000003	3.088060141	46.21089554	-42.71993637	40.06093979
52.00326157	-114.69395449999999	17.27999115	-43.59967804	-7.9145207410000005	102.0206909	8.868314742999999	32.36605835	27.23271179	-50.98767853	11.9012413	12.49986553	17.91567039	-8.454798698	-20.74637032	-31.66624069	20.63874054	8.742883682	92.55930328	79.19670105	-18.72881126	-67.11824799	5.757506847	-60.04228592	51.65076065	56.29651642	-38.49502563	-62.03914261
-111.03689579999998	-189.9405518	76.68685913	110.92341609999998	-102.76559449999999	-43.0702095	-107.0645142	-171.3244019	-11.95671368	-49.99819183	139.94352719999998	111.6987152	14.73027325	9.234456062000001	22.2430954	29.42074585	20.98735046	-11.34975052	298.6682434	110.56633000000001	-16.54990959	-77.97746277	-48.21645355	8.338006972999999	-40.48516846	-27.78461266	-7.414662361	-37.78738022
40.40613556	-43.07024384	57.61838531	29.40474129	66.78200531	59.71863556	-6.224934577999999	-8.029995918	39.193286900000004	51.52376556	188.85929869999998	10.15135384	25.73103523	8.954754829	90.63534546	142.95315549999998	-11.39984322	-12.53852844	314.63775630000004	137.8748322	-6.351788998	28.6272831	-5.852899551	39.04423523	58.0332756	13.06397724	-30.92767525	51.71208954
-61.25076294	64.86279297	45.08257294	49.71015167	28.48122597	24.10177994	-55.14922714	-103.6779327	13.2771101	-30.2271328	44.85197067	11.93000412	8.610385895	-15.66307259	-10.64199638	-61.71092224	-30.0890255	-34.10665894	19.5872097	17.29258347	34.43169403	55.3965416	9.883243561	-48.18241501	24.44158173	26.74569893	-17.51059914	6.350873947
-2.455707073	-84.73101807	67.066185	64.27436829	-24.12096596	130.3593597	-12.00012302	27.079942699999997	91.67739868	15.58019829	275.9651489	140.57775880000003	48.44735336	20.61963272	68.05800629	123.794899	63.07571793	86.7986145	168.55366519999998	162.327774	-88.43919373	-49.08375549	0.2905374169	29.78165817	21.78037834	77.02093506	-16.75244331	-47.71969223
-33.19592285	-308.87814330000003	-128.7187347	-140.1145477	-39.03351593	-11.44046879	-71.78000641	-191.9053497	-58.49594879	-28.270816800000002	343.76800539999994	92.46057129	23.53843117	34.31830597	36.16394424	99.82988739	-108.21105190000002	-66.90888977	481.9042664	-51.93984985	-10.543046	-180.6413269	-53.0329628	-29.62934113	-44.91481781	-50.844970700000005	-84.86495209	-154.3440247
172.7045135	-62.40833664	-14.91671181	7.060586928999999	40.07677841	152.2618866	84.08770752	109.519249	3.828798056	50.97206497	355.4584045	129.2467041	23.78984833	34.92396164	73.06201935	212.4900665	-127.07671359999999	-62.04695129	487.1177673	240.49353030000003	34.93486023	-74.40016174	-46.87773132	-7.230656147	73.64349365	36.82512665	-37.37237549	-161.2197418
-7.75722599	-57.407703399999995	-89.23215485	31.90667343	43.77813339	-32.51421356	-15.72403049	19.42403603	-113.79783629999999	-112.0096741	107.28601840000002	23.13121605	27.44047165	-10.28080559	125.332222	80.83894348	-41.27315521	-62.57635117	307.9019775	295.57965089999993	-80.46851349	-56.40940475	-65.28397369	-98.97281647	19.40349197	23.67067337	-21.66897583	-88.80404663
-34.7525444	54.34383392	13.98004723	11.00895691	91.31313324	117.7192307	3.397961855	-40.13182068	-1.434062004	-21.020841600000004	121.85462949999999	89.57639313	78.10887146	44.45675659	99.76068878	60.08412933	0.6889421344	38.60815048	14.71062469	60.62293625	-125.12758640000001	10.66979408	19.1527462	105.7751236	21.72878456	80.88246155	-43.4896431	36.99674988
35.58774567	-24.28352547	-7.086001873	32.15876007	-41.40784073	41.16391373	4.061103821000001	13.20503807	8.819232941000001	-75.81263733	142.4064178	122.8016281	133.8951721	33.79919815	26.23049736	70.52516174	8.166512489	12.65486336	62.8592453	25.31699562	-83.32113647	-53.20939255	-3.357493639	8.780754089	-0.799297452	73.03551483	-120.8548584	-76.88549042
36.75842285	-73.72064972	47.7029953	100.6439514	76.28181458	66.89182281	43.47149277	26.31525612	24.23554039	39.14835358	99.11651611	71.27459717	71.33556366	27.02891159	67.18750763	92.81210327	54.02642059	69.83061981	150.66606140000002	66.49787140000001	35.06319046	49.21632385	-13.543138500000001	75.15398407	20.07380486	73.71262359999999	-33.36363983	20.90317726
2.351908922	-104.5637283	-60.99585724	-179.4704437	-60.03849792	72.66797638	33.31100082	8.573257446	-49.2611084	-144.8379211	53.51885223	27.26358414	44.81912613	-43.12004852	55.32150649999999	25.15532684	-116.52892299999999	-90.30988312	-38.11139297	58.06539917	-180.53157040000002	-71.20162201	-51.1037674	-83.40141296	-1.8408212659999998	53.12217712	-118.96762849999999	-129.90296940000002
-55.32943344	2.381559849	-28.34940338	-34.07607269	-36.40008926	8.748373032	64.44553375	-52.11817551	-12.43549061	-54.12123489	94.26200867	119.0144348	87.02919006	-1.412182927	63.06978226	14.91309452	8.831485747999999	32.58519363	18.51293182	96.88552856	-41.41149902	-36.840065	31.57975388	82.83246613	11.9320507	28.91089439	-75.28505707	-24.50794411
-109.7748108	-63.57446671	-73.79146576	-58.70255661	146.20327759999998	108.62574769999999	42.32208633	49.59207535	-4.850146294	-40.55983353	169.8069305	53.11198044	109.4856644	25.0097332	169.8931274	162.6421814	-32.46999741	-50.03555679	168.3070374	139.8652344	-0.09198395162999999	-29.14345551	-5.700837135	-74.63162994	5.299618721	86.59579468	-33.33082199	6.1554780010000005
73.86493683	-84.32091522	-41.25574112	9.012126923	38.78686523	29.21529961	-36.54032898	-116.0551147	14.75720215	-91.6264801	68.13641357	43.80706024	48.34696198	-38.59778976	0.689263165	-37.52593613	-38.58298111	11.42577457	44.8446846	14.395296100000001	-25.1490345	-89.72974396	-59.77480316	-84.29078674	17.58129311	40.14414215	-118.3171844	-96.28851318
31.20669365	22.19183922	-43.74369812	-38.78398132	-60.98663712	35.84434509	-22.32784271	1.4442389009999999	13.48694324	-82.04312897	116.23841090000002	111.9588699	41.71255875	-11.7954855	0.811090827	9.518260002	-48.64739609	-40.7809906	-17.70183182	95.50887299	-103.63442990000001	-38.10273361	-4.071923256	71.03777313	22.97750664	43.27752304	-122.13056950000001	-17.88528442
-84.75606537	97.48564148	72.00540161	-6.93315649	-7.940382481	119.44559479999998	20.03033066	-82.76312256	9.57489872	-9.630566597	77.56733704	65.40727997	111.34479520000001	31.52196503	40.46775055	9.06423378	109.64837649999998	10.14887714	44.42331696	48.12958908	-170.57015990000002	-30.10930061	30.02390671	31.7854538	13.90862751	15.94811535	-53.53794098	-5.050836563
-64.82271576	-44.34572601	-121.32398219999999	-174.6954498	-114.8273392	-10.74033165	45.05728912	38.602108	-55.83525848	-124.9073257	87.53961182	79.65699005	-12.65010166	-40.82608032	-116.3375168	-56.22026062	-35.24239731	-40.07059097	17.37371063	68.48051453	-18.02841377	-87.13871765	2.063304424	-16.83622932	-20.67788124	0.8986175656000001	-105.7355347	-93.90745544
102.06794740000001	-74.46166229	-21.81502151	-88.56365204	53.44743729	14.1456995	5.538358688	-4.333360195	9.768893242	48.06176376	134.5765839	66.49818420000001	53.07754135	-18.56370354	105.58663179999999	128.3666534	-81.15458679	9.377608299	13.27064896	93.63542938	-33.48531723	-45.69652557	-3.183326244	31.36615753	64.4107132	46.74956131	-99.93445587	-65.22674561
-117.7895966	4.365546227	-72.08250427	6.141552925	16.58916283	83.05428314	29.75393677	9.66738224	-16.8094368	-64.57652283	104.2716751	125.8376389	67.03626251	-29.51642418	117.7282257	117.88131709999999	-34.60577011	0.25119850039999997	-117.37971499999999	72.40084076	-17.97109604	-24.40071869	-23.18039894	-40.40884399	11.625440600000001	24.48374367	-106.7437592	-31.46507072
-129.761322	-246.4665222	5.5107326510000005	-52.08423996	36.27475357	-4.185354233	-17.816913600000003	-97.01950073	21.81042862	22.34515381	39.67976379	-0.4461789727	15.38882256	52.1223526	51.69453812	13.76062107	32.33423233	12.04106903	32.01612854	21.49011421	-40.55244827	-84.76747131	69.79855347	78.37178802	15.35671616	30.99311829	9.610447884	-8.02081871
72.84888458	183.9862061	-2.29279685	-1.4701339009999999	-95.14889526	-4.896821022	0.34512671829999997	-8.105218887000001	23.22338867	-46.04563522	-15.91970444	25.60396194	-5.548751354	-18.64492226	-27.7875042	-66.53952789	-17.65890121	-29.53192902	34.86622238	89.37163544	32.93112564	95.50493622	-34.5330162	61.41423035	82.34861755	-2.0030162330000003	-2.2964131830000003	-77.05232239
-41.73356247	-234.1583099	56.49758148	53.01257324	34.16501617	43.44241714	-72.09009552	-45.95869827	10.43222332	-1.696969986	102.74790949999999	30.1040535	53.50222015	46.14076996	12.82243156	7.940392494	85.03383636	14.81945801	70.6151886	-32.06340408	24.16013527	-24.89453888	24.28212929	24.05195999	-40.69192886	42.48109055	10.18663883	28.64745903
-61.66450119	275.32266239999996	2.967545748	45.10103607	-12.63333225	68.03790283	-75.61487579	-74.29567719	28.30223846	-14.07391357	55.11088181	104.1310425	66.57068634	-7.974319457999999	8.180978775	13.88411522	13.63955975	17.39131737	-24.24311638	4.922775745	-8.750886917	104.6289368	17.43855667	5.945249557	20.52783203	31.82623482	-52.00144577	-46.22626877
-164.2781982	-242.25820919999998	23.71680641	-30.90746498	-16.35193062	-64.01097107	-69.01506042	-174.8636017	-62.61262512	-33.09983063	20.33784103	-10.95293617	29.30407143	18.32467842	1.8188042640000002	-81.16296387	56.82876968	-52.85284424	222.8660126	-153.8778229	-213.78179930000002	-230.54547119999998	-32.05425262	78.43490601	-19.89214706	-60.432724	-70.41319275	-126.68959050000001
13.23815918	355.6316528	156.60935969999997	50.87111282	21.49586868	78.53347015	-19.20862961	37.79922104	88.00220490000001	35.03967285	24.21805573	31.87429428	66.33428192	80.11479187	-13.19496346	-25.43612671	55.09322357	68.34706116	-136.3188782	77.74475098	57.85525131	154.65391540000002	68.92609406	112.47408290000001	114.79759979999999	47.54406357	35.01622772	95.35734558
-0.5679170489	-389.3605347	-39.06406403	-20.73643303	3.9485518930000003	-116.201683	-42.90986252	-113.55561829999999	-27.03368759	-43.43096924	-55.26499557	-63.0916214	-39.104080200000006	-13.70385361	24.91280556	-56.920654299999995	45.96820831	-87.58740234	-1.409768581	-21.36721802	3.82456255	-125.24096680000001	-6.434298038	-3.783552647	-19.17222977	-19.95131874	-5.218695641	-156.1776276
-33.16114426	-212.94052119999998	43.16205978	-0.2505448163	27.58254242	-9.581297874	2.285398245	-112.32030490000001	-11.71864986	-15.94058323	7.98007679	8.983869553	28.14418983	-5.0332307819999995	83.70645142	-61.67360687	68.13951111	3.215673447	206.5434113	138.39814760000002	-13.37401867	-88.19639587	-49.09166336	-11.88922024	6.349300385	8.045537949	-6.210963726	-87.65470123
-84.19210815	-86.02835083	-185.7472839	-95.10335541	-19.65220833	40.73366165	6.858918667	-72.60643768	-54.83072662	-77.85369873	77.92491913	78.21177673	13.34410763	112.8845978	21.1301403	6.906194687	-67.04884338	-31.70832062	88.49460602	-60.96088409	-47.94367981	-91.86762238	-16.31176376	-117.19058989999999	-11.17879772	15.4386282	-62.48130035	-57.68152237
-240.5197296	-205.5102997	-27.33194351	-132.3117981	-22.79785347	12.90112686	-67.29725647	-159.68482969999997	9.381785393	-68.32575989	-85.97720337	-94.38129425	-21.3890152	21.97927475	-99.98983002	12.74932289	-98.02099609	-42.44324493	-71.98291016	-144.6538696	-92.48806	-146.2051392	-35.30860138	-144.3328857	-32.27316284	25.87222672	-35.60932541	-91.72238159
-68.41957855	126.89502720000002	116.1132736	72.3744812	-9.022890091	23.27521133	-21.48983765	-64.69150543	36.11444092	38.84162521	-0.3852362931	-5.572225093999999	53.23501205	-10.17887878	-20.80779266	-57.545059200000004	66.87717438	37.62699127	167.23439030000003	58.91854858	-25.619316100000002	39.94202423	-15.71656227	38.66899109	24.39653397	38.57958221	-82.88181305	-30.80254364
-60.34877014	146.42988590000002	89.17765045	57.66032791	21.28920937	86.78967285	1.1744395490000001	-15.8638525	17.16664505	25.81565094	13.31457996	44.33128357	21.11147308	14.69450665	10.70533371	23.150072100000003	105.3211517	49.07892227	52.7446022	45.71693802	4.065878868	29.15812302	65.36723328	52.01601028	-23.23540878	63.11620712	35.41996384	0.33590614799999996
1.961472154	241.037262	26.23040962	114.49558259999999	37.47540665	45.30685043	-54.76520538	31.3491745	80.45935822	28.30481148	36.61314774	43.84496307	22.10163498	21.35999107	30.44412994	121.3158722	15.43555164	40.34278107	-123.83292390000001	28.34902573	106.5164871	120.4135056	45.71128082	78.564888	21.81881142	31.79174995	-31.44696045	49.40408707
-4.796152591999999	16.51485443	-101.88031009999999	-91.74108887	-19.00461769	-1.6263276340000001	-75.18579865	-75.21051788	-28.0155201	-132.2680206	17.10417557	33.42837524	19.62125397	5.102521896	-44.07793808	-32.0126152	-39.99090576	-48.56899261	132.7716522	-51.42681122	-165.5832977	-176.55989069999998	-34.13253403	-55.56573105	-20.12087822	7.710328579	-81.1632309	-102.89142609999999
165.6544189	-8.006105423	38.17401505	13.28249359	75.33595276	34.17941284	34.34853363	15.37430763	-17.25439453	-5.673305035	123.92715449999999	53.28914261	-29.47758102	-16.19718742	-63.90193176	-59.82841873	3.390985727	-77.50283051	51.55949783	13.23308468	12.42385387	27.7905407	-97.27832794	-61.54002762	28.89840126	35.07013702	23.59418869	-40.762691499999995
26.98996925	147.8623352	-84.59022522	-122.63395690000002	-64.61265564	-32.66411591	-18.90464592	-35.47990799	-6.734453201	-100.4131012	-78.96055603	-12.73492432	-12.25935936	-36.71799088	-12.38708115	-37.74843216	-50.04176712	-57.647216799999995	9.486538887	9.891661644	-66.38922882	-86.26705933	-59.46248245	-42.64243317	-68.91077423	-28.68685341	-45.46643066	-98.668396
15.3517561	-53.79951859	-80.70227814	-122.16532140000001	-5.5453743929999995	-47.88879776	-46.13929367	-107.02458190000002	-18.40252686	-7.523388862999999	67.18121338	15.06604576	21.48138237	-14.31275463	-90.88466644	-29.43574333	-117.0042572	-11.955187800000001	-13.31117439	-114.43348689999999	-131.956131	-131.62899779999998	-16.03932953	-39.02498245	-80.35588074	6.565406799	-66.49301147	-96.98964691
12.44476891	-161.767395	56.75793076	69.58420563	5.258205891	29.0359993	-50.11409378	-76.50164032	-2.8716981410000004	72.77900696	125.7519531	56.80670929	48.19023514	-25.09097862	101.77087399999999	-12.50504875	33.22206879	39.54632187	-141.5652008	31.20445251	-18.32245255	-23.94201851	28.75069427	43.86573029	43.27618408	-2.582486629	8.572585106	24.41456795
45.70093918	-53.41562271	-270.6811829	-266.4980774	-132.66705320000003	-64.03022003	-286.897583	-352.4764709	-173.4480896	-177.14541630000002	-90.5382843	-43.4498291	-67.16529846	-36.26010895	49.34794998	-99.01428986	-366.9873962	-256.7657471	-312.2422791	-215.3203278	-160.60124209999998	-237.1604462	-59.68099976	-224.74000550000002	-140.51156619999998	-202.62940980000002	-141.4561157	-204.56925959999998
26.86291695	-38.1925354	45.34897232	-60.35865021	70.95296478	54.99829865	-84.78154755	-52.37495804	-8.424689293	-44.6270752	49.47407532	74.07324982	44.34080124	6.808483601	92.60233307	87.47020721	129.5261078	18.15029335	4.096201897	19.53531647	-104.7503128	-133.1426544	-40.48333359	-97.7905426	21.04608345	35.14044189	-29.89150238	-72.14596558
-32.75470352	-196.7196655	-240.69686890000003	-301.0566711	4.153742313	18.7565155	-146.7233429	-155.14364619999998	-147.3855133	-252.51902769999998	97.46606445	8.82433033	-17.04529572	-84.52658844	63.80086899	-30.04374313	-313.9283142	-150.27610780000003	-127.244194	-657.3338623	-320.6755676	-478.22387699999996	-206.4263458	-171.37939450000002	-20.69138718	5.385102272	-319.4681091	-414.0431213
84.40077972	64.97801208	-37.16037369	0.42849648	-25.5350647	-20.91030121	-47.23154831	1.168059349	-6.4821381570000005	-0.1618669927	35.60308075	-17.49932671	6.821578026	-46.64641953	37.96795654	-24.00382805	-19.65771675	66.74575043	255.5349579	128.38397220000002	-11.27835655	-69.81526184	-9.51793766	-112.42175290000002	-4.430056572	64.12620544	22.18814087	-48.49653244
-67.51358032	-61.73810577	-34.71480179	37.36503983	-64.08058929	-46.79450989	-148.84980769999999	-96.9355011	-28.18759918	-14.781379699999999	22.37148666	-0.4701441824	2.518816948	-26.74281311	-95.05001831	34.76504517	-82.29003143	-78.19439697	-172.198822	11.62748146	-79.07537842	-61.38943863	10.97371769	62.92886734	-5.520270824	-9.049129486	-59.09881592	-25.51980782
-75.84618378	-39.15864563	-194.4057007	-216.3673248	-47.49265671	-7.214092255	-26.66833305	-53.27460861	-74.3717804	-136.3969879	3.7182486060000004	-9.082206726	-3.51904583	-94.46311951	-46.29328918	-32.63094711	-145.1980286	-126.079834	43.93927002	65.09640503	-135.4093018	-226.1571045	-69.39376068	-84.34300995	-116.9261398	29.54480553	-125.30587009999999	-199.1458435
18.04736328	163.7745361	106.216095	30.2543602	18.00736427	-39.30404663	-45.96928024	-2.611400843	-1.69215095	-21.80845261	61.95196533	-27.31008911	43.70191193	-44.05944061	62.12100983	-63.69458771	70.76833344	99.09079742	-82.89447021	-9.75752449	19.49304008	5.069154263	54.4593277	131.3069	-14.91552162	32.70485306	46.59708786	11.56610394
-115.5683365	-5.936658859	-26.41897583	-30.58657837	23.19521904	5.596148014	-63.19476318	-46.78642273	-49.914711	-94.70363617	-52.30767822	-22.17740059	29.16815186	-43.96666336	125.60787959999999	4.056832313999999	-87.89322662	-38.52313614	130.3720245	52.29178238	-35.19223022	-78.88013458	-15.38104343	-60.16883469	-11.92714596	-16.39105988	21.40379143	10.78903294
-161.25488280000002	-250.69717409999998	-78.55032349	-88.69635773	-69.01732635	-64.31606293	-160.4033813	-227.33178709999999	-103.6854858	-155.53414919999997	-76.81394196	-5.359550476	-3.1439230439999997	-51.10900116	-67.86249542	-67.96608734	-86.20233154	-72.58145142	-132.15638729999998	8.566340446	-111.7260361	-227.76020809999997	-0.23789227010000003	-27.91737747	-124.6555176	-77.45355225	-85.90288544	-136.2049561
133.4804688	-168.83433530000002	-99.05278015	-73.5588913	-0.744212687	-94.57509613	-58.97647858	-97.82749176	-32.78086853	-77.69102478	26.59683609	26.52102852	-16.25079536	20.98477936	-68.12961578	-34.128269200000005	-21.58909607	-0.4404946268	-6.0604496	26.34362411	-67.14377594	-238.1409912	-35.097019200000005	-26.23079109	-21.056583399999997	41.08292389	-43.26231766	-86.30780792
-210.9562836	-33.62999344	-69.90600586	-58.75529099	-72.17198181	-2.981886148	-91.58099365	-132.1701202	57.84008408	8.22536087	27.16354561	33.09075546	77.94927216	8.6117239	-9.339353561	-40.96147537	-42.89414978	-55.64735031	129.0945587	-79.85677338	-44.59146881	-72.3144989	-39.71328354	-65.85070038	33.24497986	31.79561234	-85.90770721	-108.19233700000001
62.65952682	-35.81480408	42.75255585	-57.16722107	5.915028572000001	19.55580521	-72.28714752	-110.6121597	24.27859688	9.241276741	93.43002319	5.156625271	-11.33481598	20.41162109	93.30188751	40.49892807	43.45422363	16.53088188	48.7960701	64.27987671	1.775943995	-6.427451134	34.94606781	-28.23227882	11.30002975	31.61028862	-30.42870903	-26.29418945
-65.50374603	56.63695908	-43.57313156	15.45344639	9.834282875	84.49172974	-23.22149658	-49.41436005	30.10079002	-104.9236298	20.00854492	33.23048401	-15.39906216	-28.49028778	-20.00359535	-63.36037064	-36.31914139	-81.02288055	183.4117432	116.00249479999998	-153.5504456	-159.568634	-45.09946442	6.635937214	70.39055634	41.18218994	-104.94788359999998	-157.6583557
-147.21340940000002	-98.64459229	25.06045723	53.77891922	-64.43873596	17.12490845	-70.15666962	-119.25634769999999	-21.59304619	-27.6941967	128.1760712	87.98588562	17.66223907	-8.506137848	12.72616673	-20.96107674	12.40904045	-26.39285278	172.6173248	49.88040161	-27.62816811	-105.9054871	-11.1470232	22.29549599	-10.730105400000001	-29.2354126	-47.79246521	-63.44018173
-69.61470795	-21.81029129	-6.526413441	33.28551865	32.35641098	-17.80160522	-70.84643555	-34.81577301	83.77055359	-19.22536659	90.064888	36.46310806	39.36170197	16.36927414	66.4050293	15.63447571	-10.11137581	14.36867523	113.901207	-16.47595596	-47.95192337	-52.06572342	-37.51311111	-9.353675842000001	64.65513611	6.721135138999999	-26.73559952	-20.16499519
-28.2101078	-62.17431259	50.25117493	66.97315216	-25.68789291	-15.97173977	-84.51662445	-122.1306915	18.64555931	-49.10111237	43.32809067	57.42231369	-52.96720886	-60.15827942	10.23224831	-53.55977249	41.93798065	-98.78395081	69.2143631	-6.61150074	-114.3035812	-113.67803190000001	-79.92709351	-37.20737839	-17.95549393	-7.178595542999999	-82.64772034	-81.77855682
-111.03689579999998	-189.9405518	76.68685913	110.92341609999998	-102.76559449999999	-43.0702095	-107.0645142	-171.3244019	-11.95671368	-49.99819183	139.94352719999998	111.6987152	14.73027325	9.234456062000001	22.2430954	29.42074585	20.98735046	-11.34975052	298.6682434	110.56633000000001	-16.54990959	-77.97746277	-48.21645355	8.338006972999999	-40.48516846	-27.78461266	-7.414662361	-37.78738022
40.40613556	-43.07024384	57.61838531	29.40474129	66.78200531	59.71863556	-6.224934577999999	-8.029995918	39.193286900000004	51.52376556	188.85929869999998	10.15135384	25.73103523	8.954754829	90.63534546	142.95315549999998	-11.39984322	-12.53852844	314.63775630000004	137.8748322	-6.351788998	28.6272831	-5.852899551	39.04423523	58.0332756	13.06397724	-30.92767525	51.71208954
-84.40099335	-175.5514221	-40.5165062	34.30487442	10.68589878	13.82907486	-104.4403229	-176.1463928	44.60068893	-58.14964294	19.44042206	19.93912125	5.376326084	-6.804606915	-8.926005363	-39.1866684	7.115829945	-46.9390564	-180.45193480000003	-50.7882843	-31.86548615	-89.29995728	20.31388664	-12.88557625	3.591495037	-1.809133053	-9.516349792	-15.67416286
-24.40753937	-23.48542404	-56.93248749	-9.101875305	23.29489136	34.01145172	-45.19905472	-45.70153046	33.32375336	-19.94713211	125.75070190000001	25.83308601	71.01834106	29.67050171	39.59994888	-4.237858772	-18.24487877	-52.36698151	177.336319	25.96396637	-146.43589780000002	-109.9539642	-37.22621918	-72.35599518	13.56978989	58.76917267	-95.13074493	-108.27315520000002
-49.19886398	-142.9832764	-81.46253967	-131.1231537	-39.68210602	-8.22150135	-89.37039185	-96.03579712	-4.841011524	-34.03753281	83.83021545	20.71564674	33.45500183	-12.80323315	-4.872607708	25.85928535	-32.112281800000005	-20.79592896	103.3705139	17.83498955	-110.45037079999999	-102.1387253	53.80290604	-6.257751465	20.81978798	21.07597542	-76.13999176	-84.58384705
156.24589540000002	-16.43301964	90.53502655	110.82505800000001	97.01708221	12.47986698	36.74598312	32.9142952	50.36706924	-7.670021534	125.4681168	65.86478424	53.70970917	2.880933285	55.14661026	-3.071119547	93.09790802	31.31783104	-18.742835999999997	87.25496674	-10.05183125	59.31442642	3.861360073	64.69792175	32.99736023	5.248773098	-26.575529100000004	42.2554245
-61.25076294	64.86279297	45.08257294	49.71015167	28.48122597	24.10177994	-55.14922714	-103.6779327	13.2771101	-30.2271328	44.85197067	11.93000412	8.610385895	-15.66307259	-10.64199638	-61.71092224	-30.0890255	-34.10665894	19.5872097	17.29258347	34.43169403	55.3965416	9.883243561	-48.18241501	24.44158173	26.74569893	-17.51059914	6.350873947
-2.455707073	-84.73101807	67.066185	64.27436829	-24.12096596	130.3593597	-12.00012302	27.079942699999997	91.67739868	15.58019829	275.9651489	140.57775880000003	48.44735336	20.61963272	68.05800629	123.794899	63.07571793	86.7986145	168.55366519999998	162.327774	-88.43919373	-49.08375549	0.2905374169	29.78165817	21.78037834	77.02093506	-16.75244331	-47.71969223
-33.19592285	-308.87814330000003	-128.7187347	-140.1145477	-39.03351593	-11.44046879	-71.78000641	-191.9053497	-58.49594879	-28.270816800000002	343.76800539999994	92.46057129	23.53843117	34.31830597	36.16394424	99.82988739	-108.21105190000002	-66.90888977	481.9042664	-51.93984985	-10.543046	-180.6413269	-53.0329628	-29.62934113	-44.91481781	-50.844970700000005	-84.86495209	-154.3440247
-7.75722599	-57.407703399999995	-89.23215485	31.90667343	43.77813339	-32.51421356	-15.72403049	19.42403603	-113.79783629999999	-112.0096741	107.28601840000002	23.13121605	27.44047165	-10.28080559	125.332222	80.83894348	-41.27315521	-62.57635117	307.9019775	295.57965089999993	-80.46851349	-56.40940475	-65.28397369	-98.97281647	19.40349197	23.67067337	-21.66897583	-88.80404663
63.71699142	-106.5099487	75.51680756	71.21408081	53.72607803	22.85698128	23.51510811	4.88679266	36.42129898	73.53171539	163.7897949	102.0376816	30.57881927	-27.575529100000004	134.7985229	184.47817990000001	76.41463470000001	75.81193542	-63.22866058	149.0266876	5.475831509	-40.07085419	45.62046051	135.9134064	58.61542892	54.10939407	23.77297783	70.97919464
-29.47158623	273.4794006	19.01035881	45.39965439	94.62295532	89.81045532	53.37091446	77.38620758	-30.98287964	-38.48301697	83.77753448	95.80877686	112.157486	44.22648621	81.75403595	35.52037048	112.6709213	13.59638977	265.6358948	150.0718079	-59.67214966	12.6682291	18.57709503	-21.88174629	19.69602966	41.11753082	-69.87891388	23.64663315
90.08420563	-104.95842739999999	-11.0123148	-22.86789131	128.7920837	20.30407524	43.43182373	-17.549808499999997	5.157577991	-75.67822266	202.5051117	39.71392822	10.22325802	-38.73805618	165.825058	101.088562	-3.053867579	-4.972179413	27.86768723	138.5786896	-68.43691254	-5.3040752410000005	-31.07381248	-34.67995453	70.45507812	81.24421692	-40.12776566	31.52408981
36.75842285	-73.72064972	47.7029953	100.6439514	76.28181458	66.89182281	43.47149277	26.31525612	24.23554039	39.14835358	99.11651611	71.27459717	71.33556366	27.02891159	67.18750763	92.81210327	54.02642059	69.83061981	150.66606140000002	66.49787140000001	35.06319046	49.21632385	-13.543138500000001	75.15398407	20.07380486	73.71262359999999	-33.36363983	20.90317726
-221.01692200000002	-167.6665955	-98.93428802	-47.41244888	-102.6044998	-58.52937698	-145.07164	-110.31208799999999	-55.50127411	-102.1773071	-71.68921661	-60.08847809	23.87295914	-63.47486877	-106.30041499999999	-32.83975601	-130.8459625	-83.18569946	91.63233948	65.24639893	-23.58944702	-70.3046875	7.058251857999999	-88.60408783	-40.19077301	-58.12801361	-75.36360168	-38.50341797
73.86493683	-84.32091522	-41.25574112	9.012126923	38.78686523	29.21529961	-36.54032898	-116.0551147	14.75720215	-91.6264801	68.13641357	43.80706024	48.34696198	-38.59778976	0.689263165	-37.52593613	-38.58298111	11.42577457	44.8446846	14.395296100000001	-25.1490345	-89.72974396	-59.77480316	-84.29078674	17.58129311	40.14414215	-118.3171844	-96.28851318
31.20669365	22.19183922	-43.74369812	-38.78398132	-60.98663712	35.84434509	-22.32784271	1.4442389009999999	13.48694324	-82.04312897	116.23841090000002	111.9588699	41.71255875	-11.7954855	0.811090827	9.518260002	-48.64739609	-40.7809906	-17.70183182	95.50887299	-103.63442990000001	-38.10273361	-4.071923256	71.03777313	22.97750664	43.27752304	-122.13056950000001	-17.88528442
31.83202362	109.75737	26.03396034	38.50481796	131.7913361	35.89423752	47.33714676	31.19663811	-16.54701424	-24.54459572	204.8892517	52.77130127	66.9220047	12.46809483	109.0916138	75.75675201	37.33982468	42.68777847	142.04168700000002	127.6327591	-67.998703	16.67634583	3.5990097519999997	-17.95186615	-21.6079483	29.06954765	-12.43387127	17.24121284
-30.09532738	65.76862335	-34.64401627	-25.01771355	-68.60108948	92.8846817	-0.0003249550355	-17.83861351	-19.30509186	-81.84484863	67.63537598	105.09094240000002	75.53310394	21.98137474	64.35610199	94.45580292	57.22330475	11.83212662	108.57019040000002	94.12722778	-114.85578159999999	-51.80628967	-41.1600914	-71.78851318	27.47843933	81.90840912	-113.3473282	-84.96528625
-157.7463226	-103.7513275	-138.7792969	-266.6609497	-34.76411057	43.60649872	-35.70348358	-121.1347733	-38.01947021	-25.50990868	-43.47752379999999	95.11691284	-20.01891327	-63.95371246	64.38591003	-82.46943665	-112.4731598	-52.18631744	-135.4433899	-22.632837300000002	-54.85316086	9.919098854	-0.7643107772	-5.093018055	2.437455654	48.02070999	-111.08444979999999	-103.0456314
213.3622131	-30.4660778	-45.74536133	94.21357727	86.10943604	40.91485977	-7.690008163	-89.14490509	24.333316800000002	-59.49383545	199.1421204	72.93363190000001	44.87984467	-11.21766186	202.9067383	216.2732849	9.02260685	0.5906180739	59.49232101	173.6230164	-58.98624039	-164.963913	-43.6558342	-32.89478683	19.07355118	93.94197845	-40.90039062	-92.84624481
-84.75606537	97.48564148	72.00540161	-6.93315649	-7.940382481	119.44559479999998	20.03033066	-82.76312256	9.57489872	-9.630566597	77.56733704	65.40727997	111.34479520000001	31.52196503	40.46775055	9.06423378	109.64837649999998	10.14887714	44.42331696	48.12958908	-170.57015990000002	-30.10930061	30.02390671	31.7854538	13.90862751	15.94811535	-53.53794098	-5.050836563
-64.82271576	-44.34572601	-121.32398219999999	-174.6954498	-114.8273392	-10.74033165	45.05728912	38.602108	-55.83525848	-124.9073257	87.53961182	79.65699005	-12.65010166	-40.82608032	-116.3375168	-56.22026062	-35.24239731	-40.07059097	17.37371063	68.48051453	-18.02841377	-87.13871765	2.063304424	-16.83622932	-20.67788124	0.8986175656000001	-105.7355347	-93.90745544
102.06794740000001	-74.46166229	-21.81502151	-88.56365204	53.44743729	14.1456995	5.538358688	-4.333360195	9.768893242	48.06176376	134.5765839	66.49818420000001	53.07754135	-18.56370354	105.58663179999999	128.3666534	-81.15458679	9.377608299	13.27064896	93.63542938	-33.48531723	-45.69652557	-3.183326244	31.36615753	64.4107132	46.74956131	-99.93445587	-65.22674561
72.84888458	183.9862061	-2.29279685	-1.4701339009999999	-95.14889526	-4.896821022	0.34512671829999997	-8.105218887000001	23.22338867	-46.04563522	-15.91970444	25.60396194	-5.548751354	-18.64492226	-27.7875042	-66.53952789	-17.65890121	-29.53192902	34.86622238	89.37163544	32.93112564	95.50493622	-34.5330162	61.41423035	82.34861755	-2.0030162330000003	-2.2964131830000003	-77.05232239
-41.73356247	-234.1583099	56.49758148	53.01257324	34.16501617	43.44241714	-72.09009552	-45.95869827	10.43222332	-1.696969986	102.74790949999999	30.1040535	53.50222015	46.14076996	12.82243156	7.940392494	85.03383636	14.81945801	70.6151886	-32.06340408	24.16013527	-24.89453888	24.28212929	24.05195999	-40.69192886	42.48109055	10.18663883	28.64745903
-40.03701019	159.2091675	33.88739395	-28.62018585	52.56378174	66.34243011	5.424074172999999	-36.89087677	21.3528595	17.29240799	70.65612793	31.26482773	48.45981216	33.79772186	-73.86182404	38.85624695	11.6355505	62.5336647	24.92614746	22.48830986	-9.819364548	47.39917755	45.32130051	24.85815048	42.23497009	52.04534149	0.2942219675	63.801548
-0.5679170489	-389.3605347	-39.06406403	-20.73643303	3.9485518930000003	-116.201683	-42.90986252	-113.55561829999999	-27.03368759	-43.43096924	-55.26499557	-63.0916214	-39.104080200000006	-13.70385361	24.91280556	-56.920654299999995	45.96820831	-87.58740234	-1.409768581	-21.36721802	3.82456255	-125.24096680000001	-6.434298038	-3.783552647	-19.17222977	-19.95131874	-5.218695641	-156.1776276
-84.19210815	-86.02835083	-185.7472839	-95.10335541	-19.65220833	40.73366165	6.858918667	-72.60643768	-54.83072662	-77.85369873	77.92491913	78.21177673	13.34410763	112.8845978	21.1301403	6.906194687	-67.04884338	-31.70832062	88.49460602	-60.96088409	-47.94367981	-91.86762238	-16.31176376	-117.19058989999999	-11.17879772	15.4386282	-62.48130035	-57.68152237
-29.80265617	-90.02477264	78.311409	99.39976501	16.99659348	-8.233715057000001	-20.21127892	-62.2361412	-2.957145452	49.24824905	41.17991638	52.7522583	62.81369781	-19.14356613	35.78639603	44.26420975	184.560318	10.60802555	50.78633881	-36.72618866	28.97901344	33.47180939	21.04611969	4.957530975	-11.16511345	-2.215386391	-41.09290695	-11.12221336
-60.34877014	146.42988590000002	89.17765045	57.66032791	21.28920937	86.78967285	1.1744395490000001	-15.8638525	17.16664505	25.81565094	13.31457996	44.33128357	21.11147308	14.69450665	10.70533371	23.150072100000003	105.3211517	49.07892227	52.7446022	45.71693802	4.065878868	29.15812302	65.36723328	52.01601028	-23.23540878	63.11620712	35.41996384	0.33590614799999996
1.961472154	241.037262	26.23040962	114.49558259999999	37.47540665	45.30685043	-54.76520538	31.3491745	80.45935822	28.30481148	36.61314774	43.84496307	22.10163498	21.35999107	30.44412994	121.3158722	15.43555164	40.34278107	-123.83292390000001	28.34902573	106.5164871	120.4135056	45.71128082	78.564888	21.81881142	31.79174995	-31.44696045	49.40408707
165.6544189	-8.006105423	38.17401505	13.28249359	75.33595276	34.17941284	34.34853363	15.37430763	-17.25439453	-5.673305035	123.92715449999999	53.28914261	-29.47758102	-16.19718742	-63.90193176	-59.82841873	3.390985727	-77.50283051	51.55949783	13.23308468	12.42385387	27.7905407	-97.27832794	-61.54002762	28.89840126	35.07013702	23.59418869	-40.762691499999995
26.98996925	147.8623352	-84.59022522	-122.63395690000002	-64.61265564	-32.66411591	-18.90464592	-35.47990799	-6.734453201	-100.4131012	-78.96055603	-12.73492432	-12.25935936	-36.71799088	-12.38708115	-37.74843216	-50.04176712	-57.647216799999995	9.486538887	9.891661644	-66.38922882	-86.26705933	-59.46248245	-42.64243317	-68.91077423	-28.68685341	-45.46643066	-98.668396
-49.29937744	-212.3644714	-86.28675842	-116.4834061	-9.856942177	-117.8101273	-27.19422531	-84.30690765	-12.00277424	-33.43013382	-4.245362282	16.21671677	-13.01268673	-33.8459053	15.20296574	-49.80199814	-71.01066589	22.5456562	-30.78824615	51.27158737	-37.07852173	-101.8039627	-24.78858185	-61.98876189999999	-33.64610672	-38.08306885	-3.599844217	-79.62523651
26.86291695	-38.1925354	45.34897232	-60.35865021	70.95296478	54.99829865	-84.78154755	-52.37495804	-8.424689293	-44.6270752	49.47407532	74.07324982	44.34080124	6.808483601	92.60233307	87.47020721	129.5261078	18.15029335	4.096201897	19.53531647	-104.7503128	-133.1426544	-40.48333359	-97.7905426	21.04608345	35.14044189	-29.89150238	-72.14596558
36.04078674	-56.06972122	100.2957687	26.71205902	69.59166718	35.01540756	51.23347473	0.7231522201999999	13.40615463	70.5196991	176.4223022	86.56906128	-22.66714668	35.86222076	83.764328	157.7363892	133.1062775	67.28271484	-79.12015533	73.0326767	-9.94023037	-12.66509914	24.7115345	90.73699188	-3.489103317	26.2585125	35.57120895	21.09576607
-75.84618378	-39.15864563	-194.4057007	-216.3673248	-47.49265671	-7.214092255	-26.66833305	-53.27460861	-74.3717804	-136.3969879	3.7182486060000004	-9.082206726	-3.51904583	-94.46311951	-46.29328918	-32.63094711	-145.1980286	-126.079834	43.93927002	65.09640503	-135.4093018	-226.1571045	-69.39376068	-84.34300995	-116.9261398	29.54480553	-125.30587009999999	-199.1458435
5.829396725	-45.18193054	5.352446079	26.93597031	-24.73975372	-33.30020905	-138.57354740000002	-149.5435181	-20.69589996	-53.98397446	138.0327301	94.1407547	-29.97968674	-9.713438034	-41.24853897	83.17789459	-28.77884865	12.9083252	-94.69459534	5.202685833	-28.24018478	-3.2873787880000003	-59.98945618	-7.752819538	31.01206398	-77.17115784	-55.79162598	-70.71640778
-161.25488280000002	-250.69717409999998	-78.55032349	-88.69635773	-69.01732635	-64.31606293	-160.4033813	-227.33178709999999	-103.6854858	-155.53414919999997	-76.81394196	-5.359550476	-3.1439230439999997	-51.10900116	-67.86249542	-67.96608734	-86.20233154	-72.58145142	-132.15638729999998	8.566340446	-111.7260361	-227.76020809999997	-0.23789227010000003	-27.91737747	-124.6555176	-77.45355225	-85.90288544	-136.2049561
133.4804688	-168.83433530000002	-99.05278015	-73.5588913	-0.744212687	-94.57509613	-58.97647858	-97.82749176	-32.78086853	-77.69102478	26.59683609	26.52102852	-16.25079536	20.98477936	-68.12961578	-34.128269200000005	-21.58909607	-0.4404946268	-6.0604496	26.34362411	-67.14377594	-238.1409912	-35.097019200000005	-26.23079109	-21.056583399999997	41.08292389	-43.26231766	-86.30780792
62.65952682	-35.81480408	42.75255585	-57.16722107	5.915028572000001	19.55580521	-72.28714752	-110.6121597	24.27859688	9.241276741	93.43002319	5.156625271	-11.33481598	20.41162109	93.30188751	40.49892807	43.45422363	16.53088188	48.7960701	64.27987671	1.775943995	-6.427451134	34.94606781	-28.23227882	11.30002975	31.61028862	-30.42870903	-26.29418945
-65.50374603	56.63695908	-43.57313156	15.45344639	9.834282875	84.49172974	-23.22149658	-49.41436005	30.10079002	-104.9236298	20.00854492	33.23048401	-15.39906216	-28.49028778	-20.00359535	-63.36037064	-36.31914139	-81.02288055	183.4117432	116.00249479999998	-153.5504456	-159.568634	-45.09946442	6.635937214	70.39055634	41.18218994	-104.94788359999998	-157.6583557
52.00326157	-114.69395449999999	17.27999115	-43.59967804	-7.9145207410000005	102.0206909	8.868314742999999	32.36605835	27.23271179	-50.98767853	11.9012413	12.49986553	17.91567039	-8.454798698	-20.74637032	-31.66624069	20.63874054	8.742883682	92.55930328	79.19670105	-18.72881126	-67.11824799	5.757506847	-60.04228592	51.65076065	56.29651642	-38.49502563	-62.03914261
-111.03689579999998	-189.9405518	76.68685913	110.92341609999998	-102.76559449999999	-43.0702095	-107.0645142	-171.3244019	-11.95671368	-49.99819183	139.94352719999998	111.6987152	14.73027325	9.234456062000001	22.2430954	29.42074585	20.98735046	-11.34975052	298.6682434	110.56633000000001	-16.54990959	-77.97746277	-48.21645355	8.338006972999999	-40.48516846	-27.78461266	-7.414662361	-37.78738022
42.76417542	-46.08034134	17.22631264	8.047410011	-78.19415283	12.46947289	-2.7332124710000003	-96.90695953	24.754438399999998	11.28981495	146.5347137	-8.200592995	24.20305443	14.17034054	-35.98889923	-64.60253143	84.25653076	36.42723465	121.7244797	30.21738243	-31.13286591	-103.72971340000001	7.563026905	12.22402096	19.03062057	14.477355	-153.2085114	-122.5397263
-49.19886398	-142.9832764	-81.46253967	-131.1231537	-39.68210602	-8.22150135	-89.37039185	-96.03579712	-4.841011524	-34.03753281	83.83021545	20.71564674	33.45500183	-12.80323315	-4.872607708	25.85928535	-32.112281800000005	-20.79592896	103.3705139	17.83498955	-110.45037079999999	-102.1387253	53.80290604	-6.257751465	20.81978798	21.07597542	-76.13999176	-84.58384705
51.76809692	2.431176662	54.61951065	102.5588531	36.19660568	12.07943535	-2.4505178930000002	7.434157848	29.38209152	41.00808716	125.0909882	25.6674099	30.347539899999997	27.08643532	51.2746315	30.1327076	90.35614014	28.80434036	116.51400759999999	150.75102230000002	23.95503807	-10.88369083	31.95286179	6.237998009	85.21915436	26.39832306	-0.5708017349	11.49676323
-2.455707073	-84.73101807	67.066185	64.27436829	-24.12096596	130.3593597	-12.00012302	27.079942699999997	91.67739868	15.58019829	275.9651489	140.57775880000003	48.44735336	20.61963272	68.05800629	123.794899	63.07571793	86.7986145	168.55366519999998	162.327774	-88.43919373	-49.08375549	0.2905374169	29.78165817	21.78037834	77.02093506	-16.75244331	-47.71969223
-33.19592285	-308.87814330000003	-128.7187347	-140.1145477	-39.03351593	-11.44046879	-71.78000641	-191.9053497	-58.49594879	-28.270816800000002	343.76800539999994	92.46057129	23.53843117	34.31830597	36.16394424	99.82988739	-108.21105190000002	-66.90888977	481.9042664	-51.93984985	-10.543046	-180.6413269	-53.0329628	-29.62934113	-44.91481781	-50.844970700000005	-84.86495209	-154.3440247
63.71699142	-106.5099487	75.51680756	71.21408081	53.72607803	22.85698128	23.51510811	4.88679266	36.42129898	73.53171539	163.7897949	102.0376816	30.57881927	-27.575529100000004	134.7985229	184.47817990000001	76.41463470000001	75.81193542	-63.22866058	149.0266876	5.475831509	-40.07085419	45.62046051	135.9134064	58.61542892	54.10939407	23.77297783	70.97919464
-29.47158623	273.4794006	19.01035881	45.39965439	94.62295532	89.81045532	53.37091446	77.38620758	-30.98287964	-38.48301697	83.77753448	95.80877686	112.157486	44.22648621	81.75403595	35.52037048	112.6709213	13.59638977	265.6358948	150.0718079	-59.67214966	12.6682291	18.57709503	-21.88174629	19.69602966	41.11753082	-69.87891388	23.64663315
-109.7748108	-63.57446671	-73.79146576	-58.70255661	146.20327759999998	108.62574769999999	42.32208633	49.59207535	-4.850146294	-40.55983353	169.8069305	53.11198044	109.4856644	25.0097332	169.8931274	162.6421814	-32.46999741	-50.03555679	168.3070374	139.8652344	-0.09198395162999999	-29.14345551	-5.700837135	-74.63162994	5.299618721	86.59579468	-33.33082199	6.1554780010000005
73.86493683	-84.32091522	-41.25574112	9.012126923	38.78686523	29.21529961	-36.54032898	-116.0551147	14.75720215	-91.6264801	68.13641357	43.80706024	48.34696198	-38.59778976	0.689263165	-37.52593613	-38.58298111	11.42577457	44.8446846	14.395296100000001	-25.1490345	-89.72974396	-59.77480316	-84.29078674	17.58129311	40.14414215	-118.3171844	-96.28851318
8.595841408	-122.597374	-49.07855988	-33.98862076	64.01709747	-51.03673935	-33.35982513	-37.91308212	-16.1604538	10.74059677	50.66991425	17.83415222	38.25847626	-65.02474976	134.5814209	-102.9172897	-37.26459503	-42.24185944	100.4202499	164.8915863	-8.270524979	-107.133255	-49.34682846	13.52047825	-20.13750648	-0.3712797761	-31.40728188	-70.24201202
-157.7463226	-103.7513275	-138.7792969	-266.6609497	-34.76411057	43.60649872	-35.70348358	-121.1347733	-38.01947021	-25.50990868	-43.47752379999999	95.11691284	-20.01891327	-63.95371246	64.38591003	-82.46943665	-112.4731598	-52.18631744	-135.4433899	-22.632837300000002	-54.85316086	9.919098854	-0.7643107772	-5.093018055	2.437455654	48.02070999	-111.08444979999999	-103.0456314
33.09434891	-17.44685173	103.94810490000002	92.817276	44.43202591	39.10194778	20.11182213	-33.36951828	-58.67743301	-91.1937561	184.9205933	77.48897552	104.24607850000001	63.41267014	29.55305481	-30.08064842	200.5079346	54.24487305	-96.14453125	59.27289581	-162.0478821	-45.67429733	-14.52125263	57.21722794	-8.946992874	85.38078308	-91.58328247	21.83889961
-64.82271576	-44.34572601	-121.32398219999999	-174.6954498	-114.8273392	-10.74033165	45.05728912	38.602108	-55.83525848	-124.9073257	87.53961182	79.65699005	-12.65010166	-40.82608032	-116.3375168	-56.22026062	-35.24239731	-40.07059097	17.37371063	68.48051453	-18.02841377	-87.13871765	2.063304424	-16.83622932	-20.67788124	0.8986175656000001	-105.7355347	-93.90745544
102.06794740000001	-74.46166229	-21.81502151	-88.56365204	53.44743729	14.1456995	5.538358688	-4.333360195	9.768893242	48.06176376	134.5765839	66.49818420000001	53.07754135	-18.56370354	105.58663179999999	128.3666534	-81.15458679	9.377608299	13.27064896	93.63542938	-33.48531723	-45.69652557	-3.183326244	31.36615753	64.4107132	46.74956131	-99.93445587	-65.22674561
-128.211853	33.53264618	104.6386185	51.25783920000001	21.05335808	107.8464432	-60.91028976	-124.82648470000001	20.71881104	-36.80700302	-10.75463009	-10.41693783	27.04780197	37.12296295	10.69613075	16.12451363	108.2956619	47.90628815	187.3579865	66.56490326	-63.16776657	-21.04262352	-17.18548965	-18.17272186	8.095039368	80.10148621	-91.04582214	3.776412487
72.84888458	183.9862061	-2.29279685	-1.4701339009999999	-95.14889526	-4.896821022	0.34512671829999997	-8.105218887000001	23.22338867	-46.04563522	-15.91970444	25.60396194	-5.548751354	-18.64492226	-27.7875042	-66.53952789	-17.65890121	-29.53192902	34.86622238	89.37163544	32.93112564	95.50493622	-34.5330162	61.41423035	82.34861755	-2.0030162330000003	-2.2964131830000003	-77.05232239
-51.52067947	101.0606155	88.66981506	86.16268921	-16.60520554	-94.03244781	-5.196032047	4.990461348999999	22.58594322	9.689030647000001	-56.17898178	-37.77256012	-8.000673294	34.13954544	-34.53761292	60.24578476	38.56036758	114.3991013	35.85599518	66.72214508	18.193237300000003	29.24699974	27.33267593	-5.003559589	-21.32593727	39.557491299999995	-0.5095777511999999	26.10002327
-41.73356247	-234.1583099	56.49758148	53.01257324	34.16501617	43.44241714	-72.09009552	-45.95869827	10.43222332	-1.696969986	102.74790949999999	30.1040535	53.50222015	46.14076996	12.82243156	7.940392494	85.03383636	14.81945801	70.6151886	-32.06340408	24.16013527	-24.89453888	24.28212929	24.05195999	-40.69192886	42.48109055	10.18663883	28.64745903
-61.66450119	275.32266239999996	2.967545748	45.10103607	-12.63333225	68.03790283	-75.61487579	-74.29567719	28.30223846	-14.07391357	55.11088181	104.1310425	66.57068634	-7.974319457999999	8.180978775	13.88411522	13.63955975	17.39131737	-24.24311638	4.922775745	-8.750886917	104.6289368	17.43855667	5.945249557	20.52783203	31.82623482	-52.00144577	-46.22626877
-164.2781982	-242.25820919999998	23.71680641	-30.90746498	-16.35193062	-64.01097107	-69.01506042	-174.8636017	-62.61262512	-33.09983063	20.33784103	-10.95293617	29.30407143	18.32467842	1.8188042640000002	-81.16296387	56.82876968	-52.85284424	222.8660126	-153.8778229	-213.78179930000002	-230.54547119999998	-32.05425262	78.43490601	-19.89214706	-60.432724	-70.41319275	-126.68959050000001
-6.2683706279999996	89.69394684	74.07772064	70.05718231	-12.74908257	47.06174469	36.35040283	61.31699371	26.77775192	-25.67456245	12.49487114	19.01104927	17.47126961	11.55877876	0.4996873438	-33.76496887	126.092804	17.79329491	226.58702090000003	94.57104492	-60.21069336	-90.67443848	2.154708385	26.13945007	4.813822269	-0.3619080484	-38.6128273	-35.61110306
-40.03701019	159.2091675	33.88739395	-28.62018585	52.56378174	66.34243011	5.424074172999999	-36.89087677	21.3528595	17.29240799	70.65612793	31.26482773	48.45981216	33.79772186	-73.86182404	38.85624695	11.6355505	62.5336647	24.92614746	22.48830986	-9.819364548	47.39917755	45.32130051	24.85815048	42.23497009	52.04534149	0.2942219675	63.801548
-33.16114426	-212.94052119999998	43.16205978	-0.2505448163	27.58254242	-9.581297874	2.285398245	-112.32030490000001	-11.71864986	-15.94058323	7.98007679	8.983869553	28.14418983	-5.0332307819999995	83.70645142	-61.67360687	68.13951111	3.215673447	206.5434113	138.39814760000002	-13.37401867	-88.19639587	-49.09166336	-11.88922024	6.349300385	8.045537949	-6.210963726	-87.65470123
-240.5197296	-205.5102997	-27.33194351	-132.3117981	-22.79785347	12.90112686	-67.29725647	-159.68482969999997	9.381785393	-68.32575989	-85.97720337	-94.38129425	-21.3890152	21.97927475	-99.98983002	12.74932289	-98.02099609	-42.44324493	-71.98291016	-144.6538696	-92.48806	-146.2051392	-35.30860138	-144.3328857	-32.27316284	25.87222672	-35.60932541	-91.72238159
-68.41957855	126.89502720000002	116.1132736	72.3744812	-9.022890091	23.27521133	-21.48983765	-64.69150543	36.11444092	38.84162521	-0.3852362931	-5.572225093999999	53.23501205	-10.17887878	-20.80779266	-57.545059200000004	66.87717438	37.62699127	167.23439030000003	58.91854858	-25.619316100000002	39.94202423	-15.71656227	38.66899109	24.39653397	38.57958221	-82.88181305	-30.80254364
1.961472154	241.037262	26.23040962	114.49558259999999	37.47540665	45.30685043	-54.76520538	31.3491745	80.45935822	28.30481148	36.61314774	43.84496307	22.10163498	21.35999107	30.44412994	121.3158722	15.43555164	40.34278107	-123.83292390000001	28.34902573	106.5164871	120.4135056	45.71128082	78.564888	21.81881142	31.79174995	-31.44696045	49.40408707
39.24125671	-136.6045532	-0.6718623042	5.735742092000001	26.48082733	-98.06679535	55.9977684	36.18619156	5.356123447	26.55777931	14.20090103	-20.04909897	6.306629181	45.08302307	-68.21714783	-31.81269646	38.78602219	20.05142975	66.93612671	-29.93745804	-54.49799728	-0.5247093439	-29.56190109	77.63887787	26.23076057	-123.10336299999999	-23.07995224	-83.54699707
-114.5985031	-23.79021263	-25.16563988	-46.91926575	-18.22019768	61.96027756	-56.76224136	-36.22424698	-49.75370026	-45.80470276	31.74374771	-19.41242027	-13.70485401	-2.574378252	51.9526329	-25.18922997	-43.40023804	-17.29357719	221.7535095	-67.63807678	-89.63303375	-161.7350159	-39.445831299999995	16.42743492	30.74223518	-15.11257744	-76.88579559	-47.36024857
165.6544189	-8.006105423	38.17401505	13.28249359	75.33595276	34.17941284	34.34853363	15.37430763	-17.25439453	-5.673305035	123.92715449999999	53.28914261	-29.47758102	-16.19718742	-63.90193176	-59.82841873	3.390985727	-77.50283051	51.55949783	13.23308468	12.42385387	27.7905407	-97.27832794	-61.54002762	28.89840126	35.07013702	23.59418869	-40.762691499999995
-19.36406708	54.04377365	7.694224834	0.8257977962	-67.40003967	-21.81184578	-70.59350586	-64.25000763	-9.654743195	-96.34925842	4.342668533	0.31033173199999997	19.20682144	-17.95129204	20.17584038	-44.48569489	26.08934402	-6.899983882999999	-5.929029465	55.67088318	-56.97788239	-63.37957001	48.05327988	31.44909668	-28.32675743	41.22184372	-4.94119978	-57.34906769
26.98996925	147.8623352	-84.59022522	-122.63395690000002	-64.61265564	-32.66411591	-18.90464592	-35.47990799	-6.734453201	-100.4131012	-78.96055603	-12.73492432	-12.25935936	-36.71799088	-12.38708115	-37.74843216	-50.04176712	-57.647216799999995	9.486538887	9.891661644	-66.38922882	-86.26705933	-59.46248245	-42.64243317	-68.91077423	-28.68685341	-45.46643066	-98.668396
15.3517561	-53.79951859	-80.70227814	-122.16532140000001	-5.5453743929999995	-47.88879776	-46.13929367	-107.02458190000002	-18.40252686	-7.523388862999999	67.18121338	15.06604576	21.48138237	-14.31275463	-90.88466644	-29.43574333	-117.0042572	-11.955187800000001	-13.31117439	-114.43348689999999	-131.956131	-131.62899779999998	-16.03932953	-39.02498245	-80.35588074	6.565406799	-66.49301147	-96.98964691
12.44476891	-161.767395	56.75793076	69.58420563	5.258205891	29.0359993	-50.11409378	-76.50164032	-2.8716981410000004	72.77900696	125.7519531	56.80670929	48.19023514	-25.09097862	101.77087399999999	-12.50504875	33.22206879	39.54632187	-141.5652008	31.20445251	-18.32245255	-23.94201851	28.75069427	43.86573029	43.27618408	-2.582486629	8.572585106	24.41456795
-37.45314407	-115.82798000000001	30.34853363	-56.05231476	-43.27145386	-14.33645916	-86.83621979	-63.94146347	-63.86128235	-70.10187531	145.57604980000002	43.36593246	22.72604179	-27.01747131	14.24141216	-3.1253232960000004	-19.39105225	1.8759293559999999	-140.5500488	10.88818169	-45.88903046	49.20245743	-1.234140515	1.283985853	-15.31624222	-71.69452667	-19.4875946	-56.60186005
-49.29937744	-212.3644714	-86.28675842	-116.4834061	-9.856942177	-117.8101273	-27.19422531	-84.30690765	-12.00277424	-33.43013382	-4.245362282	16.21671677	-13.01268673	-33.8459053	15.20296574	-49.80199814	-71.01066589	22.5456562	-30.78824615	51.27158737	-37.07852173	-101.8039627	-24.78858185	-61.98876189999999	-33.64610672	-38.08306885	-3.599844217	-79.62523651
-32.75470352	-196.7196655	-240.69686890000003	-301.0566711	4.153742313	18.7565155	-146.7233429	-155.14364619999998	-147.3855133	-252.51902769999998	97.46606445	8.82433033	-17.04529572	-84.52658844	63.80086899	-30.04374313	-313.9283142	-150.27610780000003	-127.244194	-657.3338623	-320.6755676	-478.22387699999996	-206.4263458	-171.37939450000002	-20.69138718	5.385102272	-319.4681091	-414.0431213
84.40077972	64.97801208	-37.16037369	0.42849648	-25.5350647	-20.91030121	-47.23154831	1.168059349	-6.4821381570000005	-0.1618669927	35.60308075	-17.49932671	6.821578026	-46.64641953	37.96795654	-24.00382805	-19.65771675	66.74575043	255.5349579	128.38397220000002	-11.27835655	-69.81526184	-9.51793766	-112.42175290000002	-4.430056572	64.12620544	22.18814087	-48.49653244
36.04078674	-56.06972122	100.2957687	26.71205902	69.59166718	35.01540756	51.23347473	0.7231522201999999	13.40615463	70.5196991	176.4223022	86.56906128	-22.66714668	35.86222076	83.764328	157.7363892	133.1062775	67.28271484	-79.12015533	73.0326767	-9.94023037	-12.66509914	24.7115345	90.73699188	-3.489103317	26.2585125	35.57120895	21.09576607
18.04736328	163.7745361	106.216095	30.2543602	18.00736427	-39.30404663	-45.96928024	-2.611400843	-1.69215095	-21.80845261	61.95196533	-27.31008911	43.70191193	-44.05944061	62.12100983	-63.69458771	70.76833344	99.09079742	-82.89447021	-9.75752449	19.49304008	5.069154263	54.4593277	131.3069	-14.91552162	32.70485306	46.59708786	11.56610394
-115.5683365	-5.936658859	-26.41897583	-30.58657837	23.19521904	5.596148014	-63.19476318	-46.78642273	-49.914711	-94.70363617	-52.30767822	-22.17740059	29.16815186	-43.96666336	125.60787959999999	4.056832313999999	-87.89322662	-38.52313614	130.3720245	52.29178238	-35.19223022	-78.88013458	-15.38104343	-60.16883469	-11.92714596	-16.39105988	21.40379143	10.78903294
133.4804688	-168.83433530000002	-99.05278015	-73.5588913	-0.744212687	-94.57509613	-58.97647858	-97.82749176	-32.78086853	-77.69102478	26.59683609	26.52102852	-16.25079536	20.98477936	-68.12961578	-34.128269200000005	-21.58909607	-0.4404946268	-6.0604496	26.34362411	-67.14377594	-238.1409912	-35.097019200000005	-26.23079109	-21.056583399999997	41.08292389	-43.26231766	-86.30780792
-19.39253235	54.72991943	-79.23737335	-59.46103668	-78.93866729999999	74.71151733	-116.40065	-113.205574	-38.55288696	-69.84037781	40.69816589	36.92621231	36.55751038	7.065377712	-20.32442284	19.89159393	-42.79337692	-69.55574036	-358.7745361	-133.3270111	-67.28078461	17.69011688	-10.73101234	-39.08351135	-16.12691879	-40.48042297	-50.67840958	-17.59594917
103.7710037	24.33559799	102.62155909999998	176.6229095	9.030961037	84.84998322	-3.6492204669999997	95.19844055	79.63548279	21.89317322	212.2503204	119.32550049999999	68.78322601	35.99637222	-22.28843307	61.47964478	135.57991030000002	130.7518158	-53.91653824	19.56964684	9.170350075	65.55192566	73.70117950000001	75.55477142	76.42357635	107.96121219999999	18.11892128	71.97259521
62.65952682	-35.81480408	42.75255585	-57.16722107	5.915028572000001	19.55580521	-72.28714752	-110.6121597	24.27859688	9.241276741	93.43002319	5.156625271	-11.33481598	20.41162109	93.30188751	40.49892807	43.45422363	16.53088188	48.7960701	64.27987671	1.775943995	-6.427451134	34.94606781	-28.23227882	11.30002975	31.61028862	-30.42870903	-26.29418945
114.75473020000001	50.39251328	-34.87256622	35.74162292	33.7469902	33.85977554	55.03718567	55.73722076	36.92779541	28.64715958	113.9111938	42.81949234	40.52707291	23.18442345	15.69433308	-63.60119247	20.45955849	26.86893463	141.4497681	81.56725311	-40.66066742	53.68126678	27.19259262	-76.84580994	35.94311905	54.91861725	-37.17970657	-26.46225739
-65.50374603	56.63695908	-43.57313156	15.45344639	9.834282875	84.49172974	-23.22149658	-49.41436005	30.10079002	-104.9236298	20.00854492	33.23048401	-15.39906216	-28.49028778	-20.00359535	-63.36037064	-36.31914139	-81.02288055	183.4117432	116.00249479999998	-153.5504456	-159.568634	-45.09946442	6.635937214	70.39055634	41.18218994	-104.94788359999998	-157.6583557
-147.21340940000002	-98.64459229	25.06045723	53.77891922	-64.43873596	17.12490845	-70.15666962	-119.25634769999999	-21.59304619	-27.6941967	128.1760712	87.98588562	17.66223907	-8.506137848	12.72616673	-20.96107674	12.40904045	-26.39285278	172.6173248	49.88040161	-27.62816811	-105.9054871	-11.1470232	22.29549599	-10.730105400000001	-29.2354126	-47.79246521	-63.44018173
-69.61470795	-21.81029129	-6.526413441	33.28551865	32.35641098	-17.80160522	-70.84643555	-34.81577301	83.77055359	-19.22536659	90.064888	36.46310806	39.36170197	16.36927414	66.4050293	15.63447571	-10.11137581	14.36867523	113.901207	-16.47595596	-47.95192337	-52.06572342	-37.51311111	-9.353675842000001	64.65513611	6.721135138999999	-26.73559952	-20.16499519
-69.25986481	-8.6336689	39.00710297	-14.28538227	18.64782143	-44.01025391	-63.84279633	-36.26831818	2.328620911	-12.96149254	90.9496994	8.278051376	42.64307022	-61.83676529	10.99584675	-7.751071453	33.38998795	-8.431952477000001	-140.10258480000002	-60.51769638	-13.033234599999998	-43.82029343	3.214304209	-3.7832889560000003	3.088060141	46.21089554	-42.71993637	40.06093979
52.00326157	-114.69395449999999	17.27999115	-43.59967804	-7.9145207410000005	102.0206909	8.868314742999999	32.36605835	27.23271179	-50.98767853	11.9012413	12.49986553	17.91567039	-8.454798698	-20.74637032	-31.66624069	20.63874054	8.742883682	92.55930328	79.19670105	-18.72881126	-67.11824799	5.757506847	-60.04228592	51.65076065	56.29651642	-38.49502563	-62.03914261
40.40613556	-43.07024384	57.61838531	29.40474129	66.78200531	59.71863556	-6.224934577999999	-8.029995918	39.193286900000004	51.52376556	188.85929869999998	10.15135384	25.73103523	8.954754829	90.63534546	142.95315549999998	-11.39984322	-12.53852844	314.63775630000004	137.8748322	-6.351788998	28.6272831	-5.852899551	39.04423523	58.0332756	13.06397724	-30.92767525	51.71208954
-84.40099335	-175.5514221	-40.5165062	34.30487442	10.68589878	13.82907486	-104.4403229	-176.1463928	44.60068893	-58.14964294	19.44042206	19.93912125	5.376326084	-6.804606915	-8.926005363	-39.1866684	7.115829945	-46.9390564	-180.45193480000003	-50.7882843	-31.86548615	-89.29995728	20.31388664	-12.88557625	3.591495037	-1.809133053	-9.516349792	-15.67416286
42.76417542	-46.08034134	17.22631264	8.047410011	-78.19415283	12.46947289	-2.7332124710000003	-96.90695953	24.754438399999998	11.28981495	146.5347137	-8.200592995	24.20305443	14.17034054	-35.98889923	-64.60253143	84.25653076	36.42723465	121.7244797	30.21738243	-31.13286591	-103.72971340000001	7.563026905	12.22402096	19.03062057	14.477355	-153.2085114	-122.5397263
156.24589540000002	-16.43301964	90.53502655	110.82505800000001	97.01708221	12.47986698	36.74598312	32.9142952	50.36706924	-7.670021534	125.4681168	65.86478424	53.70970917	2.880933285	55.14661026	-3.071119547	93.09790802	31.31783104	-18.742835999999997	87.25496674	-10.05183125	59.31442642	3.861360073	64.69792175	32.99736023	5.248773098	-26.575529100000004	42.2554245
-61.25076294	64.86279297	45.08257294	49.71015167	28.48122597	24.10177994	-55.14922714	-103.6779327	13.2771101	-30.2271328	44.85197067	11.93000412	8.610385895	-15.66307259	-10.64199638	-61.71092224	-30.0890255	-34.10665894	19.5872097	17.29258347	34.43169403	55.3965416	9.883243561	-48.18241501	24.44158173	26.74569893	-17.51059914	6.350873947
-33.19592285	-308.87814330000003	-128.7187347	-140.1145477	-39.03351593	-11.44046879	-71.78000641	-191.9053497	-58.49594879	-28.270816800000002	343.76800539999994	92.46057129	23.53843117	34.31830597	36.16394424	99.82988739	-108.21105190000002	-66.90888977	481.9042664	-51.93984985	-10.543046	-180.6413269	-53.0329628	-29.62934113	-44.91481781	-50.844970700000005	-84.86495209	-154.3440247
172.7045135	-62.40833664	-14.91671181	7.060586928999999	40.07677841	152.2618866	84.08770752	109.519249	3.828798056	50.97206497	355.4584045	129.2467041	23.78984833	34.92396164	73.06201935	212.4900665	-127.07671359999999	-62.04695129	487.1177673	240.49353030000003	34.93486023	-74.40016174	-46.87773132	-7.230656147	73.64349365	36.82512665	-37.37237549	-161.2197418
-34.7525444	54.34383392	13.98004723	11.00895691	91.31313324	117.7192307	3.397961855	-40.13182068	-1.434062004	-21.020841600000004	121.85462949999999	89.57639313	78.10887146	44.45675659	99.76068878	60.08412933	0.6889421344	38.60815048	14.71062469	60.62293625	-125.12758640000001	10.66979408	19.1527462	105.7751236	21.72878456	80.88246155	-43.4896431	36.99674988
63.71699142	-106.5099487	75.51680756	71.21408081	53.72607803	22.85698128	23.51510811	4.88679266	36.42129898	73.53171539	163.7897949	102.0376816	30.57881927	-27.575529100000004	134.7985229	184.47817990000001	76.41463470000001	75.81193542	-63.22866058	149.0266876	5.475831509	-40.07085419	45.62046051	135.9134064	58.61542892	54.10939407	23.77297783	70.97919464
-98.71224213	-161.9554901	-32.28208542	-114.18751529999999	-16.40668106	54.07937622	-14.56127834	-189.44511409999998	-17.28976631	-21.88913155	82.33009338	88.69091034	9.251664162	-4.826253891	56.14707947	-13.29460621	-10.56278706	-53.01884079	-42.009655	13.20157051	-80.7882309	-177.8960876	-59.14553833	-15.29910183	-21.58633614	40.19044495	-125.58419040000001	-144.5127716
-29.47158623	273.4794006	19.01035881	45.39965439	94.62295532	89.81045532	53.37091446	77.38620758	-30.98287964	-38.48301697	83.77753448	95.80877686	112.157486	44.22648621	81.75403595	35.52037048	112.6709213	13.59638977	265.6358948	150.0718079	-59.67214966	12.6682291	18.57709503	-21.88174629	19.69602966	41.11753082	-69.87891388	23.64663315
90.08420563	-104.95842739999999	-11.0123148	-22.86789131	128.7920837	20.30407524	43.43182373	-17.549808499999997	5.157577991	-75.67822266	202.5051117	39.71392822	10.22325802	-38.73805618	165.825058	101.088562	-3.053867579	-4.972179413	27.86768723	138.5786896	-68.43691254	-5.3040752410000005	-31.07381248	-34.67995453	70.45507812	81.24421692	-40.12776566	31.52408981
36.75842285	-73.72064972	47.7029953	100.6439514	76.28181458	66.89182281	43.47149277	26.31525612	24.23554039	39.14835358	99.11651611	71.27459717	71.33556366	27.02891159	67.18750763	92.81210327	54.02642059	69.83061981	150.66606140000002	66.49787140000001	35.06319046	49.21632385	-13.543138500000001	75.15398407	20.07380486	73.71262359999999	-33.36363983	20.90317726
-55.32943344	2.381559849	-28.34940338	-34.07607269	-36.40008926	8.748373032	64.44553375	-52.11817551	-12.43549061	-54.12123489	94.26200867	119.0144348	87.02919006	-1.412182927	63.06978226	14.91309452	8.831485747999999	32.58519363	18.51293182	96.88552856	-41.41149902	-36.840065	31.57975388	82.83246613	11.9320507	28.91089439	-75.28505707	-24.50794411
-109.7748108	-63.57446671	-73.79146576	-58.70255661	146.20327759999998	108.62574769999999	42.32208633	49.59207535	-4.850146294	-40.55983353	169.8069305	53.11198044	109.4856644	25.0097332	169.8931274	162.6421814	-32.46999741	-50.03555679	168.3070374	139.8652344	-0.09198395162999999	-29.14345551	-5.700837135	-74.63162994	5.299618721	86.59579468	-33.33082199	6.1554780010000005
31.20669365	22.19183922	-43.74369812	-38.78398132	-60.98663712	35.84434509	-22.32784271	1.4442389009999999	13.48694324	-82.04312897	116.23841090000002	111.9588699	41.71255875	-11.7954855	0.811090827	9.518260002	-48.64739609	-40.7809906	-17.70183182	95.50887299	-103.63442990000001	-38.10273361	-4.071923256	71.03777313	22.97750664	43.27752304	-122.13056950000001	-17.88528442
31.83202362	109.75737	26.03396034	38.50481796	131.7913361	35.89423752	47.33714676	31.19663811	-16.54701424	-24.54459572	204.8892517	52.77130127	66.9220047	12.46809483	109.0916138	75.75675201	37.33982468	42.68777847	142.04168700000002	127.6327591	-67.998703	16.67634583	3.5990097519999997	-17.95186615	-21.6079483	29.06954765	-12.43387127	17.24121284
8.595841408	-122.597374	-49.07855988	-33.98862076	64.01709747	-51.03673935	-33.35982513	-37.91308212	-16.1604538	10.74059677	50.66991425	17.83415222	38.25847626	-65.02474976	134.5814209	-102.9172897	-37.26459503	-42.24185944	100.4202499	164.8915863	-8.270524979	-107.133255	-49.34682846	13.52047825	-20.13750648	-0.3712797761	-31.40728188	-70.24201202
-63.76369858	59.64341354	-75.28206635	-69.18553162	7.057321072000001	40.65426636	-39.98519135	-81.66886902	-15.42847919	-76.85284424	-8.459954262	32.40061951	38.40980148	-9.949941635	102.66059109999999	144.87492369999998	-41.7664566	-93.16656494	-2.408240795	47.65121841	-97.88234711	-16.75699043	-65.19017029	-53.61975098	51.97446442	8.426580429	-131.0446014	-54.07921982
213.3622131	-30.4660778	-45.74536133	94.21357727	86.10943604	40.91485977	-7.690008163	-89.14490509	24.333316800000002	-59.49383545	199.1421204	72.93363190000001	44.87984467	-11.21766186	202.9067383	216.2732849	9.02260685	0.5906180739	59.49232101	173.6230164	-58.98624039	-164.963913	-43.6558342	-32.89478683	19.07355118	93.94197845	-40.90039062	-92.84624481
-84.75606537	97.48564148	72.00540161	-6.93315649	-7.940382481	119.44559479999998	20.03033066	-82.76312256	9.57489872	-9.630566597	77.56733704	65.40727997	111.34479520000001	31.52196503	40.46775055	9.06423378	109.64837649999998	10.14887714	44.42331696	48.12958908	-170.57015990000002	-30.10930061	30.02390671	31.7854538	13.90862751	15.94811535	-53.53794098	-5.050836563
102.06794740000001	-74.46166229	-21.81502151	-88.56365204	53.44743729	14.1456995	5.538358688	-4.333360195	9.768893242	48.06176376	134.5765839	66.49818420000001	53.07754135	-18.56370354	105.58663179999999	128.3666534	-81.15458679	9.377608299	13.27064896	93.63542938	-33.48531723	-45.69652557	-3.183326244	31.36615753	64.4107132	46.74956131	-99.93445587	-65.22674561
-117.7895966	4.365546227	-72.08250427	6.141552925	16.58916283	83.05428314	29.75393677	9.66738224	-16.8094368	-64.57652283	104.2716751	125.8376389	67.03626251	-29.51642418	117.7282257	117.88131709999999	-34.60577011	0.25119850039999997	-117.37971499999999	72.40084076	-17.97109604	-24.40071869	-23.18039894	-40.40884399	11.625440600000001	24.48374367	-106.7437592	-31.46507072
