-126.55806729999999	83.43230438	-5.086025715	10.5383749	37.63552094	-10.94345284	41.31501389	23.52687263	37.70721436	-64.84323883	48.71715927	148.8457947	56.05752182	24.13620567	38.71114731	88.63552856	-9.741549492	-0.4498275518	-226.7773895	-35.50726318	-8.961949348	-109.04933929999999	-54.80264282	-43.34365082	-40.38082504	-30.22069168	17.19270134	111.6938629
-137.8531952	385.8270874	-124.93264009999999	-294.1355896	-41.787765500000006	-53.78359222	86.65126801	256.2257385	-66.92276764	-93.83840942	147.4511871	89.0750885	29.24117279	-75.53307343	106.35069270000001	147.767868	-141.48217769999997	0.15195897220000001	-176.1968994	-299.00759889999995	-156.3978729	-70.42292786	-51.79668808	-197.3405762	-175.0150909	-48.10475922	-287.032074	-150.322525
-396.7354126	187.35202030000002	-153.0993805	-45.77393341	-43.23125458	4.574343204	-196.3408051	-92.96694183	-79.05697632	-112.75708770000001	23.49245262	-21.097045899999998	70.3839035	32.44594193	7.979133129	-4.838668346	-163.6773071	-212.48237609999998	-71.3961792	-22.2508564	-13.77173615	-130.2141266	-41.90470123	-167.0654907	-14.13903522	-68.82731628	-134.28964230000003	-74.42080688
-235.23614500000002	164.5682678	-65.49413299999999	-1.313347459	-17.85744858	-101.2524261	-9.092799187	-43.47924805	14.93042469	-37.63612366	-11.3349638	51.85376358	80.09810638	-18.14813042	48.70046234	-27.36627769	56.01377487	122.8303375	-40.95001984	54.90472412	39.93090057	-102.8477554	25.63467407	-5.669689655	-20.93655205	73.93568420000001	-1.339569211	190.081604
4.972090243999999	-177.97702030000002	-92.00598907	-95.65505219	29.99136353	17.34300423	-23.99192619	9.544416428	-9.15940094	0.6012712717	132.7748566	98.83676147	37.33805847	70.43457031	70.05924225	0.04136903211	-56.40815353	-42.48234558	-158.51681519999997	73.87542725	-12.67432117	-85.50680542	10.6371603	-3.613587856	-89.29065704	-24.16212463	-29.26012421	-9.668230057
-59.19047928	219.1016846	-42.51174164	-63.034805299999995	-5.425311565	-7.162744045	-16.31184769	-12.85660076	-33.05231476	-73.18083191	50.24091721	20.17682457	31.18214989	-29.2937603	40.3732872	10.70522881	-50.26031113	-59.26103973	47.54995728	-75.21147919	-24.98671532	4.452501774	-4.108402252	-146.9338379	-56.57723618	-15.44518089	-140.9915619	1.632690191
270.9479675	-118.1740723	-15.74868107	-19.14155197	61.63375092	9.772305488999999	82.11238861	160.75344850000002	-99.36591339	-86.80454254	76.36019135	46.01202011	67.83822632	106.23307040000002	47.73112488	40.25320435	-108.0538101	-58.33366013	159.7537231	116.8336563	-8.446388245	82.42609406	-49.13401794	-211.38960269999998	10.29292297	56.14849091	-70.88235474	-12.46185303
-196.52937319999998	174.8332977	-2.97030592	55.64431381	-63.29219055	-83.08512878	21.45676994	18.32864571	19.32337761	23.79939842	-46.35300827	9.722783089	14.84202671	-119.19398500000001	-34.07338715	1.083835602	74.84835815	14.18225288	-64.03497314	2.772936821	23.750648499999997	23.23805618	-39.78656387	27.80834198	24.89167404	33.85242462	-19.37367058	32.29584885
-206.68460080000003	152.92428590000003	-97.66110992	-104.8671112	34.39457321	8.758886337	32.33034897	44.88367844	26.97575188	-75.48526764	71.3235321	84.7193985	65.88553619	6.180155753999999	46.96709061	28.45900154	-50.56274414	33.46908951	-125.3892288	-42.68614578	-13.54302788	13.77746487	-53.2110405	-146.94718930000002	-67.01104736	74.91944885	-102.41428379999999	-162.65370180000002
-194.9215393	87.30794525	-42.73740005	28.67295456	7.143516541	-29.59453201	-15.44342518	-110.1708755	107.52478789999999	72.95993805	18.70603943	-26.68659592	-61.15945053	-105.8107147	-41.63864517	-57.26280212	18.33546638	103.45928959999999	210.42082209999998	164.00247190000002	-28.08929825	41.38144684	-5.794406414	-13.48671532	-82.08985901	-33.55191422	-73.47499084	-46.20352173
-38.85380173	-36.31747055	-215.2690887	-196.2614746	-58.83733368	54.59479141	-13.60407257	-29.72055435	-93.84017944	-189.8533325	22.18898773	-25.31918526	1.884803534	1.943365216	102.9621887	21.39774513	-226.17713930000002	-307.9491577	12.46126747	-173.6300354	-69.84095001	-229.3399353	-122.49501799999999	-238.04115299999998	-43.83837509	-47.6586647	-305.2129211	-200.1203156
-283.31616210000004	279.634491	-57.16260147	17.41838264	-27.39186096	3.7270505430000003	-69.27267456	-114.35455320000001	26.02667618	-1.9802964930000002	-16.57950783	-147.0849762	-41.66969299	-60.8321228	-67.2342453	-115.1338959	-3.472714663	-46.37668991	-53.52635956	-38.71358109	-24.09314919	34.79690552	44.94971466	-34.98754883	-16.24078941	-44.74016953	-124.4529648	-190.3222351
64.59385681	-10.02890015	17.79877281	-29.53326225	-62.55752563	77.82680511	24.50131607	-79.75719452	9.764946938	-2.2196979519999998	15.52285576	17.01425743	-52.21779633	-203.5111084	50.33908844	51.90652466	44.29049301	63.49301529	64.7268219	-72.91427612	9.153705597	156.27420039999998	42.396541600000006	26.18028641	46.06758118	31.754152299999998	-49.66641617	-179.41456599999998
-117.420372	-153.83781430000002	-116.2835541	-73.32505035	-50.04669189	-75.38713074	-75.13922119	-212.53465269999998	17.13682747	3.8194324969999998	-37.13847351	-26.41378403	-34.49042892	-174.3599091	26.6765995	-147.5006561	-107.2599106	-155.7337494	-45.54150772	-32.86922073	-53.05511856	-42.77077866	-39.15213013	-9.620535851	-29.7466507	-17.16241837	-106.399231	-32.42311096
-269.6608582	134.6278381	-58.8338089	-154.8728638	-30.90610313	4.401321888	-3.6037502289999996	100.0368958	-28.80146408	-49.76903152	13.42678928	30.15119743	21.06519508	59.42398834	-5.572579861	2.63700223	-46.76824570000001	-72.16188049	36.46223831	-123.6024628	-75.68545532	-152.962677	-46.36650848	-102.69672390000001	-99.67218781	-90.56242371	-104.7797241	-224.01554869999998
-430.245575	237.3016357	-73.11034393	-75.24307251	-52.0617485	-1.661494136	-81.80474091	-24.68620872	-14.66396999	-39.75026321	1.323707461	5.557745934	-34.94286728	-112.56269070000002	-49.71049118	-54.33919907	-131.7042084	-115.74365230000001	-100.2260056	-65.39198303	-100.7710953	-97.86183167	-49.81383896	-126.0667267	-102.45477290000001	-92.74228668	-169.618103	-144.13595580000003
377.7817688	-261.8742065	-17.65813446	-36.12226868	-41.81000137	-75.57121277	-34.00371552	-101.76902009999999	-4.000349998	45.27488708	26.03450584	-70.44271088	-44.07449341	-97.33129883	-4.937046528	-51.69260025	25.41799164	-4.220689297	17.39769554	72.79969025	-25.45533943	47.21191788	69.71453094	83.62859344	-40.49285126	-23.02692795	-40.41153336	23.65314865
-131.8056335	-142.7980499	21.39023781	76.22727966	-25.59673119	-10.08688354	-114.0838852	-42.76994324	-21.07645988	32.21027756	22.58108139	-40.85645676	-51.41469193	-85.01907349	-46.26152802	-100.5366745	73.88523102	62.31938553	-157.23397830000002	-33.03053665	-88.79022217	15.705163	157.3038635	72.20433807	8.04488945	49.53000641	0.33872407670000004	-119.70031740000002
-82.77123259999999	56.90288925	-87.35342407	-87.71874237	-52.34003448	-22.06872368	-21.53903198	42.77663803	-30.12581253	-64.88221741	-59.63097382	-2.614078283	-9.077207565	-39.49688721	-22.09965324	-90.07233429	-51.7132225	-55.4445343	65.14269257	-119.1031952	-46.60986328	-61.71316528	107.32008359999999	-35.57035446	-27.51194954	-33.755294799999994	-159.4559631	-83.07622528
41.31615067	-52.02497482	42.97394562	44.43610001	-0.5318033099	-29.24381447	-70.70489502	-0.1311562806	16.00095367	-34.13295746	-4.779373168999999	-6.351503849	56.25550461	22.80811882	-37.99497223	-36.54330826	-19.63892555	15.221319199999998	-93.39044952	17.02260399	-84.11904907	-18.63051414	-4.4082570080000005	-7.7543001170000005	41.86683273	34.88454819	-22.16918755	-52.2748642
200.6018219	-56.48168564	-114.45214080000001	-80.2509079	-24.93301392	-67.90129089	-8.717875481	-4.395538806999999	6.230098723999999	-30.28030205	29.77673149	16.31764412	16.18372345	28.49122047	23.77420044	-10.33129883	-121.88977050000001	-65.38547516	-97.54373169	-75.48647308	-107.20896909999999	-34.33014679	-57.94382858	-46.78194427	-42.78269196	-52.09238052	-40.40151978	-171.6784515
173.9404144	-88.32472229	-12.15588474	-26.73730659	-6.187623501	-17.17349052	31.17539024	-73.38008881	39.39964676	33.52326584	-26.01489067	-9.720673561	12.411907199999998	52.04760361	78.14403534	-103.8697357	-13.40122795	-26.05750656	36.25360489	-88.40564728	-57.25239944	-35.94594193	78.6889267	-8.911151886	34.59181976	-6.9398784639999995	5.026362419	35.42518997
-226.04911800000002	12.06223965	70.74661255	24.06957054	-29.16449738	-114.2926102	-78.4723587	-27.69165039	-21.75084305	-39.94530106	-21.40956497	-84.93419647	17.64152336	-74.04989624	38.55419159	-56.34912109	4.947231293	98.96434784	-48.20956039	63.35119629	40.06514359	44.87768555	-3.9328649039999997	-15.502711300000001	-51.36864853	-57.205928799999995	77.57697296	70.4924469
-53.14909363	-86.15629578	63.01187515	17.47311974	15.531186100000001	-9.58195591	78.15169525	-48.34101868	103.54119109999999	21.48555756	-6.379763603	19.01230049	50.69399261	47.64479065	127.6133499	60.74894333	40.94979095	75.65163422	85.19430542	20.65677452	10.65837669	21.50792503	51.48142242	-8.559744835	38.91385269	12.98768806	73.47798157	104.6762314
317.3979187	-148.6535339	-135.5768585	-135.3032227	-316.3075256	-167.1610718	-244.7313232	-339.1346436	-55.59711838	-30.75914192	-135.1016998	-43.65991974	-4.785699844	65.93399048	23.96661377	26.94997025	-63.32166672	-52.52312851	-457.964325	-215.6214142	-85.60093689	-117.35254669999999	-14.36442852	-18.23412132	-42.32159424	-85.83792877	-159.20953369999998	-180.7522125
164.611618	-50.99735641	-106.78095249999998	-70.54267883	-24.15582085	-50.41263199	9.916078568	-79.20193481	40.49271774	1.903483391	35.90567017	67.60540771	67.43543243	17.85477829	115.97409820000001	91.0825882	-144.0452271	-68.06172943	-56.93152618	-101.005661	6.97819376	18.69852448	66.26921082	-4.541467667	19.84031296	4.685266018	44.65077209	-27.70485497
170.3509979	-92.29599762	-32.08273697	-122.7942963	-29.93655586	32.81930923	19.20100403	-67.52285004	5.851835727999999	-73.82595825	42.47438431	130.6066284	54.55902481	15.49371815	56.67543793	135.22062680000002	-35.44494247	-1.7591784	-193.1395569	-151.5410919	-92.13464355	-140.0851135	59.06773376	-22.864566800000002	-43.25141907	34.29382324	-34.2328186	-115.56668090000001
-126.55806729999999	83.43230438	-5.086025715	10.5383749	37.63552094	-10.94345284	41.31501389	23.52687263	37.70721436	-64.84323883	48.71715927	148.8457947	56.05752182	24.13620567	38.71114731	88.63552856	-9.741549492	-0.4498275518	-226.7773895	-35.50726318	-8.961949348	-109.04933929999999	-54.80264282	-43.34365082	-40.38082504	-30.22069168	17.19270134	111.6938629
-184.67984009999998	-133.30473329999998	-62.91820908	-74.30150604	-40.19831848	-87.48754883	44.37474442	36.48143005	-110.4253769	-188.3369293	5.060022354	64.46031952	-62.55864334	-79.75749207	-60.19120789	-106.7603378	-67.68424988	-195.6322479	40.05715942	61.0915947	-110.8977966	-196.6898193	-154.2237244	-156.9026794	-25.36788177	-12.26695156	-151.0483551	-160.4074249
-137.8531952	385.8270874	-124.93264009999999	-294.1355896	-41.787765500000006	-53.78359222	86.65126801	256.2257385	-66.92276764	-93.83840942	147.4511871	89.0750885	29.24117279	-75.53307343	106.35069270000001	147.767868	-141.48217769999997	0.15195897220000001	-176.1968994	-299.00759889999995	-156.3978729	-70.42292786	-51.79668808	-197.3405762	-175.0150909	-48.10475922	-287.032074	-150.322525
-235.23614500000002	164.5682678	-65.49413299999999	-1.313347459	-17.85744858	-101.2524261	-9.092799187	-43.47924805	14.93042469	-37.63612366	-11.3349638	51.85376358	80.09810638	-18.14813042	48.70046234	-27.36627769	56.01377487	122.8303375	-40.95001984	54.90472412	39.93090057	-102.8477554	25.63467407	-5.669689655	-20.93655205	73.93568420000001	-1.339569211	190.081604
-59.19047928	219.1016846	-42.51174164	-63.034805299999995	-5.425311565	-7.162744045	-16.31184769	-12.85660076	-33.05231476	-73.18083191	50.24091721	20.17682457	31.18214989	-29.2937603	40.3732872	10.70522881	-50.26031113	-59.26103973	47.54995728	-75.21147919	-24.98671532	4.452501774	-4.108402252	-146.9338379	-56.57723618	-15.44518089	-140.9915619	1.632690191
-17.584951399999998	56.78407669	-26.03553772	-65.1743927	-16.8038578	-28.22026634	-16.15356827	-90.0968399	-7.265050887999999	-41.76891327	56.13571548	-25.11075211	-3.5770218369999998	39.50496292	-25.73749161	-68.59169006	7.038007259	26.56311035	35.53721619	66.90195465	83.07467651	16.78609467	88.51579285	9.908047676	-73.13761902	45.80650711	-49.31375504	64.77165985
270.9479675	-118.1740723	-15.74868107	-19.14155197	61.63375092	9.772305488999999	82.11238861	160.75344850000002	-99.36591339	-86.80454254	76.36019135	46.01202011	67.83822632	106.23307040000002	47.73112488	40.25320435	-108.0538101	-58.33366013	159.7537231	116.8336563	-8.446388245	82.42609406	-49.13401794	-211.38960269999998	10.29292297	56.14849091	-70.88235474	-12.46185303
-206.68460080000003	152.92428590000003	-97.66110992	-104.8671112	34.39457321	8.758886337	32.33034897	44.88367844	26.97575188	-75.48526764	71.3235321	84.7193985	65.88553619	6.180155753999999	46.96709061	28.45900154	-50.56274414	33.46908951	-125.3892288	-42.68614578	-13.54302788	13.77746487	-53.2110405	-146.94718930000002	-67.01104736	74.91944885	-102.41428379999999	-162.65370180000002
-23.43144989	37.10454178	16.15786552	28.25769806	44.36193466	55.59180069	-42.4197731	-40.49049759	24.52489281	-1.20481801	86.76245117	69.87797546	31.12861061	65.56177521	30.1068821	50.76740646	-57.51389313	-6.288141251	-210.1075745	24.46633339	-42.95737839	-86.77335358	148.6190186	84.98783112	76.62386322	78.38965607	40.72165298	49.08553696
-194.9215393	87.30794525	-42.73740005	28.67295456	7.143516541	-29.59453201	-15.44342518	-110.1708755	107.52478789999999	72.95993805	18.70603943	-26.68659592	-61.15945053	-105.8107147	-41.63864517	-57.26280212	18.33546638	103.45928959999999	210.42082209999998	164.00247190000002	-28.08929825	41.38144684	-5.794406414	-13.48671532	-82.08985901	-33.55191422	-73.47499084	-46.20352173
-38.85380173	-36.31747055	-215.2690887	-196.2614746	-58.83733368	54.59479141	-13.60407257	-29.72055435	-93.84017944	-189.8533325	22.18898773	-25.31918526	1.884803534	1.943365216	102.9621887	21.39774513	-226.17713930000002	-307.9491577	12.46126747	-173.6300354	-69.84095001	-229.3399353	-122.49501799999999	-238.04115299999998	-43.83837509	-47.6586647	-305.2129211	-200.1203156
503.704895	-316.3695984	-106.1466522	-79.06554413	-43.79528046	-20.36886215	-56.89903641	-191.2667084	-89.65438843	-108.80153659999999	-9.589068413	-25.29975891	-23.8788414	17.61403847	70.80067444	91.88806152	-85.92527008	-70.33806609999999	56.5294075	-46.72447586	-21.28119278	-74.80313873	83.31476593	-66.71273041	-76.55940247	-67.82093811	-141.6603851	-83.45523834
-407.6290283	77.18209839	-87.15324402	-86.77121735	17.13790894	55.37465286	-160.8612823	-51.73394394	-62.66992188	-31.82336807	118.8304825	51.44742203	33.35602951	105.73409270000002	100.4709473	14.84236336	-178.4963837	-89.82570648	52.712158200000005	-5.699051857000001	-153.56973269999997	-133.9452972	14.86573124	-110.2854919	-164.7390137	-69.30814362	-151.1802979	-174.437973
-283.31616210000004	279.634491	-57.16260147	17.41838264	-27.39186096	3.7270505430000003	-69.27267456	-114.35455320000001	26.02667618	-1.9802964930000002	-16.57950783	-147.0849762	-41.66969299	-60.8321228	-67.2342453	-115.1338959	-3.472714663	-46.37668991	-53.52635956	-38.71358109	-24.09314919	34.79690552	44.94971466	-34.98754883	-16.24078941	-44.74016953	-124.4529648	-190.3222351
5.138947964	-268.6317749	-118.99181370000001	-140.1808624	-10.86641502	-25.19205284	-54.65391541	-62.44142914	-123.10796359999999	-102.8296967	-31.36018372	-37.48816299	-29.12231064	15.08113766	20.60897064	-48.43952179	-267.5016479	-169.53366090000003	-44.11054993	-52.603042599999995	-97.59811401	-1.733157754	-142.2350311	-133.63699340000002	-103.1550064	-103.66615300000001	-133.4412689	-171.7599182
64.59385681	-10.02890015	17.79877281	-29.53326225	-62.55752563	77.82680511	24.50131607	-79.75719452	9.764946938	-2.2196979519999998	15.52285576	17.01425743	-52.21779633	-203.5111084	50.33908844	51.90652466	44.29049301	63.49301529	64.7268219	-72.91427612	9.153705597	156.27420039999998	42.396541600000006	26.18028641	46.06758118	31.754152299999998	-49.66641617	-179.41456599999998
-117.420372	-153.83781430000002	-116.2835541	-73.32505035	-50.04669189	-75.38713074	-75.13922119	-212.53465269999998	17.13682747	3.8194324969999998	-37.13847351	-26.41378403	-34.49042892	-174.3599091	26.6765995	-147.5006561	-107.2599106	-155.7337494	-45.54150772	-32.86922073	-53.05511856	-42.77077866	-39.15213013	-9.620535851	-29.7466507	-17.16241837	-106.399231	-32.42311096
51.30916214	-99.10192108	32.37755203	-30.23491669	37.90706635	2.127840042	39.66362	54.64398193	30.73793221	-37.05103302	42.99752808	-116.1053009	-16.62828636	-81.78807831	-35.70490265	-102.1040802	-9.829540253	-32.10256958	-39.26985168	-76.6921463	16.28497696	2.3253161909999998	-23.16004562	-3.563531399	-54.38396072	-20.81031036	31.96489716	-66.34273529
303.9760437	40.56005096	-9.822822571	-23.67504883	-63.70450974	-23.278368	28.8272419	-76.29103851	-18.06342697	-83.29118347	37.68086624	35.17859268	18.78866768	-10.07142925	32.66972733	12.12937546	35.31159973	66.34354401	166.2659607	84.28726196	-82.44023132	-79.79213715	168.2406769	1.01756978	-21.28629494	-26.08648872	-78.27540588	-12.3127718
-131.8056335	-142.7980499	21.39023781	76.22727966	-25.59673119	-10.08688354	-114.0838852	-42.76994324	-21.07645988	32.21027756	22.58108139	-40.85645676	-51.41469193	-85.01907349	-46.26152802	-100.5366745	73.88523102	62.31938553	-157.23397830000002	-33.03053665	-88.79022217	15.705163	157.3038635	72.20433807	8.04488945	49.53000641	0.33872407670000004	-119.70031740000002
-82.77123259999999	56.90288925	-87.35342407	-87.71874237	-52.34003448	-22.06872368	-21.53903198	42.77663803	-30.12581253	-64.88221741	-59.63097382	-2.614078283	-9.077207565	-39.49688721	-22.09965324	-90.07233429	-51.7132225	-55.4445343	65.14269257	-119.1031952	-46.60986328	-61.71316528	107.32008359999999	-35.57035446	-27.51194954	-33.755294799999994	-159.4559631	-83.07622528
-54.88947678	-50.21318817	2.185294151	69.63980865	-35.16289520000001	-12.07432365	-16.28536415	-70.49787903	30.86052322	64.78207397	-26.53515625	-111.74703219999999	24.66603851	9.0239048	-8.211318016	-12.72905827	-60.03055573	43.45828629	-49.99747849	-43.84892273	49.20547104	69.1750412	36.33718491	21.20365143	18.807567600000002	27.36426735	-13.30982971	2.816763163
-367.8973083	-267.4311523	-11.02646065	25.34798241	29.22341156	-27.20290565	14.53240013	-52.23304749	-7.008917809	48.67737961	-13.24637318	60.42367554	10.18572903	-103.3813248	-40.887821200000005	-13.41923237	-76.24737549	60.63721085	-251.0414429	-42.65805435	27.16367531	60.42329788	17.30541229	7.465806961	-73.32411957	-3.455862045	-173.85116580000002	-94.24739075
-22.84889603	-43.46881485	86.38559723	17.41844368	65.01399994	-37.56547928	-20.01632309	20.70769882	42.44128799	-15.92632866	30.9779377	31.80673599	38.86238098	60.99963379	-25.14697838	9.880858421000001	-126.16630549999999	-5.18365097	-4.732309341000001	35.77555084	29.84153175	33.0609436	-81.71705627	-81.02576447	-16.65817451	-1.842093229	61.14360428	-21.01605034
173.9404144	-88.32472229	-12.15588474	-26.73730659	-6.187623501	-17.17349052	31.17539024	-73.38008881	39.39964676	33.52326584	-26.01489067	-9.720673561	12.411907199999998	52.04760361	78.14403534	-103.8697357	-13.40122795	-26.05750656	36.25360489	-88.40564728	-57.25239944	-35.94594193	78.6889267	-8.911151886	34.59181976	-6.9398784639999995	5.026362419	35.42518997
-226.04911800000002	12.06223965	70.74661255	24.06957054	-29.16449738	-114.2926102	-78.4723587	-27.69165039	-21.75084305	-39.94530106	-21.40956497	-84.93419647	17.64152336	-74.04989624	38.55419159	-56.34912109	4.947231293	98.96434784	-48.20956039	63.35119629	40.06514359	44.87768555	-3.9328649039999997	-15.502711300000001	-51.36864853	-57.205928799999995	77.57697296	70.4924469
-53.14909363	-86.15629578	63.01187515	17.47311974	15.531186100000001	-9.58195591	78.15169525	-48.34101868	103.54119109999999	21.48555756	-6.379763603	19.01230049	50.69399261	47.64479065	127.6133499	60.74894333	40.94979095	75.65163422	85.19430542	20.65677452	10.65837669	21.50792503	51.48142242	-8.559744835	38.91385269	12.98768806	73.47798157	104.6762314
-267.96633909999997	5.263553143	-65.83132935	-35.01075745	-86.05653381	-54.53339767	-75.09583282	-177.3252716	-36.47675705	-57.56807327	-14.60137939	19.43811798	22.65756416	26.05016136	39.34967804	41.7867012	-0.02422463335	67.43737793	-324.51718139999997	-136.34106450000002	-69.1798172	-44.53150177	107.7172318	24.45433807	-61.94275665	-29.11121559	-15.97206402	-31.35768127
84.72975159	-145.99324040000002	8.285328865	-95.1020813	1.01083684	-4.36419487	-13.26643181	-66.40035248	-64.60871124	-55.03822708	50.23025894	15.35736465	70.46328735	116.69461820000001	153.69305419999998	47.18104553	-340.6733704	-153.33734130000002	-214.835022	-114.0378723	-28.69096756	-73.74905396	-142.06642150000002	-84.86721039	38.34523392	-19.80914688	15.03387928	-115.6183395
317.3979187	-148.6535339	-135.5768585	-135.3032227	-316.3075256	-167.1610718	-244.7313232	-339.1346436	-55.59711838	-30.75914192	-135.1016998	-43.65991974	-4.785699844	65.93399048	23.96661377	26.94997025	-63.32166672	-52.52312851	-457.964325	-215.6214142	-85.60093689	-117.35254669999999	-14.36442852	-18.23412132	-42.32159424	-85.83792877	-159.20953369999998	-180.7522125
164.611618	-50.99735641	-106.78095249999998	-70.54267883	-24.15582085	-50.41263199	9.916078568	-79.20193481	40.49271774	1.903483391	35.90567017	67.60540771	67.43543243	17.85477829	115.97409820000001	91.0825882	-144.0452271	-68.06172943	-56.93152618	-101.005661	6.97819376	18.69852448	66.26921082	-4.541467667	19.84031296	4.685266018	44.65077209	-27.70485497
-126.55806729999999	83.43230438	-5.086025715	10.5383749	37.63552094	-10.94345284	41.31501389	23.52687263	37.70721436	-64.84323883	48.71715927	148.8457947	56.05752182	24.13620567	38.71114731	88.63552856	-9.741549492	-0.4498275518	-226.7773895	-35.50726318	-8.961949348	-109.04933929999999	-54.80264282	-43.34365082	-40.38082504	-30.22069168	17.19270134	111.6938629
-184.67984009999998	-133.30473329999998	-62.91820908	-74.30150604	-40.19831848	-87.48754883	44.37474442	36.48143005	-110.4253769	-188.3369293	5.060022354	64.46031952	-62.55864334	-79.75749207	-60.19120789	-106.7603378	-67.68424988	-195.6322479	40.05715942	61.0915947	-110.8977966	-196.6898193	-154.2237244	-156.9026794	-25.36788177	-12.26695156	-151.0483551	-160.4074249
-79.72328949	239.6527252	43.82825089	81.08686829	-8.352933884	-75.35248566	-54.60900497	-4.365719318	-52.70811081	5.795387268	14.70586586	68.02478027	-9.867954253999999	-5.876910686	23.31897545	78.10559082	39.59312439	116.66701509999999	14.71607399	32.40910339	-70.62884521	-41.59629822	64.02098846	-4.56745863	-58.57594299	11.84587765	103.0029526	164.51585390000002
-137.8531952	385.8270874	-124.93264009999999	-294.1355896	-41.787765500000006	-53.78359222	86.65126801	256.2257385	-66.92276764	-93.83840942	147.4511871	89.0750885	29.24117279	-75.53307343	106.35069270000001	147.767868	-141.48217769999997	0.15195897220000001	-176.1968994	-299.00759889999995	-156.3978729	-70.42292786	-51.79668808	-197.3405762	-175.0150909	-48.10475922	-287.032074	-150.322525
-235.23614500000002	164.5682678	-65.49413299999999	-1.313347459	-17.85744858	-101.2524261	-9.092799187	-43.47924805	14.93042469	-37.63612366	-11.3349638	51.85376358	80.09810638	-18.14813042	48.70046234	-27.36627769	56.01377487	122.8303375	-40.95001984	54.90472412	39.93090057	-102.8477554	25.63467407	-5.669689655	-20.93655205	73.93568420000001	-1.339569211	190.081604
4.972090243999999	-177.97702030000002	-92.00598907	-95.65505219	29.99136353	17.34300423	-23.99192619	9.544416428	-9.15940094	0.6012712717	132.7748566	98.83676147	37.33805847	70.43457031	70.05924225	0.04136903211	-56.40815353	-42.48234558	-158.51681519999997	73.87542725	-12.67432117	-85.50680542	10.6371603	-3.613587856	-89.29065704	-24.16212463	-29.26012421	-9.668230057
-59.19047928	219.1016846	-42.51174164	-63.034805299999995	-5.425311565	-7.162744045	-16.31184769	-12.85660076	-33.05231476	-73.18083191	50.24091721	20.17682457	31.18214989	-29.2937603	40.3732872	10.70522881	-50.26031113	-59.26103973	47.54995728	-75.21147919	-24.98671532	4.452501774	-4.108402252	-146.9338379	-56.57723618	-15.44518089	-140.9915619	1.632690191
270.9479675	-118.1740723	-15.74868107	-19.14155197	61.63375092	9.772305488999999	82.11238861	160.75344850000002	-99.36591339	-86.80454254	76.36019135	46.01202011	67.83822632	106.23307040000002	47.73112488	40.25320435	-108.0538101	-58.33366013	159.7537231	116.8336563	-8.446388245	82.42609406	-49.13401794	-211.38960269999998	10.29292297	56.14849091	-70.88235474	-12.46185303
78.08798218	-203.11717219999997	-119.4279861	17.83364296	-56.08724213	26.20521736	-109.3098145	-118.08250430000001	3.843780041	-6.737253666	1.9700747730000001	52.01000214	34.97111893	43.60411072	27.76602364	-42.37800598	-76.29370117	7.560062407999999	-2.4803483490000002	-49.97249985	-21.89588928	-119.75260929999999	45.40200424	-13.352132800000001	1.816054106	-30.336067200000002	-37.8287468	48.06441879
-196.52937319999998	174.8332977	-2.97030592	55.64431381	-63.29219055	-83.08512878	21.45676994	18.32864571	19.32337761	23.79939842	-46.35300827	9.722783089	14.84202671	-119.19398500000001	-34.07338715	1.083835602	74.84835815	14.18225288	-64.03497314	2.772936821	23.750648499999997	23.23805618	-39.78656387	27.80834198	24.89167404	33.85242462	-19.37367058	32.29584885
90.3762207	-43.10081482	49.00863266	61.1701088	-28.13085747	-45.9028244	35.64171982	2.244795084	-44.51291275	14.00906277	-29.69288826	0.5504562854999999	-39.16767120000001	44.96458435	-7.4187011720000005	-61.04042435	-67.72798157	19.1739521	132.87522890000002	135.0265503	-1.466828346	49.01537323	121.7144852	32.67166901	-42.40273285	38.80845261	-22.02455139	63.1359787
-194.9215393	87.30794525	-42.73740005	28.67295456	7.143516541	-29.59453201	-15.44342518	-110.1708755	107.52478789999999	72.95993805	18.70603943	-26.68659592	-61.15945053	-105.8107147	-41.63864517	-57.26280212	18.33546638	103.45928959999999	210.42082209999998	164.00247190000002	-28.08929825	41.38144684	-5.794406414	-13.48671532	-82.08985901	-33.55191422	-73.47499084	-46.20352173
198.8984833	-218.9597626	36.32941055	-153.8362122	0.6649200916	63.484115599999996	51.66584778	54.70444489	-73.06479645	-118.18275449999999	-22.1154232	7.585385323	7.235956192000001	-44.18972397	10.52654076	2.139234304	-114.5624466	60.18831635	-104.53358459999998	-22.08246994	-37.01342392	-161.4461823	-112.58439640000002	-86.73667908	-13.527071	-33.82850266	-133.5890198	-42.24960709
-38.85380173	-36.31747055	-215.2690887	-196.2614746	-58.83733368	54.59479141	-13.60407257	-29.72055435	-93.84017944	-189.8533325	22.18898773	-25.31918526	1.884803534	1.943365216	102.9621887	21.39774513	-226.17713930000002	-307.9491577	12.46126747	-173.6300354	-69.84095001	-229.3399353	-122.49501799999999	-238.04115299999998	-43.83837509	-47.6586647	-305.2129211	-200.1203156
58.46819687	-112.01351170000001	55.87905121	-42.57123947	-134.9862976	-82.33540344	-95.88545227	-76.87831116	-13.25413609	8.310461044	-66.04887389999999	-32.96707916	50.56266022	46.87140656	-42.26769257	-140.3345795	44.55041885	77.97884369	-156.1342773	20.3745079	-20.396387100000002	-57.65537262	13.163127900000001	-11.08882332	46.68646622	37.61289978	-101.5709152	-181.3623657
-216.129715	-250.2378998	-98.044487	-195.32914730000002	-33.41134262	103.84689329999999	-103.3700714	115.0971222	-103.58326720000001	-148.33204650000002	-38.77534866	13.30013466	-76.31285858	8.58511734	-49.67409515	-140.2722015	-224.0383301	-138.9579773	-44.56051636	-119.2000961	-143.3924561	-116.15618130000001	-190.36712649999998	-81.85237885	-97.93235016	-51.4700737	-141.5121918	-258.3609619
64.59385681	-10.02890015	17.79877281	-29.53326225	-62.55752563	77.82680511	24.50131607	-79.75719452	9.764946938	-2.2196979519999998	15.52285576	17.01425743	-52.21779633	-203.5111084	50.33908844	51.90652466	44.29049301	63.49301529	64.7268219	-72.91427612	9.153705597	156.27420039999998	42.396541600000006	26.18028641	46.06758118	31.754152299999998	-49.66641617	-179.41456599999998
-117.420372	-153.83781430000002	-116.2835541	-73.32505035	-50.04669189	-75.38713074	-75.13922119	-212.53465269999998	17.13682747	3.8194324969999998	-37.13847351	-26.41378403	-34.49042892	-174.3599091	26.6765995	-147.5006561	-107.2599106	-155.7337494	-45.54150772	-32.86922073	-53.05511856	-42.77077866	-39.15213013	-9.620535851	-29.7466507	-17.16241837	-106.399231	-32.42311096
105.9570999	-132.3491821	37.50989914	-16.35074425	-51.27123642	27.07370949	-23.37098694	-3.771244287	10.63326073	2.494365215	-63.04637146	-43.74887085	-3.042768002	-20.90616798	15.73818588	-34.95426941	-16.22581863	40.84735489	32.04791641	103.1347122	18.95003891	-23.543449399999997	-1.829607606	35.823867799999995	8.153460503	-37.41932297	-116.25942990000001	-189.7755585
65.69767761	78.95808411	-49.26860809	10.38913155	54.673301699999996	-22.00355911	95.57069397	97.03533936	50.47475815	28.92217827	12.65131283	-31.97891426	-17.38703918	13.28111935	84.69521332	173.0792389	-5.434848785	81.1989212	78.12570190000001	57.77440262	84.61208344	113.42274479999999	-94.80942535	-36.50138092	-11.128518099999999	-18.19264793	-86.28811646	-34.36352921
80.21269226	-268.6530151	-56.26209641	-40.69003677	-88.92736053	28.62831306	-112.54627990000002	-26.95882416	-20.59778214	-102.32409670000001	23.64037704	58.72382355	-7.803763866000001	-44.78629303	59.75558472	-23.87865448	-42.0500145	6.353683949	-226.6658173	-40.57379532	-53.26243973	-58.42763519	-69.58019257	-86.32994079999999	-9.27238369	-12.76743698	-103.1092453	-98.69675446
-430.245575	237.3016357	-73.11034393	-75.24307251	-52.0617485	-1.661494136	-81.80474091	-24.68620872	-14.66396999	-39.75026321	1.323707461	5.557745934	-34.94286728	-112.56269070000002	-49.71049118	-54.33919907	-131.7042084	-115.74365230000001	-100.2260056	-65.39198303	-100.7710953	-97.86183167	-49.81383896	-126.0667267	-102.45477290000001	-92.74228668	-169.618103	-144.13595580000003
303.9760437	40.56005096	-9.822822571	-23.67504883	-63.70450974	-23.278368	28.8272419	-76.29103851	-18.06342697	-83.29118347	37.68086624	35.17859268	18.78866768	-10.07142925	32.66972733	12.12937546	35.31159973	66.34354401	166.2659607	84.28726196	-82.44023132	-79.79213715	168.2406769	1.01756978	-21.28629494	-26.08648872	-78.27540588	-12.3127718
377.7817688	-261.8742065	-17.65813446	-36.12226868	-41.81000137	-75.57121277	-34.00371552	-101.76902009999999	-4.000349998	45.27488708	26.03450584	-70.44271088	-44.07449341	-97.33129883	-4.937046528	-51.69260025	25.41799164	-4.220689297	17.39769554	72.79969025	-25.45533943	47.21191788	69.71453094	83.62859344	-40.49285126	-23.02692795	-40.41153336	23.65314865
-131.8056335	-142.7980499	21.39023781	76.22727966	-25.59673119	-10.08688354	-114.0838852	-42.76994324	-21.07645988	32.21027756	22.58108139	-40.85645676	-51.41469193	-85.01907349	-46.26152802	-100.5366745	73.88523102	62.31938553	-157.23397830000002	-33.03053665	-88.79022217	15.705163	157.3038635	72.20433807	8.04488945	49.53000641	0.33872407670000004	-119.70031740000002
416.2325745	-61.12571335	-65.52208710000001	-23.2580986	-57.09685516	-63.05597305	1.592181087	-4.2239584919999995	-35.73443222	-36.35266113	-25.2891674	-38.58433533	38.9968605	87.20313263	83.79804229999999	97.06156921	-123.81596370000001	-31.78739929	-294.4865112	88.09378052	-59.20587158	-66.40122986	-8.524619102	36.68586731	36.93304443	-13.04825306	25.66724586	-59.96754074
41.31615067	-52.02497482	42.97394562	44.43610001	-0.5318033099	-29.24381447	-70.70489502	-0.1311562806	16.00095367	-34.13295746	-4.779373168999999	-6.351503849	56.25550461	22.80811882	-37.99497223	-36.54330826	-19.63892555	15.221319199999998	-93.39044952	17.02260399	-84.11904907	-18.63051414	-4.4082570080000005	-7.7543001170000005	41.86683273	34.88454819	-22.16918755	-52.2748642
-367.8973083	-267.4311523	-11.02646065	25.34798241	29.22341156	-27.20290565	14.53240013	-52.23304749	-7.008917809	48.67737961	-13.24637318	60.42367554	10.18572903	-103.3813248	-40.887821200000005	-13.41923237	-76.24737549	60.63721085	-251.0414429	-42.65805435	27.16367531	60.42329788	17.30541229	7.465806961	-73.32411957	-3.455862045	-173.85116580000002	-94.24739075
335.2351379	-211.07588199999998	6.818277359	32.78448486	-39.65134048	7.797328949	93.9025116	8.371147156000001	29.87548447	20.17039108	-0.4911097884	32.9867897	2.636432171	-24.52290344	-3.225628853	-46.32486725	55.43458557	47.67420578	-143.87579350000001	-114.15148159999998	14.89782906	9.128994942	141.3802948	18.15695763	3.881046057	54.56195068	-115.74682620000002	-70.21475983
124.88543700000001	-165.28936769999999	-1.217002988	-108.93434140000001	-2.148153067	-30.25943756	-20.4856205	-40.70265579	27.42103958	-68.1411438	-48.98677063	36.98445129	-13.0561657	27.86117935	17.75455666	20.03328323	-72.15775299	20.49383354	-329.6501465	-179.826828	-54.98561859	-35.85861206	20.14964867	-106.73074340000001	-25.05625725	1.071470261	6.534597397000001	-38.63318634
124.2422638	-13.21442699	32.20728683	32.54523468	-71.91990662	-28.05961037	-90.27306366	-61.51477814	47.30042648	42.21806717	25.67240715	-13.8032732	48.25391388	33.84195328	35.68849945	-4.316668987	50.74836731	61.03844452	-56.49168777	91.2928772	49.71496201	22.52399063	-3.277652264	-16.88229561	1.4320188759999999	1.3984785080000002	-92.78398895	-46.16615677
200.6018219	-56.48168564	-114.45214080000001	-80.2509079	-24.93301392	-67.90129089	-8.717875481	-4.395538806999999	6.230098723999999	-30.28030205	29.77673149	16.31764412	16.18372345	28.49122047	23.77420044	-10.33129883	-121.88977050000001	-65.38547516	-97.54373169	-75.48647308	-107.20896909999999	-34.33014679	-57.94382858	-46.78194427	-42.78269196	-52.09238052	-40.40151978	-171.6784515
173.9404144	-88.32472229	-12.15588474	-26.73730659	-6.187623501	-17.17349052	31.17539024	-73.38008881	39.39964676	33.52326584	-26.01489067	-9.720673561	12.411907199999998	52.04760361	78.14403534	-103.8697357	-13.40122795	-26.05750656	36.25360489	-88.40564728	-57.25239944	-35.94594193	78.6889267	-8.911151886	34.59181976	-6.9398784639999995	5.026362419	35.42518997
-226.04911800000002	12.06223965	70.74661255	24.06957054	-29.16449738	-114.2926102	-78.4723587	-27.69165039	-21.75084305	-39.94530106	-21.40956497	-84.93419647	17.64152336	-74.04989624	38.55419159	-56.34912109	4.947231293	98.96434784	-48.20956039	63.35119629	40.06514359	44.87768555	-3.9328649039999997	-15.502711300000001	-51.36864853	-57.205928799999995	77.57697296	70.4924469
-53.14909363	-86.15629578	63.01187515	17.47311974	15.531186100000001	-9.58195591	78.15169525	-48.34101868	103.54119109999999	21.48555756	-6.379763603	19.01230049	50.69399261	47.64479065	127.6133499	60.74894333	40.94979095	75.65163422	85.19430542	20.65677452	10.65837669	21.50792503	51.48142242	-8.559744835	38.91385269	12.98768806	73.47798157	104.6762314
-229.2970581	55.76501465	25.30344391	36.2911644	-20.71230698	-53.25171661	-50.61678314	-29.76267433	13.83750725	22.92233658	-18.69766998	-41.08698273	38.55348587	10.72907639	-1.8039972780000002	33.40761566	9.40458107	38.23607254	-142.502243	27.50452423	7.39977026	61.95195389	-1.8871262069999999	-0.9675758481	-31.53554726	-21.8627758	21.54824066	59.58568573
-129.021286	15.34910965	-6.570891857	-5.875993729	-27.08347893	-19.53540611	84.07796478	-21.94409943	78.39546204	47.16505814	-9.571531296	54.62217331	-2.828320265	23.48836899	50.14442444	-62.04322815	-98.42744446	42.39435959	-191.0223389	-112.6842346	19.68052292	-74.68405914	25.46543884	-24.42177963	-28.50486374	0.6581063867	-110.14910890000002	-4.909411907
317.3979187	-148.6535339	-135.5768585	-135.3032227	-316.3075256	-167.1610718	-244.7313232	-339.1346436	-55.59711838	-30.75914192	-135.1016998	-43.65991974	-4.785699844	65.93399048	23.96661377	26.94997025	-63.32166672	-52.52312851	-457.964325	-215.6214142	-85.60093689	-117.35254669999999	-14.36442852	-18.23412132	-42.32159424	-85.83792877	-159.20953369999998	-180.7522125
164.611618	-50.99735641	-106.78095249999998	-70.54267883	-24.15582085	-50.41263199	9.916078568	-79.20193481	40.49271774	1.903483391	35.90567017	67.60540771	67.43543243	17.85477829	115.97409820000001	91.0825882	-144.0452271	-68.06172943	-56.93152618	-101.005661	6.97819376	18.69852448	66.26921082	-4.541467667	19.84031296	4.685266018	44.65077209	-27.70485497
-305.6502686	226.1176758	33.11851883	-54.36097336	-114.85733799999998	-95.32619476	31.75035477	-70.54412842	89.62730408	45.86680984	-75.65759277	32.71266556	-4.482694626000001	7.092423439	-67.20773315	-51.16450119	91.36975861	133.3676605	218.57289120000002	-134.2854919	-42.28413391	-58.78104019	-45.98180771	-27.96329308	-26.79752922	8.294859886000001	-43.89939879999999	-17.34184647
-396.7354126	187.35202030000002	-153.0993805	-45.77393341	-43.23125458	4.574343204	-196.3408051	-92.96694183	-79.05697632	-112.75708770000001	23.49245262	-21.097045899999998	70.3839035	32.44594193	7.979133129	-4.838668346	-163.6773071	-212.48237609999998	-71.3961792	-22.2508564	-13.77173615	-130.2141266	-41.90470123	-167.0654907	-14.13903522	-68.82731628	-134.28964230000003	-74.42080688
-235.23614500000002	164.5682678	-65.49413299999999	-1.313347459	-17.85744858	-101.2524261	-9.092799187	-43.47924805	14.93042469	-37.63612366	-11.3349638	51.85376358	80.09810638	-18.14813042	48.70046234	-27.36627769	56.01377487	122.8303375	-40.95001984	54.90472412	39.93090057	-102.8477554	25.63467407	-5.669689655	-20.93655205	73.93568420000001	-1.339569211	190.081604
-206.68460080000003	152.92428590000003	-97.66110992	-104.8671112	34.39457321	8.758886337	32.33034897	44.88367844	26.97575188	-75.48526764	71.3235321	84.7193985	65.88553619	6.180155753999999	46.96709061	28.45900154	-50.56274414	33.46908951	-125.3892288	-42.68614578	-13.54302788	13.77746487	-53.2110405	-146.94718930000002	-67.01104736	74.91944885	-102.41428379999999	-162.65370180000002
-23.43144989	37.10454178	16.15786552	28.25769806	44.36193466	55.59180069	-42.4197731	-40.49049759	24.52489281	-1.20481801	86.76245117	69.87797546	31.12861061	65.56177521	30.1068821	50.76740646	-57.51389313	-6.288141251	-210.1075745	24.46633339	-42.95737839	-86.77335358	148.6190186	84.98783112	76.62386322	78.38965607	40.72165298	49.08553696
-38.85380173	-36.31747055	-215.2690887	-196.2614746	-58.83733368	54.59479141	-13.60407257	-29.72055435	-93.84017944	-189.8533325	22.18898773	-25.31918526	1.884803534	1.943365216	102.9621887	21.39774513	-226.17713930000002	-307.9491577	12.46126747	-173.6300354	-69.84095001	-229.3399353	-122.49501799999999	-238.04115299999998	-43.83837509	-47.6586647	-305.2129211	-200.1203156
-407.6290283	77.18209839	-87.15324402	-86.77121735	17.13790894	55.37465286	-160.8612823	-51.73394394	-62.66992188	-31.82336807	118.8304825	51.44742203	33.35602951	105.73409270000002	100.4709473	14.84236336	-178.4963837	-89.82570648	52.712158200000005	-5.699051857000001	-153.56973269999997	-133.9452972	14.86573124	-110.2854919	-164.7390137	-69.30814362	-151.1802979	-174.437973
-283.31616210000004	279.634491	-57.16260147	17.41838264	-27.39186096	3.7270505430000003	-69.27267456	-114.35455320000001	26.02667618	-1.9802964930000002	-16.57950783	-147.0849762	-41.66969299	-60.8321228	-67.2342453	-115.1338959	-3.472714663	-46.37668991	-53.52635956	-38.71358109	-24.09314919	34.79690552	44.94971466	-34.98754883	-16.24078941	-44.74016953	-124.4529648	-190.3222351
105.9570999	-132.3491821	37.50989914	-16.35074425	-51.27123642	27.07370949	-23.37098694	-3.771244287	10.63326073	2.494365215	-63.04637146	-43.74887085	-3.042768002	-20.90616798	15.73818588	-34.95426941	-16.22581863	40.84735489	32.04791641	103.1347122	18.95003891	-23.543449399999997	-1.829607606	35.823867799999995	8.153460503	-37.41932297	-116.25942990000001	-189.7755585
-269.6608582	134.6278381	-58.8338089	-154.8728638	-30.90610313	4.401321888	-3.6037502289999996	100.0368958	-28.80146408	-49.76903152	13.42678928	30.15119743	21.06519508	59.42398834	-5.572579861	2.63700223	-46.76824570000001	-72.16188049	36.46223831	-123.6024628	-75.68545532	-152.962677	-46.36650848	-102.69672390000001	-99.67218781	-90.56242371	-104.7797241	-224.01554869999998
-82.77123259999999	56.90288925	-87.35342407	-87.71874237	-52.34003448	-22.06872368	-21.53903198	42.77663803	-30.12581253	-64.88221741	-59.63097382	-2.614078283	-9.077207565	-39.49688721	-22.09965324	-90.07233429	-51.7132225	-55.4445343	65.14269257	-119.1031952	-46.60986328	-61.71316528	107.32008359999999	-35.57035446	-27.51194954	-33.755294799999994	-159.4559631	-83.07622528
335.2351379	-211.07588199999998	6.818277359	32.78448486	-39.65134048	7.797328949	93.9025116	8.371147156000001	29.87548447	20.17039108	-0.4911097884	32.9867897	2.636432171	-24.52290344	-3.225628853	-46.32486725	55.43458557	47.67420578	-143.87579350000001	-114.15148159999998	14.89782906	9.128994942	141.3802948	18.15695763	3.881046057	54.56195068	-115.74682620000002	-70.21475983
84.72975159	-145.99324040000002	8.285328865	-95.1020813	1.01083684	-4.36419487	-13.26643181	-66.40035248	-64.60871124	-55.03822708	50.23025894	15.35736465	70.46328735	116.69461820000001	153.69305419999998	47.18104553	-340.6733704	-153.33734130000002	-214.835022	-114.0378723	-28.69096756	-73.74905396	-142.06642150000002	-84.86721039	38.34523392	-19.80914688	15.03387928	-115.6183395
164.611618	-50.99735641	-106.78095249999998	-70.54267883	-24.15582085	-50.41263199	9.916078568	-79.20193481	40.49271774	1.903483391	35.90567017	67.60540771	67.43543243	17.85477829	115.97409820000001	91.0825882	-144.0452271	-68.06172943	-56.93152618	-101.005661	6.97819376	18.69852448	66.26921082	-4.541467667	19.84031296	4.685266018	44.65077209	-27.70485497
170.3509979	-92.29599762	-32.08273697	-122.7942963	-29.93655586	32.81930923	19.20100403	-67.52285004	5.851835727999999	-73.82595825	42.47438431	130.6066284	54.55902481	15.49371815	56.67543793	135.22062680000002	-35.44494247	-1.7591784	-193.1395569	-151.5410919	-92.13464355	-140.0851135	59.06773376	-22.864566800000002	-43.25141907	34.29382324	-34.2328186	-115.56668090000001
