-221.10327149999998	44.50117493	-41.81919479	-18.50442123	-97.63555145	-182.3536835	-83.81390381	-140.3574066	-76.53569794	-56.90111160000001	-28.16993904	-10.2206955	-98.45697784	-50.07836151	-84.90514374	-104.0632172	-66.47535706	41.63899612	-163.4962311	-99.34541321	-97.22156525	-38.73881531	-52.07757187	-71.24230194	-45.67338181	2.347342968	-58.82561493
-224.1400299	-23.50348854	-123.57187649999999	-98.15025329999999	-41.0073204	-29.80345345	-69.37535095	-63.1460495	127.47576140000001	23.88466454	42.57810593	-19.50474739	-41.79301453	-31.45686913	-102.193428	2.471428871	-175.1423035	-49.46604919	-41.00506592	-41.84493256	-126.72533419999999	-26.31437492	18.53582573	30.88834763	-8.526137352000001	-59.09088516	-90.30935669
-254.0749664	-123.398941	-32.87413788	-36.15361404	-31.55481339	-42.49036026	-114.49443049999999	-46.13873672	-18.2311058	17.15146065	17.96410561	-52.81429291	-34.78972244	5.150861263	-65.9929657	25.8504467	6.904319286000001	-3.1892614360000002	-20.70631981	-72.22903442	-92.26179504	17.98722458	-1.88087368	-26.849199300000002	-67.30110168	-56.78049088	21.85676003
-331.30749510000004	-6.97534132	47.69829559	-31.34890938	-21.13721466	11.17775917	-44.19853592	-54.07839584	6.652450562	18.58285713	57.1319809	-10.27834988	-9.270277023	-20.92298889	53.83209229	71.71263123	81.81647491	85.61859131	-102.4231415	-22.92967796	-65.57500458	32.50443268	39.6853714	-6.40605402	-2.234108448	25.13936234	26.85234451
-27.17615318	57.66508865	3.410063028	-41.05466461	-18.10561752	-3.4701080319999997	-29.37781715	-36.394180299999995	-29.08806419	-13.80598354	43.9453125	40.20757675	-17.33008194	-2.384921074	-0.19816596809999998	16.45983315	-7.062339783	-18.22690582	31.26408005	-47.56767654	-74.62145233	-2.429401159	16.72850609	61.69131851	14.98312187	26.18347359	5.290863037
232.8712463	67.49733734	3.529386044	-72.52828217	-113.7952957	-85.72433472	-27.95921326	-76.04547119	-60.67515564	-0.4103632569	16.96971893	-36.35647964	-48.14865112	10.43073177	-92.51501465	41.49479294	-0.138929382	94.6468277	-81.36659241	-21.11679268	-20.97800064	33.05207825	51.21657181	-39.56109619	-45.91281891	-46.84038925	5.971540451
-314.15789789999997	-23.89156151	54.2831192	-41.43212128	9.091299057	-55.92432022	-6.056530952	-2.991424322	93.15023041	-1.5735634569999999	26.5477581	-4.049402237	-70.40969086	-52.44091034	-26.03928757	-8.14632988	-0.1708335876	-12.73892879	-115.3307571	-0.1378509849	24.41706467	-59.38934326	-24.78065109	-8.873753548	-28.47411728	15.53842163	30.37732697
393.31436160000004	112.55325320000001	44.868640899999995	-49.52743529999999	-8.551418304	-48.77319717	-17.59180069	-2.207531452	-47.13644409	7.884893894	48.92253113	90.78224182	-45.09453964	-14.57023621	4.9747605319999995	94.3715744	-35.85996628	-39.92998123	-42.52439117	77.2845993	97.37979126	-23.17842865	3.1631915569999998	-11.38453484	5.139145374	-35.43896866	13.62943268
-143.9950256	-32.51168823	-62.09325409	-8.251529694	-38.42499161	-48.39948654	-80.77701569	-72.97100067	48.183399200000004	13.81264305	-38.73489761	-86.27692413	-65.72920989999999	-55.21067047	-54.56492996	-50.92222214	-46.78559113	-49.67758179	-183.7506561	-106.76885990000001	-82.56843567	-51.88889694	-92.97633362	-9.623831748999999	-28.79817772	-19.43834114	-23.21476173
17.06570435	-35.11356354	10.94608212	-44.10235214	-51.37713242	-66.3669281	-93.73607635	-137.090271	21.49531937	-16.99998093	61.49145126	2.2313940530000003	10.74209976	-2.050979614	-77.28600311	5.457473277999999	-34.73686218	26.20619392	-12.51721382	-47.89540482	-87.83627319	30.67120743	-3.8382580280000003	-35.169071200000005	-4.873202801000001	-51.08008957	-80.39932251
-596.7863769999999	-23.37467384	21.9422245	-14.18187809	-147.9647522	-38.47925186	-70.58745575	-91.38009644	2.95660162	-27.51903152	-7.900303841	-44.75185776	-75.20320892	-38.67458344	-125.401825	-48.60030365	20.60835838	18.71395874	-30.35418701	-177.9748535	-192.5948486	-18.81322289	-10.60500526	-9.420361519	62.045421600000005	-38.20368958	-73.27462769
-142.6978149	-29.07910347	-11.36859322	-55.80358505	-70.96011353	-50.46086121	-41.55846405	-80.42425537	-142.6253357	-12.79914093	50.39070511	18.63615608	-59.602626799999996	-38.45288086	-105.5368652	7.721156597	-42.01787949	-33.15897751	-54.3922081	7.403980732000001	17.40408325	4.718166351	-8.314284325	-38.710418700000005	-60.04086304	-76.313797	-5.999888897000001
166.2711639	144.403717	-20.38633347	-46.69287109	-70.22842407	-84.03598022	-54.28926086	-39.67859268	-23.43977928	-38.18410492	-45.26296616	-93.32305145	-60.38310242	-31.57640457	-75.81332397	-89.41841888	-40.42637634	-30.85347748	-36.21022797	-0.49904790520000003	6.779798508	-43.03660202	-55.00841141	-63.67385483	8.637179375	-17.64512825	24.62388229
139.0338135	63.60081863	4.408240318	39.11696625	54.62125015	-56.94419479	-37.29312515	51.94014359	-36.90084457	-49.973628999999995	76.6727066	57.00309753	-61.69112015	1.8589150909999999	-30.78849411	138.8460693	-72.02427673	40.05864334	-84.89231873	122.81464390000001	116.593483	61.48731613	52.18997192	-46.45842361	-23.12811661	-14.71755028	-29.24456406
-9.064632416	22.94227982	-38.02762604	24.98758316	-20.09401131	-32.47378922	-27.77049828	-0.6504855752	-26.74251366	-4.871006012	101.58792109999999	69.09671021	-7.071578979	2.7412617210000003	-55.28315735	-1.9273413419999998	-30.14655876	-19.22245598	-4.205698013	92.85340881	68.50035095	-22.92551804	-38.74410248	-9.653846741	-13.05316353	59.45406723	-2.056321144
285.410614	-23.51897812	-172.2315826	-34.8754158	-57.80214691	-73.49929047	-92.09764099	-26.68058014	-206.6778717	-89.54387665	58.838428500000006	41.6545372	-114.35562900000001	-11.52555275	-31.63943481	38.12141037	-53.54484177	-21.35112	-137.1694336	99.13329315	16.87909698	3.849774361	-85.71455383	-24.54364395	-46.95488739	-22.21176147	10.87776089
303.9251099	228.90101620000002	-99.27674103	-91.05947113	68.63240051	102.6067657	-8.74549675	123.0098343	-262.3782959	-45.12294006	100.33377840000001	70.43790436	22.67584419	61.49961472	-25.8859539	-12.52226067	-93.57360077	-94.55123138	-5.600474358	190.7022095	150.341095	-69.83118439	22.61543465	41.41053009	21.707304	37.07065964	-8.508210182000001
292.53649900000005	291.60360719999994	-20.87303734	5.785189152	80.54409027	95.83093262	-12.21349049	37.87056732	-23.04682922	-46.00203705	56.20634842	-26.98396492	-34.38321304	16.15442467	-88.31362152	-29.90402222	17.66428375	20.24084091	-87.555336	58.14336395	56.74383926	28.06995392	-11.99353409	90.91780853	21.01943588	-43.3862648	-5.331804276000001
152.23106380000002	24.67780304	20.7487011	45.36693573	7.781497955	-49.41574097	7.625895022999999	-11.04418755	-30.68082237	8.970028877	83.21968079	112.25595859999999	-3.726882458	23.24112511	-46.97655106	-16.55110931	-15.68417835	-4.96025753	-24.89441299	-11.32685757	-9.930258751	2.912979364	7.928985596	22.28718758	18.87766647	-44.67517471	4.946098328
-285.46875	-232.715683	-59.11285782	-17.75908089	3.417407274	-34.08041382	-2.39710331	48.00559616	70.20141602	-6.862380981	-1.1567353009999999	-8.413700104	-20.24923325	-39.80344009	2.259558201	49.262744899999994	-11.06206417	-15.37401104	-134.3386383	1.329805017	-61.84112167	-39.45750046	-27.29503632	-78.80658722	-13.24883175	39.40692902	63.31542206
188.35952759999998	106.55342859999999	-160.5679626	-141.6771545	-89.30397797	-1.4495637419999998	-99.60747528	-62.48953247	-196.3166199	-53.37844467	75.30217743	30.83084869	-21.82701111	-6.449673653	-21.34713936	-41.23888016	-40.30416489	-26.62124634	-128.6194458	-28.49228668	-45.67390442	-50.44528961	-87.80874634	-16.40909958	19.83402061	-89.60414124	-127.08348079999999
-352.55273439999996	-157.38943480000003	63.21845245	0.04083953425	-78.44245148	-18.71920967	-83.93345642	-26.01409149	100.11711120000001	3.8080193999999996	63.89627075	18.66946793	-44.57870483	-26.78643036	-62.57446671	5.030761242	5.255423069	-29.08097649	-26.54366302	14.23678684	-18.64213562	-36.38618469	-5.232710838	-30.18329048	-86.23608398	73.65314484	50.17290497
197.9874268	3.454456806	94.13060759999999	54.15667343	98.91123962	-43.56151962	11.79530525	37.97278595	-53.72524261	4.611205101	64.49507141	81.9453125	-51.03713989	16.84791946	-20.44081688	170.0950775	129.3254852	111.57780459999998	88.2220459	164.5804901	182.9219666	61.239151	28.20907402	2.222900867	31.84644127	45.73957443	106.0349121
48.4115181	57.71051407	-181.6937561	-202.63261409999998	-80.4105072	-134.34980769999999	-81.57007599	-83.58198547	-66.82781982	-96.67204285	-96.56885529	-88.19808197	-153.6154785	-67.65236664	-143.58860780000003	-21.52197838	-78.54469299	-49.48416138	-135.3518219	66.68683624	5.934521675	-46.80053711	-119.54185490000002	-123.01179499999999	-72.10144043	-95.25927734	-36.5397377
-16.00171661	-52.17593765	-75.62295532	-89.07308959999999	-97.21914673	-16.25108528	66.26752472	8.653490067	62.38054276	28.33841515	-12.53001118	-106.4037781	-79.70239258	-44.05995178	-99.63983917	-36.23514938	-75.26306915	-25.46793365	-208.667038	-29.65362549	-61.37348557	-50.36803436	-51.31248093	-63.18261337	13.94267273	-31.89863968	-30.33516312
-231.7167969	18.06498337	14.43869305	-21.17126656	-44.38603973	-56.34939575	-58.99161148	-45.51077271	-10.30313206	-33.34835434	76.17552948	66.21429443	-44.42935944	-48.22818756	-72.26647186	19.33512497	-49.47678757	-15.59961891	29.02613258	49.477211	19.29546547	29.33610153	-10.48527622	-58.96011353	32.83336258	53.039554599999995	76.49628448
-190.9958801	-159.0665436	-16.35877609	-63.89558029	-52.77820969	-55.32207489	1.3400478359999999	-26.64652061	7.991008759	24.76942825	-1.3781317469999999	-39.40480042	-63.25721359	5.403897285	8.589189529	57.05855179	-32.92853546	-7.16872406	-128.1656036	9.274432182	14.67356396	-41.16805267	-27.31940651	-5.770962237999999	-13.76825905	-25.45319557	-18.65008354
-458.0871581999999	-275.2855225	-11.23918438	-86.85648346	-114.1703186	-18.24272728	-91.89260101	-78.39848328	131.6409302	-28.01262283	29.08076286	-81.82659912	-40.49278259	-40.73434067	-54.70681	-10.78951836	42.16201401	-27.03310013	-130.97926329999999	-53.50559998	-58.41411209	-6.608231544	-82.77857208	-45.97595596	41.03260422	-82.75205231	-49.83518982
264.7835693	288.928833	-115.77807620000002	-122.74232479999999	-34.50831223	-125.916214	-44.72943115	-6.814089298	-75.19406128	-23.09869194	-92.13022614	-104.61975100000001	-70.16286469	-38.2988739	-76.82270813	-77.2142334	-12.69591618	-45.8335228	-117.3979416	-63.72496414	-55.33591461	-46.35267258	-67.63079834	-54.17203903	-16.87964821	-56.22126389	17.45061111
-109.0083084	-111.7617493	-20.85840034	-40.10002899	-49.82801437	-47.42319107	29.30826569	12.04538155	24.38142395	-34.38634491	140.14555359999997	57.55681992	-42.05485916	1.51589644	-49.08842468	77.34797668	26.84834671	12.19502544	-68.74847412	-84.59950256	-19.14832497	63.60746765	-12.09403133	-20.64422226	-90.34919739	-14.37265778	-42.55307007
-199.46212769999997	-6.14184761	-0.5189217925	-15.90703011	-67.74802399	-69.01164246	9.359174728	15.56478882	127.81847379999999	-40.85904694	29.30173683	29.89580345	-45.90385056	-0.9176212548999999	-50.80198288	24.53273582	31.43340683	-8.187697411	-50.37378693	31.30413055	32.56164932	12.89767361	-16.18229294	25.0984745	17.57741165	64.15823364	39.2662468
-193.9612885	-283.23181150000005	-57.35694122	-105.0313034	-72.42060089	-61.05156708	-67.55397034	-88.38362122	117.37744140000001	68.4093399	14.70361137	-18.79094887	-51.81333542	-54.95794296	0.4886212945	-10.19434547	-76.97107697	-67.16516113	-135.0006256	6.48610878	-13.73269939	-22.72322464	-92.94638062	-44.48409653	-25.95508766	-48.82019806	-51.19270706
140.83866880000002	162.6897736	-2.68973279	17.30856133	-41.87388992	-74.90022278	-53.70134354	-61.15990448	-62.97034836	-22.13804054	73.75599670000001	-10.79565525	3.7520174980000003	-9.058576583999999	-81.56821442	-41.94954681	-23.09390259	-0.40212363	52.376296999999994	-81.61543274	-103.3797226	21.01716805	-62.53836823	27.73142052	59.66320801	-27.34882164	-15.84611225
279.4402771	286.7649841	1.7671188119999999	-54.04440308	-44.34088898	-0.2316760123	-31.78586578	18.25535583	-40.74782944	-40.03540802	-10.87650108	-8.971975327000001	-55.145114899999996	-12.37950706	-81.7715683	-56.99222183	35.08843994	-17.84586143	-208.9278564	-17.19685555	-60.28829575	-55.29827118	-83.33757782	-0.2973971665	34.48907089	-60.207355500000006	-24.73568153
42.19755936	78.35184479	-104.14675140000001	-100.71993259999999	-64.67790222	-38.29671097	-42.73054886	-20.58377838	2.763933897	-16.81702232	-40.466724400000004	-89.76430511	-116.5793686	-57.09542084	-79.68185425	29.16796112	-63.76563644	-55.26594543	-92.74637604	45.13894272	53.95982361	-31.29230309	-16.48509407	-99.48699188	-88.80841064	-20.17557335	-29.23180962
-93.81497192	-102.866951	-155.860321	-194.46850590000003	-106.25611880000001	-78.01925659	-97.89804840000001	-14.10968685	-75.09361267	38.73693085	13.81621647	-137.158371	-98.35964203	-66.0592804	-101.24906920000001	-8.636663437000001	-140.275528	-83.86904144	-158.7597656	-28.72789955	-70.21982574	-96.36697388	-77.44371033	-23.94304657	-28.79097176	-122.1366577	-40.573867799999995
162.73176569999998	145.3683624	11.57275486	-7.0087985989999995	-30.988527299999998	-141.3467407	-79.52329254	-66.57440948	19.307620999999997	-56.81724548	46.79002379999999	56.28856277	-50.09899521	-1.709799528	-149.638916	-20.80560303	-87.89593506	-45.07790756	-148.0444489	-164.3246613	-165.55337519999998	-38.05893707	-50.60993576	-19.64990044	5.057943344	-58.62977982	-55.87585449
-329.8785095	8.018059731000001	10.48000622	-11.62224007	-135.76808169999998	-118.1657257	-73.42941284	-38.19179535	136.362915	-25.95662308	-1.872840285	-6.053282737999999	-36.59645462	-24.50700951	-81.29385376	-75.80532074	3.223579645	-2.276443005	-56.74790955	-136.02783200000002	-36.41452026	50.94304276	-30.41274643	-27.29924774	-28.77530289	-20.95837402	16.48677635
1.3463943	94.31109619	28.83412552	58.45576859	57.39760971	-71.44424438	92.66860962	-26.497377399999998	-169.7029572	-75.96094513	79.32155609	204.1025085	57.04814911	54.29782104	40.98060989	152.64138789999998	2.33474946	-58.49523163	156.6542969	69.2622757	52.54410553	5.166495323	50.887043	-24.54399109	80.38857269	105.53621670000001	-61.59052658
-68.78636932	-57.3163681	-39.14326477	3.0709342960000003	34.29822539999999	58.3288765	46.70427322	102.90214540000001	75.12948608	63.34070587	96.71416473	33.04431152	-19.00854683	-8.787729263	31.93807411	93.18814087	87.2942276	-14.47394848	53.82004547	25.50972176	64.5163269	17.84567642	-19.31437492	91.05762482	32.15630722	46.66657257	-19.22738266
-263.2254639	-64.3218689	8.406195641	-31.05942345	-117.65718079999999	-37.98760605	-91.29934692	-110.2486649	-2.0968050959999998	34.34365845	47.05196381	-48.09751129	16.15246964	16.14836693	-64.46479034	11.36215687	-2.7151541710000004	-9.727003097999999	-52.66417313	-172.4928131	-177.464798	-4.617463112	-1.5217477080000001	78.29549408	31.38553238	15.82232285	-121.5294647
-16.01355553	-32.07862091	-16.57705879	-81.89380646	-37.64656067	-5.229520798	-33.13623047	-22.90110207	-24.347539899999997	-20.72846031	98.38864899	14.12729931	-41.66238403	-51.95472717	-88.55248259999999	74.26829529	-64.22774506	-0.0602995865	1.580161691	13.94429398	-41.44000244	42.87042618	-2.80488658	5.778684139	-74.79382324	-74.72467041	-83.30371094
-433.28396610000004	-302.29388430000006	2.7983181480000003	-5.236026287	9.848778725	9.124833107	-0.6383364797	-29.32876587	77.72145844	35.78596497	57.29734039	-47.1020546	27.46166611	6.610569	-38.25720978	9.754901886	-18.083290100000003	-65.64151001	-142.2805939	-175.8151398	-16.35270309	-54.24938583	-78.58818817	2.669624329	-39.22000122	24.98711014	-33.91775131
224.56987	96.50145721	1.525898218	-63.32592773	-42.88903046	-7.262783051	-56.38129044	13.5138464	-6.506383419	-31.35775948	24.93829918	44.79751968	28.39411163	45.15572739	-21.53170204	33.07511139	-49.70275497	-7.981873035	-27.99430656	97.93679809999999	-4.467872143	13.64605045	45.75463486	-69.7591629	-5.4586462970000005	-31.99103737	1.269328475
442.26956179999996	178.88296509999998	13.97523212	30.25888252	-5.673893929	44.900383000000005	-32.32913971	15.67656994	-92.90110016	-5.79046154	4.875972748	25.36216164	5.061752319	2.234320164	-99.52925873	94.38663483	10.44641018	10.12429523	32.36654282	151.9907227	96.52578735	10.74529743	2.969971418	-52.42498398	-22.16788673	-50.01091766	18.631151199999998
212.2306671	254.66714480000005	-46.84095001	-47.25429535	22.14893341	101.2109833	7.222886562	-34.76756287	18.87249756	-32.18793106	70.46492004	-27.47308922	22.5770092	8.472949028	-9.34866333	-41.90053558	64.0524826	37.70497894	-84.49509429999999	-20.18521881	-41.91027832	-54.34349442	-106.9926071	55.84651184	106.60570530000001	-34.50074768	-45.44264984
-261.42233280000005	-111.7161179	24.30518723	-15.82956791	-69.31273651	27.59531021	-64.84172821	-45.44126129	100.16439820000001	-24.71891785	36.07247925	-10.6518116	15.47721863	-12.53837967	-76.74327087	-40.43068314	63.40296555	49.43805695	-25.18540955	-117.3611603	-65.81947327	-25.06860352	-46.94857788	47.19709396	-13.01635456	-31.59190178	-3.095356464
-392.67663569999996	-234.99769590000002	-75.57194519	-128.8759918	-15.39260101	-57.57284927	-16.92204475	-35.61655045	99.27614594	24.65455055	-6.2887425420000005	-85.42794037	-50.72237778	-67.74767303	-39.56719589	-5.2509036060000005	-18.69668961	-112.99398799999999	-30.48593521	-29.561592100000002	-2.259823322	2.7229425910000002	1.127601981	-19.44148445	-21.20464134	67.69258881	46.7025032
430.51184079999996	275.33032230000003	-43.77177429	-20.04759026	-24.29763412	58.12635422	-0.36893624070000003	7.154326439	-286.0426636	-30.64754677	61.33747482	-14.54738331	-3.061942577	25.90487099	-23.54186821	9.430323601	-17.19210625	29.92523956	19.58681488	111.9697723	33.57051468	-33.03384781	-57.22549057	49.29441071	46.76354218	-69.64811707	-62.97102356
