-29.86843681	-91.13143158	41.82843781	55.72689438	10.1351366	4.757621288	4.155315399	-57.907676699999996	-25.4442215	-27.32056999	37.59627533	86.69937134	60.03388977	-35.93421555	98.25836945	115.72965239999999	128.8256836	89.37747192	-39.5077095	-108.1263428	-7.097549915	-19.42536926	31.15872002	36.43004608	45.53956223	-18.81775856	60.01099777
49.40039825	32.06457901	-11.77113152	6.395797729	23.33331871	-27.41605759	44.47424316	-17.16615868	-5.517847538	-43.88467407	54.62028503	124.45139309999999	38.09532166	-66.64427948	44.90279388	30.23105621	79.25152588	94.29470825	5.973256111	120.52024080000001	70.76457214	-21.04178047	43.5382309	29.18840981	10.82408524	-45.884265899999995	-19.40433121
-65.73856354	110.57743070000001	80.94491577	-16.02350807	-25.61657333	-11.60527992	4.33617115	-18.87075043	6.959259987	-9.487548828	80.07759857	97.19944763	57.07906342	-29.64664078	52.11370468	55.20148849	53.64710617	44.78692627	21.32368851	132.7821808	-29.12956047	-54.77139664	-4.84104538	65.45608521	35.54211426	-10.28750992	8.146166801
188.9615631	-20.0664711	-24.17189026	8.941585541	-46.04205322	-22.33357811	2.294570208	8.063584328	-40.97583771	-28.56802559	79.9655838	161.8358154	18.22325134	-47.29936981	104.9486084	124.7697601	72.60590363	61.68339157	23.91390228	-95.9944458	-88.40745544	-28.988527299999998	52.42678833	2.8915548319999997	19.81043243	-19.77747154	-42.10882568
-281.641449	-123.42074579999999	34.58088684	-41.10458374	-9.545539856	-9.859733582	-50.96781921	-221.6525421	-47.66782761	-21.35985947	54.09375381	49.53493118	23.88998032	-66.25311279	51.84871674	67.25006866	85.34993744	47.26967239	11.45970726	-39.00361252	-133.3847351	-26.27866364	17.97904015	-15.612164499999999	-49.35241318	-47.1614151	-61.645504
21.22716713	40.10920715	80.81285095	67.10041046	47.38464355	-36.27561569	27.67630768	14.89455318	-53.75448608	-57.2518692	44.03059387	227.1487122	103.0469131	-33.61920929	148.2527618	103.7693253	180.425415	233.1873932	76.370224	93.73613739	-33.39345551	29.53277779	49.15082932	5.544675827000001	-2.186177254	-22.76483345	2.659313917
-139.4236145	-109.2515564	14.97413731	-9.43309021	-0.5432938933	-10.61343193	-58.15861893	-111.9775314	-20.9269104	14.42722607	125.67014309999999	168.33346559999998	53.10482788	-33.39980316	22.01861382	-43.57157135	27.42667961	107.96147920000001	21.89899635	-0.6711114645	-157.02984619999998	19.95848656	-17.82556725	39.20606613	51.44567871	12.93928719	-40.81447601
-34.24341202	19.62675095	-24.62066269	-38.58686447	-8.833246231	-15.275981900000001	-0.2378829271	-138.35058590000003	-39.79542542	-44.55607986	-83.01293945	-0.9793863893000001	24.39140701	-78.94156647	29.72853279	-56.00566101	24.80952072	27.85937119	10.89528847	71.6889267	1.4073749780000002	-22.40872002	16.9840641	-78.32776642	-10.64199257	-76.09342194	-14.01889801
138.038681	72.622612	108.9665604	142.709549	63.57246017	4.26322031	35.35437775	74.86865997	16.34560394	31.78792	32.23366165	98.57097626	67.5907135	-36.85165024	77.37613678	105.4633179	124.9278259	100.6038589	43.04570007	-53.99159241	-3.4269890789999997	-4.27371788	-0.7048608065	59.99053192	45.17794037	99.84348297	39.99705887
-254.6508636	-104.61745450000001	4.308455943999999	-23.93855858	-85.39933014	-60.60544205	-51.72771072	-105.3348618	-52.67885971	-9.537538527999999	38.73740768	94.70258331	46.97771072	-16.11693001	60.03321457	63.898723600000004	57.82854843	122.64212040000001	84.04550934	-82.03871155	-114.37464140000002	-10.13829994	7.452875614	2.727437735	21.86612701	-57.18941116	-9.156400681000001
-290.8313599	-136.71952819999998	-57.48857117	-82.06945801	-74.44441986	-68.18064117	-93.03042603	-135.1234894	-19.89272118	-33.57050705	-51.41112518	-23.59714127	-31.56910706	-62.88927078	-19.89406776	-86.34484863	-97.94580078	-75.34020233	-59.8494072	-122.78237920000001	-107.4824905	-46.61651611	-56.47106934	-1.6074141259999999	18.08129883	-77.59723663	-40.20925903
9.844165802000001	-32.30863953	17.22065353	-0.9154809117	8.251173973	-11.25182152	-22.4918766	-70.53920746	-53.45798111	-15.53147221	25.35773277	108.89058689999999	31.78040123	-61.44394302	33.92494965	25.22614288	52.42404938	164.0209961	8.461606978999999	-20.57556725	-38.0728569	16.69038773	-1.490292311	10.74745083	-10.75357246	27.1922226	-63.19778442
30.62540627	116.2286072	32.11359406	54.13627625	-79.97564697	13.96170044	-69.64910889	-28.32950974	-19.08628464	-1.78728807	96.69841003	142.49221799999998	65.73878479	-25.98881149	11.13743401	92.97692871	121.21282959999999	142.0721588	-9.586686133999999	71.38568878	6.686791897000001	-15.58176422	40.7821312	6.342878342000001	29.07967758	-11.08698177	10.1407299
-166.25119019999997	-191.0313873	-53.46607208	-33.106884	56.3729744	15.99256516	-42.5447197	-174.76274109999997	-12.96833801	-1.345077276	82.86938477	183.9931335	72.55619812	24.03200722	34.63328934	50.792202	107.91760249999999	120.2756882	41.23107529	-29.13310623	-62.1308136	30.04384995	11.95398903	53.91436386	35.91388321	8.783697128	13.7944622
-206.48513789999998	-109.6037521	-3.342044353	-59.11021805	28.46264076	30.86632156	-27.27024078	-184.36820980000002	-64.97840118	-66.80334473	-82.22182465	-19.94437218	41.73641968	-65.70315552	-8.551054955	-37.39920807	115.2212524	77.72718048	-19.33409691	-20.60681725	-113.8011627	-3.435995817	13.35253239	7.223381042000001	-44.76295471	-26.99203873	-57.80574036
-168.0571747	-151.1820831	-29.85713577	-68.23229218	-55.55325317	-40.89307022	-73.87073517	-169.34758	18.77092552	0.496234268	62.462417599999995	136.3560181	34.79153442	-89.13765717	40.27956009	117.83908079999999	89.32067108	148.83840940000002	46.36330795	-29.68958473	9.550790787	0.7526327968000001	35.70203018	-5.6270546910000006	-46.66321564	-71.57076263	-2.629062891
-24.96094513	-16.35609436	21.65665436	48.07816315	-35.53342438	-44.97426224	-4.953911781	-52.97951126	13.88737392	-16.12899208	-2.05741477	148.8887939	47.00385666	8.483566284	9.757019997	90.96138	87.22554779	113.67173000000001	-9.155424117999999	-41.14089966	-46.55818558	-12.17364311	11.32419014	51.95226669	37.19411087	-50.61985779	15.94348621
13.61055565	-29.83473969	85.04343414	99.70429993	-23.353715899999997	18.35446358	5.432789326	54.78155899	-19.70781708	-10.98756409	5.3589553830000005	69.44129181	28.94497108	-16.44840813	27.20547104	-45.21868515	125.27915949999999	164.9746704	24.07570267	-39.49184418	30.241355900000002	50.50139236	33.243640899999995	-5.033010483	17.84069824	28.58941269	-23.83023071
-66.68565369	-78.10744476	-13.89285278	-13.74202061	121.08735659999999	54.13584518	35.05350494	-96.83546448	-19.3279953	-22.99008369	76.93197632	97.14854431	85.70565033	28.69853783	70.37689972	107.77864840000002	-13.77966595	89.44865417	52.25606155	-31.69353104	-81.66233063	-35.12970734	16.32452583	93.96104431	43.15499496	38.4500351	-23.70927429
-84.88332367	-67.85941315	-2.061726809	59.1444664	-23.388393399999998	43.11259842	-39.72026825	-101.5456467	11.44142342	42.50374985	98.9828949	76.07637024	80.87312317	-42.51075745	-59.44933701	29.90392303	166.09376530000003	174.6777496	-25.36993599	-12.66333199	-40.34236145	-66.7966156	-5.507422447000001	-34.6150589	-22.74588585	26.616668699999998	-55.649917599999995
74.42129517	-18.48257637	82.07565308	10.50805187	33.73543549	2.707517862	-35.20576859	-5.603797912999999	10.31877518	-40.08525085	29.62410736	95.33978271	59.8915863	-69.02596283	90.27621459999999	60.36137772	126.5223618	153.211792	9.15165329	18.4679203	-46.1125679	14.41199589	-39.45915604	-5.860417366	19.02417564	36.75421524	29.98104668
-71.83109283	-115.8628693	-1.559354067	25.30982399	-31.66988182	-24.23277664	-69.99378204	-122.88809199999999	-4.070115089	-13.59068871	-20.05448151	175.2430878	91.10429382	-26.59462166	31.66534805	7.2808971410000005	155.7542725	96.94929504	25.1296978	32.13303757	-36.80378723	45.98534775	97.991539	-0.4161948264	65.45836639	-47.45177460000001	5.293517113
-142.0515594	-92.66520691	-34.45282364	-33.63609314	30.61067963	56.37173462	-22.71351433	-79.17964172	-54.10564423	-14.94365025	79.008461	156.0808716	35.36272812	-44.22869492	-94.90452576	-42.84647751	49.65992737	104.3942719	-30.62915421	-112.99745940000001	-14.24275303	-17.21795082	-60.49121094	-33.64865112	15.30690002	-0.2651932836	-37.73443604
64.48044586	-24.59803581	-38.55482101	-114.18885039999999	-52.44906235	-112.00614170000001	-104.90534209999998	-49.65827942	5.959158897000001	-32.79924393	40.40501785	64.60625458	-4.311259747	-43.16075897	-25.43158913	-67.38903809	2.243222952	79.40929413	43.57582474	-148.4592743	-90.58351135	-11.78721809	0.6146222353	35.50531387	-59.50337982	-48.04012299	-85.09147644
-89.78334808	-7.558917046	-57.69124603	-53.59073257	47.88844299	48.00963974	0.04405487329	-80.11986542	46.01068115	0.7904028893	102.5583267	227.15835570000002	50.66307068	-67.84791565	59.22814178	142.2479401	46.17578888	74.67206573	32.58455276	-29.47801971	-72.50538635	1.938733101	-1.751070023	-12.78120899	-32.2438736	-14.35841465	-42.81482697
-19.58671188	-40.23302841	22.86450195	-18.38957024	23.15563774	35.07740402	-16.64528465	-20.19804192	23.198738100000003	-21.97912598	42.92394638	222.31311040000003	31.41320801	-83.90103149	48.40711975	117.1920929	53.59714127	152.951416	13.00823116	9.135825157000001	17.64317131	4.7335009569999995	-8.025777817	9.38160038	-24.59472275	-18.75071526	15.09642887
-136.02313230000001	-31.37025261	23.800741199999997	-6.808217525	6.008900642	-2.75907588	22.65757751	-61.68275833	-48.45017624	-47.23005295	-15.39841461	26.80361938	12.20898724	-91.71412659	-24.01599693	59.47681046	-1.72078228	57.77737808	-48.68801498	121.0899048	21.38268852	-21.43485832	-31.22321129	-65.79450226	-42.67970276	-6.991004467000001	-4.162650108
-157.1530457	-148.2835388	-90.63352966	-117.053894	-119.83250430000001	-34.33947754	-139.38313290000002	-122.5644608	-8.37748909	-14.27767372	73.46100616	122.78887179999998	-40.22353745	-124.8894119	-71.11152649	-146.2082214	-74.86907196	-42.44812012	87.20035553	-64.16769409	-86.16887665	-40.57517624	21.89068222	-46.33667374	6.255495071	-43.44429398	-116.7580719
46.44090271	-105.82414250000001	52.59538651	2.050116062	-25.71522522	-6.922136307000001	-50.02855301	-13.93590641	5.021067142	-7.63671875	71.44109344	147.81130980000003	45.06892014	-52.62731934	45.71624756	248.16935730000003	163.5906982	70.83210754	-29.56107712	-13.7340126	-12.9906826	22.31824303	50.00645447	41.63351822	-8.160028458	-17.17121124	-0.04632191733
-92.19584656	-25.49836349	25.31709862	-18.82620811	-8.613506317	17.097072600000004	-26.77526283	-25.35540199	-3.3795630930000002	51.95780182	173.98542790000002	240.8126068	57.97792435	-39.01828766	-34.35070419	169.8591614	137.2358856	160.068985	11.36454201	59.49843216	-12.043461800000001	-45.51651382	-38.45302963	-63.32955933	30.93185806	-25.7585125	7.577188492
18.425767899999997	18.34579086	13.22018814	-29.948583600000003	4.207362652	34.81917953	40.61380386	-64.39806366	-43.36364746	-23.02354622	69.28340149	145.16651919999998	46.18343353	-83.81067657	43.32235718	22.82439232	113.3459091	121.0817795	32.07173538	-19.18751335	-52.87286758	24.07946968	1.805791497	-6.377697467999999	43.29909897	-9.338968277000001	4.355649471
-255.1243744	-139.3871002	2.272739649	61.98175049	-83.80580139	18.53313828	-69.1572113	-137.7938843	35.22246552	7.995676041	14.96417332	123.3628006	12.56318283	-59.07824707	7.20567131	88.90646362	43.89686966	77.42183685	21.14771652	61.74575424	10.30907154	-14.59345436	33.33316422	4.255561352	-37.40713501	-18.4657135	1.928189278
51.603302	60.63656616	10.43428326	-13.84189987	-31.69815063	57.95045089999999	21.32928658	34.49477005	1.24317956	43.162765500000006	153.4020844	300.4867859	52.88446426	-21.58690643	-48.54745865	94.40161896	55.26494217	72.17321014	11.56221867	48.14610672	6.796459197999999	-14.53485298	-29.11986351	30.27994728	68.10063171	7.951663971	-35.47306061
-208.01136780000002	-141.5015106	-45.49047089	-40.85871124	-69.37773132	-35.54974365	-61.64360809	-74.21689606	-9.996346474	-31.77923393	32.13898468	126.21936799999999	47.82022858	-99.62956238	-59.63329697	47.86019516	63.4161644	119.2049179	-24.45512581	10.26671886	-58.39824295	-30.99452591	23.20088005	-87.84354401	-25.60425758	-58.34721756	-87.00429535
-200.8246918	-102.2805023	-85.87802124	25.40662956	-66.89393616	-3.284559965	-113.18268590000002	-120.10997009999998	36.16707611	20.27081871	70.26216888	62.84444809	8.820918082999999	-102.28788759999999	-40.99343872	23.51605606	30.98491287	6.13770771	-27.57086372	-43.7586937	-117.1739044	-70.38777161	-2.9364244939999997	34.83827972	31.67782974	-14.21227169	-22.46673584
-82.50970459	-29.49698257	23.42404366	9.141824722	-28.74797058	32.10477448	47.29061508	-13.03166294	-8.480025291	-17.91051674	56.49901962	115.45329280000001	42.20483398	-54.196609499999994	-23.16698647	14.38410187	128.9633026	137.6010284	-29.92787552	-59.16007996	-31.86751747	2.892703533	21.92144394	-26.92695427	-4.037042618	0.0037414771500000003	-12.33755493
-146.6976624	-67.70282745	17.81833267	-8.77701664	-8.073858261	37.04860306	-51.08093262	-81.99836731	-19.33337784	-7.792821883999999	66.14992523	205.43682859999998	78.26197052	-35.3793335	137.1274261	198.5703125	116.04947659999998	166.2510071	36.80558777	89.92707825	-35.2147789	23.50011063	24.6493969	13.65225315	-12.31444359	-17.43041611	-4.932318211
37.94577408	38.34070587	-67.29327393	-52.64712906	-46.7041626	6.3848443029999995	4.12399435	31.65570641	42.50760269	1.0104155540000002	33.37680435	224.1876221	-11.50051594	-78.4701004	-71.84700775	29.90740967	-30.79358101	38.12529755	7.834674835	15.79351425	-37.35617447	-12.05381107	-12.06021404	1.6332831380000001	4.097794056000001	-23.9146843	-6.0939340589999995
-37.05073929	-28.22306824	53.69138336	-23.48105431	12.72986794	1.6224281790000001	37.52495193	-11.99776554	-12.22929382	5.099432945	138.0772705	295.16705319999994	69.79649353	-67.70304871	2.762625217	154.4259644	170.9498291	115.0768356	-7.763952255	-14.47456074	2.472477436	-9.150108337	-8.972018242	-8.163162231	15.08433342	-42.39433289	-20.71531868
-85.17932129	-130.6998291	44.78018188	-36.3805542	-36.71324921	22.57259941	-44.58765793	-154.3356628	42.96291733	51.41915894	50.38498306	87.05194855	68.40613556	5.080959797	54.44067383	91.4093399	100.90508270000001	82.6723938	20.26241684	47.85914993	-25.57488632	38.59211349	32.53159714	20.9652195	57.71241379	-21.532262799999998	-0.49936875700000005
-119.76539609999999	-140.4174042	44.76645279	4.622117519	-8.623807907	33.42588043	-96.52482605	-122.28134159999999	13.79654217	-76.38088989	0.3273658752	76.34854889	34.60268021	-27.22581482	32.72729874	-9.251127242999999	76.87627411	142.58712769999997	-73.72413635	-122.9403992	-78.68319702	1.499973416	31.00732231	-39.64073181	-36.85931396	-2.512579679	-20.87214279
-33.82991409	-51.91414642	91.38811493	-13.75114727	1.284534574	29.70444679	-45.79045105	-33.60742188	-4.323882103	52.20754242	109.09461979999999	214.0416565	57.98664474	-41.75825882	17.01459503	142.5521698	129.20304869999998	163.3079376	10.74210262	60.34238434	-31.19276428	-31.79316902	6.453094482000001	5.494738579	-2.97804451	-53.46431732	19.20933533
-152.8345032	-38.20636368	39.34935379	15.69895554	-28.25292587	49.01094818	-10.692483900000001	-55.63264084	-28.56034279	11.02755642	48.17163849	103.1863403	43.5680542	-51.74065399	-46.14979172	-10.4002943	33.11616135	23.66809273	-4.767973423	-21.7565937	-42.1113739	-18.67345619	29.21228027	-23.3887825	-30.56929398	-62.97136688	-54.84869385
-51.2828331	16.00731659	37.27955627	-6.653060912999999	-27.14779282	88.84872437	-65.03723145	-65.43125153	-18.58257484	-36.98161697	74.07320404	217.74822999999998	20.75793266	-128.35839840000003	-46.36471558	19.41828156	115.6135101	66.85965729	-57.77843094	79.23287201	32.8244133	-37.29312897	-1.089884281	-43.02093506	-40.33542252	-9.586677551000001	20.139328
-74.15995789	-56.4617691	97.44312286	-19.86567497	63.02975464	41.49583817	-10.85688591	-21.71170998	-29.40764046	45.28922653	140.8573914	270.85665889999996	20.01154137	-51.61717224	-41.41085052	28.01129723	121.3650513	137.2795868	-12.52033043	39.71647263	3.552783489	-29.57021332	-42.33535767	8.470336913999999	-19.259708399999997	4.690783978	7.536297798
-97.75331116	2.169173717	11.29619598	-5.094881535	-54.69993973	14.26216125	-7.8806390760000005	-108.4170837	-65.84548187	21.69216156	13.16173744	76.5402832	62.96825027	-60.70743179	-19.86482239	48.73801422	-32.12713623	64.39862061	-12.18556023	-100.1921005	-64.12095642	33.55539703	113.5619965	-48.80592728	-15.92425346	-3.266641617	-9.589256287000001
-81.72924042	-119.5550919	-34.27577972	-22.5290699	-56.60466385	-18.91033173	-67.77382659999999	-134.10176090000002	-1.37466979	39.41265869	74.83881378	172.4368744	42.4709053	-49.08037949	24.12364578	-8.124354362	65.89728546	132.90101620000002	3.430852413	9.540477753	-58.14876556	-31.99565125	-31.02989197	5.398897647999999	2.5437469480000003	-38.23886871	-37.65629196
-62.06084061	-65.64762878	-30.53361893	0.1508966684	43.54921341	10.45036793	25.20282745	-12.77090931	-81.80857086	0.8981986642	47.996315	136.98599240000001	26.68566132	-54.24686813	76.93679809999999	34.52947617	91.8710022	103.0776825	25.02295876	-151.8285065	-38.05505753	40.69815445	4.941456318	-15.22037792	-21.73904037	-17.92433357	-22.51705742
-17.63130188	-2.484939814	83.3815918	26.88546944	-20.41998291	-8.712532043	-5.993714809	-80.48202515	-23.3603096	-74.62288666	32.89584732	77.63365936	6.163331985	-58.79690933	19.89894295	100.23232270000001	28.07329369	143.348175	9.869417191	-46.77627945	-40.50544357	-50.71110153	4.412197113	27.56665039	-49.70975494	10.46830082	-43.31062317
31.70123672	-21.38743019	138.2363281	71.03973389	25.96357727	-9.670250893	-9.134578705	7.108466148	48.07677841	55.85009003	98.44602966	188.5437775	45.56595993	-33.46035767	7.066417694	136.86308290000002	4.8307199480000005	85.44576263	20.17404175	-9.507369041	-2.6857495310000004	-37.70981216	15.49172688	13.64652729	32.59974289	32.9365387	9.827863693
-221.37791439999998	-67.27635956	-61.41944885	-113.1234665	-65.17822266	52.09289169	-83.13291931	-118.26242069999999	-88.62728882	-62.08053207	94.84695435	192.7840118	39.12639618	-82.28412628	-110.75441740000001	-18.64394951	13.79661179	128.5113068	-59.55672455	-14.37222958	-69.35318756	-62.20103836	-32.06752777	17.77917862	-84.42829132	-36.37335587	-67.33125305
-265.5144653	-235.7701874	53.790359499999994	67.12966156	-34.96701431	-45.28580475	-98.52062225	-167.4199829	-21.99848557	28.32380867	15.87058449	73.9129715	40.86195374	-75.72151184	-50.48223877	124.38821409999998	64.29633331	172.7863159	-94.29980469	-163.7036133	-82.24871826	-55.07974243	-35.09078217	-29.93902206	-59.40014267	-45.44888306	-40.37677383
