-17.70625026  
-9.324852332  
-60.34482877  
47.38012676  
-3.231200264  
6.800327011  
-94.06729216  
10.01333996  
96.51329781  
-56.6674165  
68.64158379  
-17.70625026  
-9.324852332  
-60.34482877  
47.38012676  
-3.231200264  
6.800327011  
-94.06729216  
10.01333996  
96.51329781  
-56.6674165  
68.64158379  
-17.70625026  
-9.324852332  
-60.34482877  
47.38012676  
-3.231200264  
6.800327011  
-94.06729216  
10.01333996  
96.51329781  
-56.6674165  
68.64158379  
-17.70625026  
-9.324852332  
-60.34482877  
47.38012676  
-3.231200264  
6.800327011  
-94.06729216  
10.01333996  
96.51329781  
-56.6674165  
68.64158379  
