-30.02292662  
-167.730925  
68.20712648  
-26.25623686  
-43.04715042  
-51.55311254  
-62.94125175  
-24.77588365  
-99.10709702  
-33.97641708  
-31.52242513  
-29.77007617  
-49.53124557  
-30.02292662  
-167.730925  
68.20712648  
-26.25623686  
-43.04715042  
-51.55311254  
-62.94125175  
-24.77588365  
-99.10709702  
-33.97641708  
-31.52242513  
-29.77007617  
-49.53124557  
-30.02292662  
-167.730925  
68.20712648  
-26.25623686  
-43.04715042  
-51.55311254  
-62.94125175  
-24.77588365  
-99.10709702  
-33.97641708  
-31.52242513  
-29.77007617  
-49.53124557  
-30.02292662  
-167.730925  
68.20712648  
-26.25623686  
-43.04715042  
-51.55311254  
-62.94125175  
-24.77588365  
-99.10709702  
-33.97641708  
-31.52242513  
-29.77007617  
-49.53124557  
