-43.97397841  
-88.92944779  
-70.09162757  
14.01882544  
-103.6385822  
-77.23025344  
-47.46876797  
-199.0355503  
-0.07574494229  
-40.14300724  
-43.97397841  
-88.92944779  
-70.09162757  
14.01882544  
-103.6385822  
-77.23025344  
-47.46876797  
-199.0355503  
-0.07574494229  
-40.14300724  
-43.97397841  
-88.92944779  
-70.09162757  
14.01882544  
-103.6385822  
-77.23025344  
-47.46876797  
-199.0355503  
-0.07574494229  
-40.14300724  
-43.97397841  
-88.92944779  
-70.09162757  
14.01882544  
-103.6385822  
-77.23025344  
-47.46876797  
-199.0355503  
-0.07574494229  
-40.14300724  
