-181.9608324  
-39.83576021  
225.626136  
-36.58745719  
-92.70124942  
-21.00296882  
4.758603469  
17.02844037  
-100.4766432  
198.6005171  
-18.12678454  
-181.9608324  
-39.83576021  
225.626136  
-36.58745719  
-92.70124942  
-21.00296882  
4.758603469  
17.02844037  
-100.4766432  
198.6005171  
-18.12678454  
-181.9608324  
-39.83576021  
225.626136  
-36.58745719  
-92.70124942  
-21.00296882  
4.758603469  
17.02844037  
-100.4766432  
198.6005171  
-18.12678454  
-181.9608324  
-39.83576021  
225.626136  
-36.58745719  
-92.70124942  
-21.00296882  
4.758603469  
17.02844037  
-100.4766432  
198.6005171  
-18.12678454  
