-49.76991109  
2.008768786  
123.7791188  
56.12643065  
22.57718945  
-84.33411351  
105.8990042  
-112.2299133  
65.44850904  
-233.4019304  
132.2454913  
-2.346964214  
-46.87498616  
194.7270192  
-9.456104638  
-49.76991109  
2.008768786  
123.7791188  
56.12643065  
22.57718945  
-84.33411351  
105.8990042  
-112.2299133  
65.44850904  
-233.4019304  
132.2454913  
-2.346964214  
-46.87498616  
194.7270192  
-9.456104638  
-49.76991109  
2.008768786  
123.7791188  
56.12643065  
22.57718945  
-84.33411351  
105.8990042  
-112.2299133  
65.44850904  
-233.4019304  
132.2454913  
-2.346964214  
-46.87498616  
194.7270192  
-9.456104638  
-49.76991109  
2.008768786  
123.7791188  
56.12643065  
22.57718945  
-84.33411351  
105.8990042  
-112.2299133  
65.44850904  
-233.4019304  
132.2454913  
-2.346964214  
-46.87498616  
194.7270192  
-9.456104638  
