-33.01790152  
65.13129606  
21.67480684  
25.61149809  
18.15516089  
-44.3031447  
89.62314023  
-63.43839075  
23.55829256  
-13.40734679  
-22.24949306  
-16.02499538  
-33.01790152  
65.13129606  
21.67480684  
25.61149809  
18.15516089  
-44.3031447  
89.62314023  
-63.43839075  
23.55829256  
-13.40734679  
-22.24949306  
-16.02499538  
-33.01790152  
65.13129606  
21.67480684  
25.61149809  
18.15516089  
-44.3031447  
89.62314023  
-63.43839075  
23.55829256  
-13.40734679  
-22.24949306  
-16.02499538  
-33.01790152  
65.13129606  
21.67480684  
25.61149809  
18.15516089  
-44.3031447  
89.62314023  
-63.43839075  
23.55829256  
-13.40734679  
-22.24949306  
-16.02499538  
