-108.6996417  
-21.88185491  
-12.70647444  
52.56810946  
-68.21715073  
-44.73842955  
-67.39048635  
-68.71563089  
-4.294695486  
-28.99037189  
-36.59409615  
-25.00959319  
19.86412754  
-108.6996417  
-21.88185491  
-12.70647444  
52.56810946  
-68.21715073  
-44.73842955  
-67.39048635  
-68.71563089  
-4.294695486  
-28.99037189  
-36.59409615  
-25.00959319  
19.86412754  
-108.6996417  
-21.88185491  
-12.70647444  
52.56810946  
-68.21715073  
-44.73842955  
-67.39048635  
-68.71563089  
-4.294695486  
-28.99037189  
-36.59409615  
-25.00959319  
19.86412754  
-108.6996417  
-21.88185491  
-12.70647444  
52.56810946  
-68.21715073  
-44.73842955  
-67.39048635  
-68.71563089  
-4.294695486  
-28.99037189  
-36.59409615  
-25.00959319  
19.86412754  
