-22.66682569  
-109.8111282  
68.10613683  
15.32237186  
-6.822335377  
38.03578439  
-73.69916864  
95.40678059  
-22.96582553  
11.90217229  
50.67504108  
-15.30559081  
39.01058441  
-15.25413948  
-22.66682569  
-109.8111282  
68.10613683  
15.32237186  
-6.822335377  
38.03578439  
-73.69916864  
95.40678059  
-22.96582553  
11.90217229  
50.67504108  
-15.30559081  
39.01058441  
-15.25413948  
-22.66682569  
-109.8111282  
68.10613683  
15.32237186  
-6.822335377  
38.03578439  
-73.69916864  
95.40678059  
-22.96582553  
11.90217229  
50.67504108  
-15.30559081  
39.01058441  
-15.25413948  
-22.66682569  
-109.8111282  
68.10613683  
15.32237186  
-6.822335377  
38.03578439  
-73.69916864  
95.40678059  
-22.96582553  
11.90217229  
50.67504108  
-15.30559081  
39.01058441  
-15.25413948  
