-89.80126808  
-39.65648724  
85.72235072  
93.23716018  
130.6438739  
-50.1365673  
-129.9958083  
-10.52846279  
22.55363116  
-27.79753718  
-89.80126808  
-39.65648724  
85.72235072  
93.23716018  
130.6438739  
-50.1365673  
-129.9958083  
-10.52846279  
22.55363116  
-27.79753718  
-89.80126808  
-39.65648724  
85.72235072  
93.23716018  
130.6438739  
-50.1365673  
-129.9958083  
-10.52846279  
22.55363116  
-27.79753718  
-89.80126808  
-39.65648724  
85.72235072  
93.23716018  
130.6438739  
-50.1365673  
-129.9958083  
-10.52846279  
22.55363116  
-27.79753718  
