23.77176082  
13.3092617  
-30.76581877  
-41.93946671  
5.408312798  
-22.16162644  
-20.10335217  
9.577633592  
-49.6303264  
14.53574057  
-25.30168565  
3.634840553  
-7.445885041  
23.77176082  
13.3092617  
-30.76581877  
-41.93946671  
5.408312798  
-22.16162644  
-20.10335217  
9.577633592  
-49.6303264  
14.53574057  
-25.30168565  
3.634840553  
-7.445885041  
23.77176082  
13.3092617  
-30.76581877  
-41.93946671  
5.408312798  
-22.16162644  
-20.10335217  
9.577633592  
-49.6303264  
14.53574057  
-25.30168565  
3.634840553  
-7.445885041  
23.77176082  
13.3092617  
-30.76581877  
-41.93946671  
5.408312798  
-22.16162644  
-20.10335217  
9.577633592  
-49.6303264  
14.53574057  
-25.30168565  
3.634840553  
-7.445885041  
