-83.63641201  
67.52342195  
47.69559538  
62.8715571  
47.21687256  
29.97464617  
37.48422349  
96.95706412  
50.47194308  
28.4558002  
94.09660468  
99.59179278  
10.95633006  
54.18086689  
85.41681292  
45.95860448  
-41.92636359  
-83.63641201  
67.52342195  
47.69559538  
62.8715571  
47.21687256  
29.97464617  
37.48422349  
96.95706412  
50.47194308  
28.4558002  
94.09660468  
99.59179278  
10.95633006  
54.18086689  
85.41681292  
45.95860448  
-41.92636359  
-83.63641201  
67.52342195  
47.69559538  
62.8715571  
47.21687256  
29.97464617  
37.48422349  
96.95706412  
50.47194308  
28.4558002  
94.09660468  
99.59179278  
10.95633006  
54.18086689  
85.41681292  
45.95860448  
-41.92636359  
-83.63641201  
67.52342195  
47.69559538  
62.8715571  
47.21687256  
29.97464617  
37.48422349  
96.95706412  
50.47194308  
28.4558002  
94.09660468  
99.59179278  
10.95633006  
54.18086689  
85.41681292  
45.95860448  
-41.92636359  
