5.35086458  
-25.82755435  
-18.78265872  
-21.36955828  
-14.39227745  
-14.6682485  
-1.658073769  
-3.839127078  
-13.74626279  
-20.83472966  
-71.09133626  
5.35086458  
-25.82755435  
-18.78265872  
-21.36955828  
-14.39227745  
-14.6682485  
-1.658073769  
-3.839127078  
-13.74626279  
-20.83472966  
-71.09133626  
5.35086458  
-25.82755435  
-18.78265872  
-21.36955828  
-14.39227745  
-14.6682485  
-1.658073769  
-3.839127078  
-13.74626279  
-20.83472966  
-71.09133626  
5.35086458  
-25.82755435  
-18.78265872  
-21.36955828  
-14.39227745  
-14.6682485  
-1.658073769  
-3.839127078  
-13.74626279  
-20.83472966  
-71.09133626  
