72.49906055  
9.294103764  
34.39217753  
14.06338687  
43.07059877  
32.02490879  
36.05609653  
39.28375472  
30.6733236  
59.69695832  
-12.61927478  
11.22029518  
27.85629562  
19.8820063  
13.68232305  
5.388044319  
72.49906055  
9.294103764  
34.39217753  
14.06338687  
43.07059877  
32.02490879  
36.05609653  
39.28375472  
30.6733236  
59.69695832  
-12.61927478  
11.22029518  
27.85629562  
19.8820063  
13.68232305  
5.388044319  
72.49906055  
9.294103764  
34.39217753  
14.06338687  
43.07059877  
32.02490879  
36.05609653  
39.28375472  
30.6733236  
59.69695832  
-12.61927478  
11.22029518  
27.85629562  
19.8820063  
13.68232305  
5.388044319  
72.49906055  
9.294103764  
34.39217753  
14.06338687  
43.07059877  
32.02490879  
36.05609653  
39.28375472  
30.6733236  
59.69695832  
-12.61927478  
11.22029518  
27.85629562  
19.8820063  
13.68232305  
5.388044319  
