0.2255611577  
15.45002633  
-28.83239558  
-10.73201044  
26.25426967  
-1.287628607  
34.03386456  
14.98125726  
11.65992058  
37.70235566  
48.88188795  
0.2255611577  
15.45002633  
-28.83239558  
-10.73201044  
26.25426967  
-1.287628607  
34.03386456  
14.98125726  
11.65992058  
37.70235566  
48.88188795  
0.2255611577  
15.45002633  
-28.83239558  
-10.73201044  
26.25426967  
-1.287628607  
34.03386456  
14.98125726  
11.65992058  
37.70235566  
48.88188795  
0.2255611577  
15.45002633  
-28.83239558  
-10.73201044  
26.25426967  
-1.287628607  
34.03386456  
14.98125726  
11.65992058  
37.70235566  
48.88188795  
