-65.85794347  
-9.947539332  
-31.76234669  
-5.752308525  
-13.28518564  
-43.94960054  
-1.969893771  
-32.47754391  
-18.37090296  
-41.67537927  
-65.85794347  
-9.947539332  
-31.76234669  
-5.752308525  
-13.28518564  
-43.94960054  
-1.969893771  
-32.47754391  
-18.37090296  
-41.67537927  
-65.85794347  
-9.947539332  
-31.76234669  
-5.752308525  
-13.28518564  
-43.94960054  
-1.969893771  
-32.47754391  
-18.37090296  
-41.67537927  
-65.85794347  
-9.947539332  
-31.76234669  
-5.752308525  
-13.28518564  
-43.94960054  
-1.969893771  
-32.47754391  
-18.37090296  
-41.67537927  
