30.43070517  
8.19956152  
-46.73277346  
36.63512796  
-1.58793516  
29.61008894  
-11.93672799  
-30.64161312  
55.88882943  
-9.811945916  
7.214594818  
30.43070517  
8.19956152  
-46.73277346  
36.63512796  
-1.58793516  
29.61008894  
-11.93672799  
-30.64161312  
55.88882943  
-9.811945916  
7.214594818  
30.43070517  
8.19956152  
-46.73277346  
36.63512796  
-1.58793516  
29.61008894  
-11.93672799  
-30.64161312  
55.88882943  
-9.811945916  
7.214594818  
30.43070517  
8.19956152  
-46.73277346  
36.63512796  
-1.58793516  
29.61008894  
-11.93672799  
-30.64161312  
55.88882943  
-9.811945916  
7.214594818  
