10.0081931  
7.116063002  
-20.41778084  
27.70287952  
-4.336037241  
9.697473755  
-14.17498667  
23.84185802  
45.08386662  
34.42500148  
24.26635763  
51.28664683  
10.0081931  
7.116063002  
-20.41778084  
27.70287952  
-4.336037241  
9.697473755  
-14.17498667  
23.84185802  
45.08386662  
34.42500148  
24.26635763  
51.28664683  
10.0081931  
7.116063002  
-20.41778084  
27.70287952  
-4.336037241  
9.697473755  
-14.17498667  
23.84185802  
45.08386662  
34.42500148  
24.26635763  
51.28664683  
10.0081931  
7.116063002  
-20.41778084  
27.70287952  
-4.336037241  
9.697473755  
-14.17498667  
23.84185802  
45.08386662  
34.42500148  
24.26635763  
51.28664683  
