-12.84801193  
-7.358990697  
-6.336304017  
-82.65214182  
-16.64273185  
2.768861215  
-24.79241471  
-2.535982234  
-14.30637324  
-54.67814986  
-14.95976243  
-33.2356542  
-15.19590306  
-12.84801193  
-7.358990697  
-6.336304017  
-82.65214182  
-16.64273185  
2.768861215  
-24.79241471  
-2.535982234  
-14.30637324  
-54.67814986  
-14.95976243  
-33.2356542  
-15.19590306  
-12.84801193  
-7.358990697  
-6.336304017  
-82.65214182  
-16.64273185  
2.768861215  
-24.79241471  
-2.535982234  
-14.30637324  
-54.67814986  
-14.95976243  
-33.2356542  
-15.19590306  
-12.84801193  
-7.358990697  
-6.336304017  
-82.65214182  
-16.64273185  
2.768861215  
-24.79241471  
-2.535982234  
-14.30637324  
-54.67814986  
-14.95976243  
-33.2356542  
-15.19590306  
