12.45251897  
24.49001375  
21.74645257  
25.35284405  
-12.58707789  
30.81045196  
16.70428727  
46.45437937  
14.84047668  
5.09957711  
6.181602157  
12.45251897  
24.49001375  
21.74645257  
25.35284405  
-12.58707789  
30.81045196  
16.70428727  
46.45437937  
14.84047668  
5.09957711  
6.181602157  
12.45251897  
24.49001375  
21.74645257  
25.35284405  
-12.58707789  
30.81045196  
16.70428727  
46.45437937  
14.84047668  
5.09957711  
6.181602157  
12.45251897  
24.49001375  
21.74645257  
25.35284405  
-12.58707789  
30.81045196  
16.70428727  
46.45437937  
14.84047668  
5.09957711  
6.181602157  
