-25.31761028  
-38.44795876  
-7.505319982  
25.50805665  
-5.679936042  
-3.702683227  
-32.74475583  
-1.176798879  
44.04748548  
-29.13384783  
39.05993901  
-25.31761028  
-38.44795876  
-7.505319982  
25.50805665  
-5.679936042  
-3.702683227  
-32.74475583  
-1.176798879  
44.04748548  
-29.13384783  
39.05993901  
-25.31761028  
-38.44795876  
-7.505319982  
25.50805665  
-5.679936042  
-3.702683227  
-32.74475583  
-1.176798879  
44.04748548  
-29.13384783  
39.05993901  
-25.31761028  
-38.44795876  
-7.505319982  
25.50805665  
-5.679936042  
-3.702683227  
-32.74475583  
-1.176798879  
44.04748548  
-29.13384783  
39.05993901  
