-28.20504268  
-173.3729167  
71.58755986  
220.0754829  
-1.597465784  
86.18029342  
169.4299501  
47.95073942  
22.72613749  
-96.85822985  
-35.91189938  
117.1397195  
-28.20504268  
-173.3729167  
71.58755986  
220.0754829  
-1.597465784  
86.18029342  
169.4299501  
47.95073942  
22.72613749  
-96.85822985  
-35.91189938  
117.1397195  
-28.20504268  
-173.3729167  
71.58755986  
220.0754829  
-1.597465784  
86.18029342  
169.4299501  
47.95073942  
22.72613749  
-96.85822985  
-35.91189938  
117.1397195  
-28.20504268  
-173.3729167  
71.58755986  
220.0754829  
-1.597465784  
86.18029342  
169.4299501  
47.95073942  
22.72613749  
-96.85822985  
-35.91189938  
117.1397195  
