-34.66207878  
-37.81893564  
-18.66227649  
-28.70822518  
59.70261988  
9.102303698  
-1.271316271  
-54.85887483  
-47.20650265  
-29.09039358  
7.86164094  
-117.315658  
168.2432361  
-135.114067  
-19.28109546  
-34.66207878  
-37.81893564  
-18.66227649  
-28.70822518  
59.70261988  
9.102303698  
-1.271316271  
-54.85887483  
-47.20650265  
-29.09039358  
7.86164094  
-117.315658  
168.2432361  
-135.114067  
-19.28109546  
-34.66207878  
-37.81893564  
-18.66227649  
-28.70822518  
59.70261988  
9.102303698  
-1.271316271  
-54.85887483  
-47.20650265  
-29.09039358  
7.86164094  
-117.315658  
168.2432361  
-135.114067  
-19.28109546  
-34.66207878  
-37.81893564  
-18.66227649  
-28.70822518  
59.70261988  
9.102303698  
-1.271316271  
-54.85887483  
-47.20650265  
-29.09039358  
7.86164094  
-117.315658  
168.2432361  
-135.114067  
-19.28109546  
