-73.96763525  
-3.739722829  
49.18461732  
-4.355321415  
74.58036682  
10.49899197  
65.21804929  
45.20785105  
-2.110341695  
54.70151047  
-73.96763525  
-3.739722829  
49.18461732  
-4.355321415  
74.58036682  
10.49899197  
65.21804929  
45.20785105  
-2.110341695  
54.70151047  
-73.96763525  
-3.739722829  
49.18461732  
-4.355321415  
74.58036682  
10.49899197  
65.21804929  
45.20785105  
-2.110341695  
54.70151047  
-73.96763525  
-3.739722829  
49.18461732  
-4.355321415  
74.58036682  
10.49899197  
65.21804929  
45.20785105  
-2.110341695  
54.70151047  
