-12.21610159  
41.67214308  
26.97549771  
37.05501852  
19.09225304  
14.76495344  
64.01649296  
54.0821357  
43.59202332  
24.7966724  
72.05804243  
7.581105786  
71.51897273  
-3.124897891  
26.94760763  
41.11168736  
41.31086051  
-12.21610159  
41.67214308  
26.97549771  
37.05501852  
19.09225304  
14.76495344  
64.01649296  
54.0821357  
43.59202332  
24.7966724  
72.05804243  
7.581105786  
71.51897273  
-3.124897891  
26.94760763  
41.11168736  
41.31086051  
-12.21610159  
41.67214308  
26.97549771  
37.05501852  
19.09225304  
14.76495344  
64.01649296  
54.0821357  
43.59202332  
24.7966724  
72.05804243  
7.581105786  
71.51897273  
-3.124897891  
26.94760763  
41.11168736  
41.31086051  
-12.21610159  
41.67214308  
26.97549771  
37.05501852  
19.09225304  
14.76495344  
64.01649296  
54.0821357  
43.59202332  
24.7966724  
72.05804243  
7.581105786  
71.51897273  
-3.124897891  
26.94760763  
41.11168736  
41.31086051  
