-108.9963314  
-79.64982065  
-42.76897908  
-80.96931747  
2.856096758  
-22.8782892  
86.59851903  
-18.56638459  
-26.20508815  
-56.58520779  
14.92510602  
1.157574056  
-63.06488792  
-43.94460413  
-35.86566254  
-108.9963314  
-79.64982065  
-42.76897908  
-80.96931747  
2.856096758  
-22.8782892  
86.59851903  
-18.56638459  
-26.20508815  
-56.58520779  
14.92510602  
1.157574056  
-63.06488792  
-43.94460413  
-35.86566254  
-108.9963314  
-79.64982065  
-42.76897908  
-80.96931747  
2.856096758  
-22.8782892  
86.59851903  
-18.56638459  
-26.20508815  
-56.58520779  
14.92510602  
1.157574056  
-63.06488792  
-43.94460413  
-35.86566254  
-108.9963314  
-79.64982065  
-42.76897908  
-80.96931747  
2.856096758  
-22.8782892  
86.59851903  
-18.56638459  
-26.20508815  
-56.58520779  
14.92510602  
1.157574056  
-63.06488792  
-43.94460413  
-35.86566254  
