14.39719196  
-58.86302458  
-93.85911019  
-12.59425682  
47.24605059  
-97.35590642  
55.54792437  
-59.03247735  
54.8373516  
-51.99621156  
-39.58923061  
122.1596207  
52.28239138  
-3.088838567  
-73.84663668  
14.39719196  
-58.86302458  
-93.85911019  
-12.59425682  
47.24605059  
-97.35590642  
55.54792437  
-59.03247735  
54.8373516  
-51.99621156  
-39.58923061  
122.1596207  
52.28239138  
-3.088838567  
-73.84663668  
14.39719196  
-58.86302458  
-93.85911019  
-12.59425682  
47.24605059  
-97.35590642  
55.54792437  
-59.03247735  
54.8373516  
-51.99621156  
-39.58923061  
122.1596207  
52.28239138  
-3.088838567  
-73.84663668  
14.39719196  
-58.86302458  
-93.85911019  
-12.59425682  
47.24605059  
-97.35590642  
55.54792437  
-59.03247735  
54.8373516  
-51.99621156  
-39.58923061  
122.1596207  
52.28239138  
-3.088838567  
-73.84663668  
