3.36542111  
19.84423273  
1.339050522  
10.52054546  
4.34945009  
47.36228872  
29.48735096  
-13.87042156  
18.29684604  
-38.67264953  
12.10285672  
44.5347292  
-11.68029807  
25.41736734  
28.31406697  
6.744308021  
3.36542111  
19.84423273  
1.339050522  
10.52054546  
4.34945009  
47.36228872  
29.48735096  
-13.87042156  
18.29684604  
-38.67264953  
12.10285672  
44.5347292  
-11.68029807  
25.41736734  
28.31406697  
6.744308021  
3.36542111  
19.84423273  
1.339050522  
10.52054546  
4.34945009  
47.36228872  
29.48735096  
-13.87042156  
18.29684604  
-38.67264953  
12.10285672  
44.5347292  
-11.68029807  
25.41736734  
28.31406697  
6.744308021  
3.36542111  
19.84423273  
1.339050522  
10.52054546  
4.34945009  
47.36228872  
29.48735096  
-13.87042156  
18.29684604  
-38.67264953  
12.10285672  
44.5347292  
-11.68029807  
25.41736734  
28.31406697  
6.744308021  
