57.27727699  
27.9945734  
-4.82507094  
83.17319894  
26.51506515  
58.9087827  
-2.921001827  
21.93587563  
85.63355294  
42.49100518  
84.19711295  
57.27727699  
27.9945734  
-4.82507094  
83.17319894  
26.51506515  
58.9087827  
-2.921001827  
21.93587563  
85.63355294  
42.49100518  
84.19711295  
57.27727699  
27.9945734  
-4.82507094  
83.17319894  
26.51506515  
58.9087827  
-2.921001827  
21.93587563  
85.63355294  
42.49100518  
84.19711295  
57.27727699  
27.9945734  
-4.82507094  
83.17319894  
26.51506515  
58.9087827  
-2.921001827  
21.93587563  
85.63355294  
42.49100518  
84.19711295  
