-25.50912964  
34.66061941  
-6.315448139  
6.385102033  
46.06547434  
33.98969929  
55.47794747  
-25.95516124  
30.13937246  
37.19227021  
27.35706655  
24.84457653  
45.45147086  
-10.45067553  
50.71355595  
-25.50912964  
34.66061941  
-6.315448139  
6.385102033  
46.06547434  
33.98969929  
55.47794747  
-25.95516124  
30.13937246  
37.19227021  
27.35706655  
24.84457653  
45.45147086  
-10.45067553  
50.71355595  
-25.50912964  
34.66061941  
-6.315448139  
6.385102033  
46.06547434  
33.98969929  
55.47794747  
-25.95516124  
30.13937246  
37.19227021  
27.35706655  
24.84457653  
45.45147086  
-10.45067553  
50.71355595  
-25.50912964  
34.66061941  
-6.315448139  
6.385102033  
46.06547434  
33.98969929  
55.47794747  
-25.95516124  
30.13937246  
37.19227021  
27.35706655  
24.84457653  
45.45147086  
-10.45067553  
50.71355595  
