-149.5957106  
-97.71041519  
-3.611606437  
161.7797849  
120.5453654  
66.85600309  
16.16587489  
-5.895949172  
74.54913452  
81.25276202  
-108.0646624  
266.1021907  
-69.46042061  
69.44568275  
-149.5957106  
-97.71041519  
-3.611606437  
161.7797849  
120.5453654  
66.85600309  
16.16587489  
-5.895949172  
74.54913452  
81.25276202  
-108.0646624  
266.1021907  
-69.46042061  
69.44568275  
-149.5957106  
-97.71041519  
-3.611606437  
161.7797849  
120.5453654  
66.85600309  
16.16587489  
-5.895949172  
74.54913452  
81.25276202  
-108.0646624  
266.1021907  
-69.46042061  
69.44568275  
-149.5957106  
-97.71041519  
-3.611606437  
161.7797849  
120.5453654  
66.85600309  
16.16587489  
-5.895949172  
74.54913452  
81.25276202  
-108.0646624  
266.1021907  
-69.46042061  
69.44568275  
