-31.77089609  
6.136256804  
-33.84659599  
30.23047062  
-45.82660969  
6.221330489  
-17.69237378  
-20.17984989  
24.46644213  
-37.40053011  
12.26457519  
-31.77089609  
6.136256804  
-33.84659599  
30.23047062  
-45.82660969  
6.221330489  
-17.69237378  
-20.17984989  
24.46644213  
-37.40053011  
12.26457519  
-31.77089609  
6.136256804  
-33.84659599  
30.23047062  
-45.82660969  
6.221330489  
-17.69237378  
-20.17984989  
24.46644213  
-37.40053011  
12.26457519  
-31.77089609  
6.136256804  
-33.84659599  
30.23047062  
-45.82660969  
6.221330489  
-17.69237378  
-20.17984989  
24.46644213  
-37.40053011  
12.26457519  
