-29.87359618  
32.54332887  
35.36419124  
6.410605481  
-6.597332497  
15.17084918  
-9.735690903  
-38.0070451  
29.86216467  
-29.87359618  
32.54332887  
35.36419124  
6.410605481  
-6.597332497  
15.17084918  
-9.735690903  
-38.0070451  
29.86216467  
-29.87359618  
32.54332887  
35.36419124  
6.410605481  
-6.597332497  
15.17084918  
-9.735690903  
-38.0070451  
29.86216467  
-29.87359618  
32.54332887  
35.36419124  
6.410605481  
-6.597332497  
15.17084918  
-9.735690903  
-38.0070451  
29.86216467  
