-28.98507189  
26.34907721  
14.16347603  
-67.47586506  
-53.73628076  
-28.14539701  
-30.35257099  
3.07202789  
-19.46213214  
-17.16746234  
-76.80454339  
-3.804029259  
-45.19214682  
-28.98507189  
26.34907721  
14.16347603  
-67.47586506  
-53.73628076  
-28.14539701  
-30.35257099  
3.07202789  
-19.46213214  
-17.16746234  
-76.80454339  
-3.804029259  
-45.19214682  
-28.98507189  
26.34907721  
14.16347603  
-67.47586506  
-53.73628076  
-28.14539701  
-30.35257099  
3.07202789  
-19.46213214  
-17.16746234  
-76.80454339  
-3.804029259  
-45.19214682  
-28.98507189  
26.34907721  
14.16347603  
-67.47586506  
-53.73628076  
-28.14539701  
-30.35257099  
3.07202789  
-19.46213214  
-17.16746234  
-76.80454339  
-3.804029259  
-45.19214682  
