-18.99256063  
-5.584710285  
3.675944153  
-11.72959881  
-23.84311943  
57.75097996  
14.2658366  
46.86987638  
3.503725262  
-23.67356392  
14.34369768  
-0.9953817692  
-18.99256063  
-5.584710285  
3.675944153  
-11.72959881  
-23.84311943  
57.75097996  
14.2658366  
46.86987638  
3.503725262  
-23.67356392  
14.34369768  
-0.9953817692  
-18.99256063  
-5.584710285  
3.675944153  
-11.72959881  
-23.84311943  
57.75097996  
14.2658366  
46.86987638  
3.503725262  
-23.67356392  
14.34369768  
-0.9953817692  
-18.99256063  
-5.584710285  
3.675944153  
-11.72959881  
-23.84311943  
57.75097996  
14.2658366  
46.86987638  
3.503725262  
-23.67356392  
14.34369768  
-0.9953817692  
