90.18095656  
-8.863380532  
-50.18165243  
11.71195704  
-293.5860499  
24.03668046  
-9.580871014  
-163.3843945  
22.34975873  
-71.53044603  
41.49271982  
90.18095656  
-8.863380532  
-50.18165243  
11.71195704  
-293.5860499  
24.03668046  
-9.580871014  
-163.3843945  
22.34975873  
-71.53044603  
41.49271982  
90.18095656  
-8.863380532  
-50.18165243  
11.71195704  
-293.5860499  
24.03668046  
-9.580871014  
-163.3843945  
22.34975873  
-71.53044603  
41.49271982  
90.18095656  
-8.863380532  
-50.18165243  
11.71195704  
-293.5860499  
24.03668046  
-9.580871014  
-163.3843945  
22.34975873  
-71.53044603  
41.49271982  
