-9.003609344  
29.05551905  
-14.40399626  
-39.95106065  
-15.42969897  
45.79581839  
-29.90274247  
15.00587318  
-14.44666018  
17.83429671  
0.519522325  
16.51090907  
-16.04025935  
-22.38980078  
25.31492332  
4.707489759  
-9.003609344  
29.05551905  
-14.40399626  
-39.95106065  
-15.42969897  
45.79581839  
-29.90274247  
15.00587318  
-14.44666018  
17.83429671  
0.519522325  
16.51090907  
-16.04025935  
-22.38980078  
25.31492332  
4.707489759  
-9.003609344  
29.05551905  
-14.40399626  
-39.95106065  
-15.42969897  
45.79581839  
-29.90274247  
15.00587318  
-14.44666018  
17.83429671  
0.519522325  
16.51090907  
-16.04025935  
-22.38980078  
25.31492332  
4.707489759  
-9.003609344  
29.05551905  
-14.40399626  
-39.95106065  
-15.42969897  
45.79581839  
-29.90274247  
15.00587318  
-14.44666018  
17.83429671  
0.519522325  
16.51090907  
-16.04025935  
-22.38980078  
25.31492332  
4.707489759  
