-47.54523021  
6.725096203  
21.5619895  
-14.31730849  
-7.506034714  
46.67046437  
-6.860333171  
-30.9802892  
44.30581488  
3.496267964  
47.95758544  
26.74507654  
-31.34187326  
35.8066166  
-62.28754948  
-47.54523021  
6.725096203  
21.5619895  
-14.31730849  
-7.506034714  
46.67046437  
-6.860333171  
-30.9802892  
44.30581488  
3.496267964  
47.95758544  
26.74507654  
-31.34187326  
35.8066166  
-62.28754948  
-47.54523021  
6.725096203  
21.5619895  
-14.31730849  
-7.506034714  
46.67046437  
-6.860333171  
-30.9802892  
44.30581488  
3.496267964  
47.95758544  
26.74507654  
-31.34187326  
35.8066166  
-62.28754948  
-47.54523021  
6.725096203  
21.5619895  
-14.31730849  
-7.506034714  
46.67046437  
-6.860333171  
-30.9802892  
44.30581488  
3.496267964  
47.95758544  
26.74507654  
-31.34187326  
35.8066166  
-62.28754948  
