-43.32405003  
18.36737144  
-32.16752988  
10.83258921  
-13.68235108  
6.617758449  
-5.528505707  
-12.53603155  
22.96042664  
-0.5115816602  
19.56102881  
-36.99851154  
-43.32405003  
18.36737144  
-32.16752988  
10.83258921  
-13.68235108  
6.617758449  
-5.528505707  
-12.53603155  
22.96042664  
-0.5115816602  
19.56102881  
-36.99851154  
-43.32405003  
18.36737144  
-32.16752988  
10.83258921  
-13.68235108  
6.617758449  
-5.528505707  
-12.53603155  
22.96042664  
-0.5115816602  
19.56102881  
-36.99851154  
-43.32405003  
18.36737144  
-32.16752988  
10.83258921  
-13.68235108  
6.617758449  
-5.528505707  
-12.53603155  
22.96042664  
-0.5115816602  
19.56102881  
-36.99851154  
