-27.59800375  
-10.77758542  
38.20576993  
9.027152449  
3.829450942  
-7.268439637  
-28.87311313  
-30.82551799  
14.49242954  
-27.59800375  
-10.77758542  
38.20576993  
9.027152449  
3.829450942  
-7.268439637  
-28.87311313  
-30.82551799  
14.49242954  
-27.59800375  
-10.77758542  
38.20576993  
9.027152449  
3.829450942  
-7.268439637  
-28.87311313  
-30.82551799  
14.49242954  
-27.59800375  
-10.77758542  
38.20576993  
9.027152449  
3.829450942  
-7.268439637  
-28.87311313  
-30.82551799  
14.49242954  
