57.79190984  
70.99909695  
79.65217158  
0.8067272375  
65.37067775  
81.31312889  
82.27651383  
27.95880311  
57.92223169  
16.82345167  
23.09935135  
55.42630796  
49.61898846  
112.2852897  
1.536241154  
64.58712643  
83.80939316  
58.5740986  
5.585420199  
67.84577229  
57.79190984  
70.99909695  
79.65217158  
0.8067272375  
65.37067775  
81.31312889  
82.27651383  
27.95880311  
57.92223169  
16.82345167  
23.09935135  
55.42630796  
49.61898846  
112.2852897  
1.536241154  
64.58712643  
83.80939316  
58.5740986  
5.585420199  
67.84577229  
57.79190984  
70.99909695  
79.65217158  
0.8067272375  
65.37067775  
81.31312889  
82.27651383  
27.95880311  
57.92223169  
16.82345167  
23.09935135  
55.42630796  
49.61898846  
112.2852897  
1.536241154  
64.58712643  
83.80939316  
58.5740986  
5.585420199  
67.84577229  
57.79190984  
70.99909695  
79.65217158  
0.8067272375  
65.37067775  
81.31312889  
82.27651383  
27.95880311  
57.92223169  
16.82345167  
23.09935135  
55.42630796  
49.61898846  
112.2852897  
1.536241154  
64.58712643  
83.80939316  
58.5740986  
5.585420199  
67.84577229  
