-43.75874764  
42.5294676  
52.53858696  
15.99363691  
15.07425854  
75.22912976  
78.32983363  
-30.16447264  
14.33679298  
60.24160729  
47.59812136  
40.3052995  
74.38030195  
-43.75874764  
42.5294676  
52.53858696  
15.99363691  
15.07425854  
75.22912976  
78.32983363  
-30.16447264  
14.33679298  
60.24160729  
47.59812136  
40.3052995  
74.38030195  
-43.75874764  
42.5294676  
52.53858696  
15.99363691  
15.07425854  
75.22912976  
78.32983363  
-30.16447264  
14.33679298  
60.24160729  
47.59812136  
40.3052995  
74.38030195  
-43.75874764  
42.5294676  
52.53858696  
15.99363691  
15.07425854  
75.22912976  
78.32983363  
-30.16447264  
14.33679298  
60.24160729  
47.59812136  
40.3052995  
74.38030195  
