-6.994186399  
27.89571274  
97.05106644  
119.4443076  
35.46669537  
46.01002824  
38.11590692  
109.0204571  
76.5038641  
7.185397154  
83.60307849  
75.77298012  
5.650728563  
107.5901403  
68.83849274  
59.42484402  
-15.64983946  
-6.994186399  
27.89571274  
97.05106644  
119.4443076  
35.46669537  
46.01002824  
38.11590692  
109.0204571  
76.5038641  
7.185397154  
83.60307849  
75.77298012  
5.650728563  
107.5901403  
68.83849274  
59.42484402  
-15.64983946  
-6.994186399  
27.89571274  
97.05106644  
119.4443076  
35.46669537  
46.01002824  
38.11590692  
109.0204571  
76.5038641  
7.185397154  
83.60307849  
75.77298012  
5.650728563  
107.5901403  
68.83849274  
59.42484402  
-15.64983946  
-6.994186399  
27.89571274  
97.05106644  
119.4443076  
35.46669537  
46.01002824  
38.11590692  
109.0204571  
76.5038641  
7.185397154  
83.60307849  
75.77298012  
5.650728563  
107.5901403  
68.83849274  
59.42484402  
-15.64983946  
