-13.80027584  
-5.946293238  
2.310727491  
57.28054985  
-66.93436191  
-30.342412  
6.847815007  
16.22871851  
12.52615064  
-13.80027584  
-5.946293238  
2.310727491  
57.28054985  
-66.93436191  
-30.342412  
6.847815007  
16.22871851  
12.52615064  
-13.80027584  
-5.946293238  
2.310727491  
57.28054985  
-66.93436191  
-30.342412  
6.847815007  
16.22871851  
12.52615064  
-13.80027584  
-5.946293238  
2.310727491  
57.28054985  
-66.93436191  
-30.342412  
6.847815007  
16.22871851  
12.52615064  
