46.80868155  
-10.26398974  
85.21772135  
29.41124904  
81.82069957  
-56.91578795  
57.28723872  
22.77333209  
32.01191412  
65.33809173  
52.28476068  
11.58501959  
45.05749806  
46.80868155  
-10.26398974  
85.21772135  
29.41124904  
81.82069957  
-56.91578795  
57.28723872  
22.77333209  
32.01191412  
65.33809173  
52.28476068  
11.58501959  
45.05749806  
46.80868155  
-10.26398974  
85.21772135  
29.41124904  
81.82069957  
-56.91578795  
57.28723872  
22.77333209  
32.01191412  
65.33809173  
52.28476068  
11.58501959  
45.05749806  
46.80868155  
-10.26398974  
85.21772135  
29.41124904  
81.82069957  
-56.91578795  
57.28723872  
22.77333209  
32.01191412  
65.33809173  
52.28476068  
11.58501959  
45.05749806  
