-31.47281709  
-32.00085836  
42.11281187  
-3.130375085  
-64.78381097  
-52.11729534  
51.6567665  
23.08835087  
-16.58474971  
-35.6208089  
-15.20191009  
25.99709689  
-31.47281709  
-32.00085836  
42.11281187  
-3.130375085  
-64.78381097  
-52.11729534  
51.6567665  
23.08835087  
-16.58474971  
-35.6208089  
-15.20191009  
25.99709689  
-31.47281709  
-32.00085836  
42.11281187  
-3.130375085  
-64.78381097  
-52.11729534  
51.6567665  
23.08835087  
-16.58474971  
-35.6208089  
-15.20191009  
25.99709689  
-31.47281709  
-32.00085836  
42.11281187  
-3.130375085  
-64.78381097  
-52.11729534  
51.6567665  
23.08835087  
-16.58474971  
-35.6208089  
-15.20191009  
25.99709689  
