16.70130567  
-93.31346116  
32.51928991  
-36.22219984  
50.52552222  
74.0805954  
-8.763437516  
-67.43849377  
66.88715611  
3.342108693  
34.07361276  
-26.23770743  
16.70130567  
-93.31346116  
32.51928991  
-36.22219984  
50.52552222  
74.0805954  
-8.763437516  
-67.43849377  
66.88715611  
3.342108693  
34.07361276  
-26.23770743  
16.70130567  
-93.31346116  
32.51928991  
-36.22219984  
50.52552222  
74.0805954  
-8.763437516  
-67.43849377  
66.88715611  
3.342108693  
34.07361276  
-26.23770743  
16.70130567  
-93.31346116  
32.51928991  
-36.22219984  
50.52552222  
74.0805954  
-8.763437516  
-67.43849377  
66.88715611  
3.342108693  
34.07361276  
-26.23770743  
