24.62152279  
-157.5445593  
-226.2886192  
-74.61511599  
-0.29586961  
56.84151751  
37.39500389  
-116.8517744  
-217.1775647  
-68.89445659  
-32.80674621  
-199.5379742  
-178.9507281  
24.62152279  
-157.5445593  
-226.2886192  
-74.61511599  
-0.29586961  
56.84151751  
37.39500389  
-116.8517744  
-217.1775647  
-68.89445659  
-32.80674621  
-199.5379742  
-178.9507281  
24.62152279  
-157.5445593  
-226.2886192  
-74.61511599  
-0.29586961  
56.84151751  
37.39500389  
-116.8517744  
-217.1775647  
-68.89445659  
-32.80674621  
-199.5379742  
-178.9507281  
24.62152279  
-157.5445593  
-226.2886192  
-74.61511599  
-0.29586961  
56.84151751  
37.39500389  
-116.8517744  
-217.1775647  
-68.89445659  
-32.80674621  
-199.5379742  
-178.9507281  
