-6.581923556  
-1.836791202  
25.99908404  
0.156924722  
0.5250258175  
14.90581755  
-18.02478851  
6.461307673  
-33.71678206  
21.33290442  
-6.177400656  
-6.581923556  
-1.836791202  
25.99908404  
0.156924722  
0.5250258175  
14.90581755  
-18.02478851  
6.461307673  
-33.71678206  
21.33290442  
-6.177400656  
-6.581923556  
-1.836791202  
25.99908404  
0.156924722  
0.5250258175  
14.90581755  
-18.02478851  
6.461307673  
-33.71678206  
21.33290442  
-6.177400656  
-6.581923556  
-1.836791202  
25.99908404  
0.156924722  
0.5250258175  
14.90581755  
-18.02478851  
6.461307673  
-33.71678206  
21.33290442  
-6.177400656  
