1.014553547  
-12.13894309  
28.2421653  
26.7674588  
20.75023156  
132.2934644  
21.89240674  
3.464156319  
-7.148959196  
-17.99824395  
-3.950898255  
25.63044758  
7.691911016  
-33.52373141  
-5.883070019  
14.35934331  
77.71134608  
-55.34570925  
36.29926963  
1.014553547  
-12.13894309  
28.2421653  
26.7674588  
20.75023156  
132.2934644  
21.89240674  
3.464156319  
-7.148959196  
-17.99824395  
-3.950898255  
25.63044758  
7.691911016  
-33.52373141  
-5.883070019  
14.35934331  
77.71134608  
-55.34570925  
36.29926963  
1.014553547  
-12.13894309  
28.2421653  
26.7674588  
20.75023156  
132.2934644  
21.89240674  
3.464156319  
-7.148959196  
-17.99824395  
-3.950898255  
25.63044758  
7.691911016  
-33.52373141  
-5.883070019  
14.35934331  
77.71134608  
-55.34570925  
36.29926963  
1.014553547  
-12.13894309  
28.2421653  
26.7674588  
20.75023156  
132.2934644  
21.89240674  
3.464156319  
-7.148959196  
-17.99824395  
-3.950898255  
25.63044758  
7.691911016  
-33.52373141  
-5.883070019  
14.35934331  
77.71134608  
-55.34570925  
36.29926963  
