-64.36613981  
-40.55725309  
3.238799912  
-72.98876271  
-78.28644408  
-26.44196482  
-17.41487473  
-51.25601774  
-49.42801173  
6.577560349  
-9.050015443  
-27.91389482  
-48.44314293  
4.879126813  
-64.36613981  
-40.55725309  
3.238799912  
-72.98876271  
-78.28644408  
-26.44196482  
-17.41487473  
-51.25601774  
-49.42801173  
6.577560349  
-9.050015443  
-27.91389482  
-48.44314293  
4.879126813  
-64.36613981  
-40.55725309  
3.238799912  
-72.98876271  
-78.28644408  
-26.44196482  
-17.41487473  
-51.25601774  
-49.42801173  
6.577560349  
-9.050015443  
-27.91389482  
-48.44314293  
4.879126813  
-64.36613981  
-40.55725309  
3.238799912  
-72.98876271  
-78.28644408  
-26.44196482  
-17.41487473  
-51.25601774  
-49.42801173  
6.577560349  
-9.050015443  
-27.91389482  
-48.44314293  
4.879126813  
