-48.0442171  
-85.88298254  
40.28578724  
12.17724777  
22.33628403  
38.98470337  
-63.28277237  
78.36432781  
16.02225271  
-58.01077127  
-58.97881665  
-48.0442171  
-85.88298254  
40.28578724  
12.17724777  
22.33628403  
38.98470337  
-63.28277237  
78.36432781  
16.02225271  
-58.01077127  
-58.97881665  
-48.0442171  
-85.88298254  
40.28578724  
12.17724777  
22.33628403  
38.98470337  
-63.28277237  
78.36432781  
16.02225271  
-58.01077127  
-58.97881665  
-48.0442171  
-85.88298254  
40.28578724  
12.17724777  
22.33628403  
38.98470337  
-63.28277237  
78.36432781  
16.02225271  
-58.01077127  
-58.97881665  
