-174.0536193  
-195.8905422  
-146.7587051  
-65.01308536  
-103.1407687  
-118.5263427  
-23.03029098  
-6.567556017  
-84.621897  
134.4638896  
-76.80899884  
-50.09921624  
-174.0536193  
-195.8905422  
-146.7587051  
-65.01308536  
-103.1407687  
-118.5263427  
-23.03029098  
-6.567556017  
-84.621897  
134.4638896  
-76.80899884  
-50.09921624  
-174.0536193  
-195.8905422  
-146.7587051  
-65.01308536  
-103.1407687  
-118.5263427  
-23.03029098  
-6.567556017  
-84.621897  
134.4638896  
-76.80899884  
-50.09921624  
-174.0536193  
-195.8905422  
-146.7587051  
-65.01308536  
-103.1407687  
-118.5263427  
-23.03029098  
-6.567556017  
-84.621897  
134.4638896  
-76.80899884  
-50.09921624  
