108.457255  
106.6530488  
152.0814308  
125.1781986  
66.49131914  
73.71923938  
70.4868163  
206.3023436  
33.39406943  
124.4956795  
174.7476259  
150.0141522  
96.56458572  
156.2142831  
122.0198986  
108.457255  
106.6530488  
152.0814308  
125.1781986  
66.49131914  
73.71923938  
70.4868163  
206.3023436  
33.39406943  
124.4956795  
174.7476259  
150.0141522  
96.56458572  
156.2142831  
122.0198986  
108.457255  
106.6530488  
152.0814308  
125.1781986  
66.49131914  
73.71923938  
70.4868163  
206.3023436  
33.39406943  
124.4956795  
174.7476259  
150.0141522  
96.56458572  
156.2142831  
122.0198986  
108.457255  
106.6530488  
152.0814308  
125.1781986  
66.49131914  
73.71923938  
70.4868163  
206.3023436  
33.39406943  
124.4956795  
174.7476259  
150.0141522  
96.56458572  
156.2142831  
122.0198986  
