-53.98802444  
14.40886316  
-13.22191192  
-36.29407924  
-8.366207114  
-25.57799505  
-5.278295286  
-57.16701713  
-42.73759606  
-60.99354901  
-29.68940974  
3.248014265  
-36.94925875  
-53.98802444  
14.40886316  
-13.22191192  
-36.29407924  
-8.366207114  
-25.57799505  
-5.278295286  
-57.16701713  
-42.73759606  
-60.99354901  
-29.68940974  
3.248014265  
-36.94925875  
-53.98802444  
14.40886316  
-13.22191192  
-36.29407924  
-8.366207114  
-25.57799505  
-5.278295286  
-57.16701713  
-42.73759606  
-60.99354901  
-29.68940974  
3.248014265  
-36.94925875  
-53.98802444  
14.40886316  
-13.22191192  
-36.29407924  
-8.366207114  
-25.57799505  
-5.278295286  
-57.16701713  
-42.73759606  
-60.99354901  
-29.68940974  
3.248014265  
-36.94925875  
