-4.042787746  
-6.592304805  
-16.89552886  
-7.611889972  
-19.44819197  
23.02181624  
-44.29183113  
4.698062447  
-1.447594383  
-16.06148991  
-14.81093893  
-10.9523963  
-19.47390936  
6.623977783  
-13.63152571  
22.43348012  
-44.63844523  
-4.042787746  
-6.592304805  
-16.89552886  
-7.611889972  
-19.44819197  
23.02181624  
-44.29183113  
4.698062447  
-1.447594383  
-16.06148991  
-14.81093893  
-10.9523963  
-19.47390936  
6.623977783  
-13.63152571  
22.43348012  
-44.63844523  
-4.042787746  
-6.592304805  
-16.89552886  
-7.611889972  
-19.44819197  
23.02181624  
-44.29183113  
4.698062447  
-1.447594383  
-16.06148991  
-14.81093893  
-10.9523963  
-19.47390936  
6.623977783  
-13.63152571  
22.43348012  
-44.63844523  
-4.042787746  
-6.592304805  
-16.89552886  
-7.611889972  
-19.44819197  
23.02181624  
-44.29183113  
4.698062447  
-1.447594383  
-16.06148991  
-14.81093893  
-10.9523963  
-19.47390936  
6.623977783  
-13.63152571  
22.43348012  
-44.63844523  
