-28.01452742  
-18.16570237  
-11.78836397  
-13.43911996  
-28.73317771  
-30.42657502  
-12.58649598  
-3.497912644  
6.589828167  
-25.14755764  
-114.1333811  
-13.5781941  
1.629671735  
-30.49665191  
-39.82004512  
3.118797011  
-28.01452742  
-18.16570237  
-11.78836397  
-13.43911996  
-28.73317771  
-30.42657502  
-12.58649598  
-3.497912644  
6.589828167  
-25.14755764  
-114.1333811  
-13.5781941  
1.629671735  
-30.49665191  
-39.82004512  
3.118797011  
-28.01452742  
-18.16570237  
-11.78836397  
-13.43911996  
-28.73317771  
-30.42657502  
-12.58649598  
-3.497912644  
6.589828167  
-25.14755764  
-114.1333811  
-13.5781941  
1.629671735  
-30.49665191  
-39.82004512  
3.118797011  
-28.01452742  
-18.16570237  
-11.78836397  
-13.43911996  
-28.73317771  
-30.42657502  
-12.58649598  
-3.497912644  
6.589828167  
-25.14755764  
-114.1333811  
-13.5781941  
1.629671735  
-30.49665191  
-39.82004512  
3.118797011  
