-17.35889331  
-5.255958406  
-9.489552567  
8.0711039  
11.16313238  
-62.79087965  
65.62445182  
-15.34615663  
23.43059211  
-17.35889331  
-5.255958406  
-9.489552567  
8.0711039  
11.16313238  
-62.79087965  
65.62445182  
-15.34615663  
23.43059211  
-17.35889331  
-5.255958406  
-9.489552567  
8.0711039  
11.16313238  
-62.79087965  
65.62445182  
-15.34615663  
23.43059211  
-17.35889331  
-5.255958406  
-9.489552567  
8.0711039  
11.16313238  
-62.79087965  
65.62445182  
-15.34615663  
23.43059211  
