-154.079215  
-65.87757534  
-15.11547158  
-119.2300288  
180.7098834  
-93.54323431  
-42.84730998  
-11.68102299  
17.25254692  
138.2961395  
60.06796492  
-50.11457148  
-154.079215  
-65.87757534  
-15.11547158  
-119.2300288  
180.7098834  
-93.54323431  
-42.84730998  
-11.68102299  
17.25254692  
138.2961395  
60.06796492  
-50.11457148  
-154.079215  
-65.87757534  
-15.11547158  
-119.2300288  
180.7098834  
-93.54323431  
-42.84730998  
-11.68102299  
17.25254692  
138.2961395  
60.06796492  
-50.11457148  
-154.079215  
-65.87757534  
-15.11547158  
-119.2300288  
180.7098834  
-93.54323431  
-42.84730998  
-11.68102299  
17.25254692  
138.2961395  
60.06796492  
-50.11457148  
