-6.984885505  
-16.76130562  
40.70192845  
-66.88083423  
-28.1160354  
20.8285225  
18.59718594  
-6.780213515  
11.01281416  
-55.29602319  
-5.945408573  
9.029173617  
-46.89064807  
-16.38466308  
-11.31310965  
-6.984885505  
-16.76130562  
40.70192845  
-66.88083423  
-28.1160354  
20.8285225  
18.59718594  
-6.780213515  
11.01281416  
-55.29602319  
-5.945408573  
9.029173617  
-46.89064807  
-16.38466308  
-11.31310965  
-6.984885505  
-16.76130562  
40.70192845  
-66.88083423  
-28.1160354  
20.8285225  
18.59718594  
-6.780213515  
11.01281416  
-55.29602319  
-5.945408573  
9.029173617  
-46.89064807  
-16.38466308  
-11.31310965  
-6.984885505  
-16.76130562  
40.70192845  
-66.88083423  
-28.1160354  
20.8285225  
18.59718594  
-6.780213515  
11.01281416  
-55.29602319  
-5.945408573  
9.029173617  
-46.89064807  
-16.38466308  
-11.31310965  
