29.0771537  
-8.958359097  
-24.94725926  
36.75241812  
-33.7631251  
22.27574924  
6.753978854  
-17.93869375  
-64.29491264  
-47.56510732  
46.31463418  
8.206410817  
-29.14205764  
29.0771537  
-8.958359097  
-24.94725926  
36.75241812  
-33.7631251  
22.27574924  
6.753978854  
-17.93869375  
-64.29491264  
-47.56510732  
46.31463418  
8.206410817  
-29.14205764  
29.0771537  
-8.958359097  
-24.94725926  
36.75241812  
-33.7631251  
22.27574924  
6.753978854  
-17.93869375  
-64.29491264  
-47.56510732  
46.31463418  
8.206410817  
-29.14205764  
29.0771537  
-8.958359097  
-24.94725926  
36.75241812  
-33.7631251  
22.27574924  
6.753978854  
-17.93869375  
-64.29491264  
-47.56510732  
46.31463418  
8.206410817  
-29.14205764  
