-73.54302329  
-47.791713  
-81.54123974  
91.25049752  
-7.8866286  
-45.09933693  
7.818823091  
51.16666651  
5.772720235  
26.32253097  
-62.25998279  
-73.54302329  
-47.791713  
-81.54123974  
91.25049752  
-7.8866286  
-45.09933693  
7.818823091  
51.16666651  
5.772720235  
26.32253097  
-62.25998279  
-73.54302329  
-47.791713  
-81.54123974  
91.25049752  
-7.8866286  
-45.09933693  
7.818823091  
51.16666651  
5.772720235  
26.32253097  
-62.25998279  
-73.54302329  
-47.791713  
-81.54123974  
91.25049752  
-7.8866286  
-45.09933693  
7.818823091  
51.16666651  
5.772720235  
26.32253097  
-62.25998279  
