-17.61543949  
67.23630344  
-8.812237956  
-6.755397287  
-20.86026174  
7.38568222  
-18.57247144  
25.78976396  
26.39460223  
27.48969148  
16.21785533  
-7.160751262  
-5.598450101  
-16.14400904  
8.967376808  
-41.79834526  
35.89670196  
-1.778948934  
7.769198433  
-17.61543949  
67.23630344  
-8.812237956  
-6.755397287  
-20.86026174  
7.38568222  
-18.57247144  
25.78976396  
26.39460223  
27.48969148  
16.21785533  
-7.160751262  
-5.598450101  
-16.14400904  
8.967376808  
-41.79834526  
35.89670196  
-1.778948934  
7.769198433  
-17.61543949  
67.23630344  
-8.812237956  
-6.755397287  
-20.86026174  
7.38568222  
-18.57247144  
25.78976396  
26.39460223  
27.48969148  
16.21785533  
-7.160751262  
-5.598450101  
-16.14400904  
8.967376808  
-41.79834526  
35.89670196  
-1.778948934  
7.769198433  
-17.61543949  
67.23630344  
-8.812237956  
-6.755397287  
-20.86026174  
7.38568222  
-18.57247144  
25.78976396  
26.39460223  
27.48969148  
16.21785533  
-7.160751262  
-5.598450101  
-16.14400904  
8.967376808  
-41.79834526  
35.89670196  
-1.778948934  
7.769198433  
