-7.103172905  
1.634142693  
-38.9010698  
2.350168727  
15.5392961  
-20.39482656  
-12.80136954  
-43.84478327  
15.48080274  
22.44033992  
-9.73823039  
-3.677989512  
-7.133871599  
3.900545754  
19.61115486  
-7.103172905  
1.634142693  
-38.9010698  
2.350168727  
15.5392961  
-20.39482656  
-12.80136954  
-43.84478327  
15.48080274  
22.44033992  
-9.73823039  
-3.677989512  
-7.133871599  
3.900545754  
19.61115486  
-7.103172905  
1.634142693  
-38.9010698  
2.350168727  
15.5392961  
-20.39482656  
-12.80136954  
-43.84478327  
15.48080274  
22.44033992  
-9.73823039  
-3.677989512  
-7.133871599  
3.900545754  
19.61115486  
-7.103172905  
1.634142693  
-38.9010698  
2.350168727  
15.5392961  
-20.39482656  
-12.80136954  
-43.84478327  
15.48080274  
22.44033992  
-9.73823039  
-3.677989512  
-7.133871599  
3.900545754  
19.61115486  
