-35.44957803  
-1.155124758  
21.80392955  
14.97579223  
15.98117456  
140.1157742  
62.19514096  
-11.81290529  
56.58179688  
80.49624844  
66.25534959  
28.80746086  
12.00929068  
-3.402290307  
47.35321085  
-35.44957803  
-1.155124758  
21.80392955  
14.97579223  
15.98117456  
140.1157742  
62.19514096  
-11.81290529  
56.58179688  
80.49624844  
66.25534959  
28.80746086  
12.00929068  
-3.402290307  
47.35321085  
-35.44957803  
-1.155124758  
21.80392955  
14.97579223  
15.98117456  
140.1157742  
62.19514096  
-11.81290529  
56.58179688  
80.49624844  
66.25534959  
28.80746086  
12.00929068  
-3.402290307  
47.35321085  
-35.44957803  
-1.155124758  
21.80392955  
14.97579223  
15.98117456  
140.1157742  
62.19514096  
-11.81290529  
56.58179688  
80.49624844  
66.25534959  
28.80746086  
12.00929068  
-3.402290307  
47.35321085  
