176.7171275  
114.6076173  
153.6779285  
41.13913381  
97.93328601  
140.0082342  
132.239155  
101.2383926  
69.0414535  
-48.67091451  
39.81401407  
121.7687432  
138.5237326  
159.4254554  
19.08565823  
79.54261318  
97.81186049  
94.60682045  
50.53060009  
122.0993535  
176.7171275  
114.6076173  
153.6779285  
41.13913381  
97.93328601  
140.0082342  
132.239155  
101.2383926  
69.0414535  
-48.67091451  
39.81401407  
121.7687432  
138.5237326  
159.4254554  
19.08565823  
79.54261318  
97.81186049  
94.60682045  
50.53060009  
122.0993535  
176.7171275  
114.6076173  
153.6779285  
41.13913381  
97.93328601  
140.0082342  
132.239155  
101.2383926  
69.0414535  
-48.67091451  
39.81401407  
121.7687432  
138.5237326  
159.4254554  
19.08565823  
79.54261318  
97.81186049  
94.60682045  
50.53060009  
122.0993535  
176.7171275  
114.6076173  
153.6779285  
41.13913381  
97.93328601  
140.0082342  
132.239155  
101.2383926  
69.0414535  
-48.67091451  
39.81401407  
121.7687432  
138.5237326  
159.4254554  
19.08565823  
79.54261318  
97.81186049  
94.60682045  
50.53060009  
122.0993535  
