-70.91097675  
104.897019  
-30.09801372  
-5.980248423  
-27.67738878  
135.4934531  
61.56268037  
-43.34999081  
28.33699937  
35.41864026  
12.58934222  
55.70453735  
-4.280185099  
-9.95603863  
32.01055709  
-70.91097675  
104.897019  
-30.09801372  
-5.980248423  
-27.67738878  
135.4934531  
61.56268037  
-43.34999081  
28.33699937  
35.41864026  
12.58934222  
55.70453735  
-4.280185099  
-9.95603863  
32.01055709  
-70.91097675  
104.897019  
-30.09801372  
-5.980248423  
-27.67738878  
135.4934531  
61.56268037  
-43.34999081  
28.33699937  
35.41864026  
12.58934222  
55.70453735  
-4.280185099  
-9.95603863  
32.01055709  
-70.91097675  
104.897019  
-30.09801372  
-5.980248423  
-27.67738878  
135.4934531  
61.56268037  
-43.34999081  
28.33699937  
35.41864026  
12.58934222  
55.70453735  
-4.280185099  
-9.95603863  
32.01055709  
