43.13271633  
40.58884814  
6.120015853  
4.422113644  
6.277819959  
29.49313711  
19.57963584  
2.418455029  
26.7678931  
43.13271633  
40.58884814  
6.120015853  
4.422113644  
6.277819959  
29.49313711  
19.57963584  
2.418455029  
26.7678931  
43.13271633  
40.58884814  
6.120015853  
4.422113644  
6.277819959  
29.49313711  
19.57963584  
2.418455029  
26.7678931  
43.13271633  
40.58884814  
6.120015853  
4.422113644  
6.277819959  
29.49313711  
19.57963584  
2.418455029  
26.7678931  
