-35.10654351  
-35.39415426  
58.51238391  
-23.09931768  
29.86535164  
-53.12337235  
-60.66805899  
-19.18668759  
-19.60276106  
36.13707218  
39.97601553  
-23.41605402  
1.803809652  
-44.99127337  
-39.68225563  
-35.10654351  
-35.39415426  
58.51238391  
-23.09931768  
29.86535164  
-53.12337235  
-60.66805899  
-19.18668759  
-19.60276106  
36.13707218  
39.97601553  
-23.41605402  
1.803809652  
-44.99127337  
-39.68225563  
-35.10654351  
-35.39415426  
58.51238391  
-23.09931768  
29.86535164  
-53.12337235  
-60.66805899  
-19.18668759  
-19.60276106  
36.13707218  
39.97601553  
-23.41605402  
1.803809652  
-44.99127337  
-39.68225563  
-35.10654351  
-35.39415426  
58.51238391  
-23.09931768  
29.86535164  
-53.12337235  
-60.66805899  
-19.18668759  
-19.60276106  
36.13707218  
39.97601553  
-23.41605402  
1.803809652  
-44.99127337  
-39.68225563  
