-49.4740038  
-34.55645262  
-12.52156793  
30.46250867  
-3.572332634  
-21.01140828  
-49.47118301  
1.59566888  
-3.132012784  
-29.4444396  
-49.5404814  
-49.4740038  
-34.55645262  
-12.52156793  
30.46250867  
-3.572332634  
-21.01140828  
-49.47118301  
1.59566888  
-3.132012784  
-29.4444396  
-49.5404814  
-49.4740038  
-34.55645262  
-12.52156793  
30.46250867  
-3.572332634  
-21.01140828  
-49.47118301  
1.59566888  
-3.132012784  
-29.4444396  
-49.5404814  
-49.4740038  
-34.55645262  
-12.52156793  
30.46250867  
-3.572332634  
-21.01140828  
-49.47118301  
1.59566888  
-3.132012784  
-29.4444396  
-49.5404814  
