29.95787329  
57.43773461  
42.86105254  
-30.13748009  
4.952377366  
-12.77295612  
44.98296586  
52.55110036  
-17.04851139  
-22.5589357  
6.096035629  
0.3374360533  
45.09595673  
5.596765993  
29.95787329  
57.43773461  
42.86105254  
-30.13748009  
4.952377366  
-12.77295612  
44.98296586  
52.55110036  
-17.04851139  
-22.5589357  
6.096035629  
0.3374360533  
45.09595673  
5.596765993  
29.95787329  
57.43773461  
42.86105254  
-30.13748009  
4.952377366  
-12.77295612  
44.98296586  
52.55110036  
-17.04851139  
-22.5589357  
6.096035629  
0.3374360533  
45.09595673  
5.596765993  
29.95787329  
57.43773461  
42.86105254  
-30.13748009  
4.952377366  
-12.77295612  
44.98296586  
52.55110036  
-17.04851139  
-22.5589357  
6.096035629  
0.3374360533  
45.09595673  
5.596765993  
