58.44293363  
42.63272077  
46.80903207  
6.137103937  
26.65032231  
-1.749130542  
51.19025343  
-72.89045599  
35.6713806  
6.86620586  
35.7905856  
15.4054561  
-49.2540279  
122.8370555  
34.25089895  
95.50349627  
56.1144376  
58.44293363  
42.63272077  
46.80903207  
6.137103937  
26.65032231  
-1.749130542  
51.19025343  
-72.89045599  
35.6713806  
6.86620586  
35.7905856  
15.4054561  
-49.2540279  
122.8370555  
34.25089895  
95.50349627  
56.1144376  
58.44293363  
42.63272077  
46.80903207  
6.137103937  
26.65032231  
-1.749130542  
51.19025343  
-72.89045599  
35.6713806  
6.86620586  
35.7905856  
15.4054561  
-49.2540279  
122.8370555  
34.25089895  
95.50349627  
56.1144376  
58.44293363  
42.63272077  
46.80903207  
6.137103937  
26.65032231  
-1.749130542  
51.19025343  
-72.89045599  
35.6713806  
6.86620586  
35.7905856  
15.4054561  
-49.2540279  
122.8370555  
34.25089895  
95.50349627  
56.1144376  
