13.15480026  
38.12604996  
-13.47647687  
-17.03046942  
-8.012142662  
-24.14609069  
-5.76753228  
33.34188922  
16.35672825  
-44.86266445  
-34.18249894  
42.59201948  
13.15480026  
38.12604996  
-13.47647687  
-17.03046942  
-8.012142662  
-24.14609069  
-5.76753228  
33.34188922  
16.35672825  
-44.86266445  
-34.18249894  
42.59201948  
13.15480026  
38.12604996  
-13.47647687  
-17.03046942  
-8.012142662  
-24.14609069  
-5.76753228  
33.34188922  
16.35672825  
-44.86266445  
-34.18249894  
42.59201948  
13.15480026  
38.12604996  
-13.47647687  
-17.03046942  
-8.012142662  
-24.14609069  
-5.76753228  
33.34188922  
16.35672825  
-44.86266445  
-34.18249894  
42.59201948  
