-3.92493629  
65.98176858  
20.24741409  
8.958768984  
20.3142144  
10.83791311  
51.60140217  
-28.22258193  
-30.99509304  
-3.92493629  
65.98176858  
20.24741409  
8.958768984  
20.3142144  
10.83791311  
51.60140217  
-28.22258193  
-30.99509304  
-3.92493629  
65.98176858  
20.24741409  
8.958768984  
20.3142144  
10.83791311  
51.60140217  
-28.22258193  
-30.99509304  
-3.92493629  
65.98176858  
20.24741409  
8.958768984  
20.3142144  
10.83791311  
51.60140217  
-28.22258193  
-30.99509304  
