-14.73390346  
12.79723935  
-15.82915425  
48.76199223  
-2.9839855  
-71.52389175  
2.070060502  
-26.3573567  
-1.261504778  
-20.21709081  
-2.32713519  
-4.983952837  
-5.471830473  
-70.62472963  
-20.98241702  
-14.73390346  
12.79723935  
-15.82915425  
48.76199223  
-2.9839855  
-71.52389175  
2.070060502  
-26.3573567  
-1.261504778  
-20.21709081  
-2.32713519  
-4.983952837  
-5.471830473  
-70.62472963  
-20.98241702  
-14.73390346  
12.79723935  
-15.82915425  
48.76199223  
-2.9839855  
-71.52389175  
2.070060502  
-26.3573567  
-1.261504778  
-20.21709081  
-2.32713519  
-4.983952837  
-5.471830473  
-70.62472963  
-20.98241702  
-14.73390346  
12.79723935  
-15.82915425  
48.76199223  
-2.9839855  
-71.52389175  
2.070060502  
-26.3573567  
-1.261504778  
-20.21709081  
-2.32713519  
-4.983952837  
-5.471830473  
-70.62472963  
-20.98241702  
