-6.982043736  
-183.7420677  
7.097811172  
-151.147863  
-206.748505  
-52.46843216  
-65.43085975  
-141.2316658  
-5.417184192  
-74.92466679  
-220.5497771  
-61.94562457  
-16.44563474  
-6.982043736  
-183.7420677  
7.097811172  
-151.147863  
-206.748505  
-52.46843216  
-65.43085975  
-141.2316658  
-5.417184192  
-74.92466679  
-220.5497771  
-61.94562457  
-16.44563474  
-6.982043736  
-183.7420677  
7.097811172  
-151.147863  
-206.748505  
-52.46843216  
-65.43085975  
-141.2316658  
-5.417184192  
-74.92466679  
-220.5497771  
-61.94562457  
-16.44563474  
-6.982043736  
-183.7420677  
7.097811172  
-151.147863  
-206.748505  
-52.46843216  
-65.43085975  
-141.2316658  
-5.417184192  
-74.92466679  
-220.5497771  
-61.94562457  
-16.44563474  
