-160.2342438  
-147.6660673  
-6.684163622  
9.320587849  
-15.30066206  
-14.65165685  
-1.983667849  
-92.92289049  
-46.45615278  
26.39998847  
-89.0147704  
0.06679875993  
7.503987822  
-160.2342438  
-147.6660673  
-6.684163622  
9.320587849  
-15.30066206  
-14.65165685  
-1.983667849  
-92.92289049  
-46.45615278  
26.39998847  
-89.0147704  
0.06679875993  
7.503987822  
-160.2342438  
-147.6660673  
-6.684163622  
9.320587849  
-15.30066206  
-14.65165685  
-1.983667849  
-92.92289049  
-46.45615278  
26.39998847  
-89.0147704  
0.06679875993  
7.503987822  
-160.2342438  
-147.6660673  
-6.684163622  
9.320587849  
-15.30066206  
-14.65165685  
-1.983667849  
-92.92289049  
-46.45615278  
26.39998847  
-89.0147704  
0.06679875993  
7.503987822  
