-89.67229823  
-6.744387052  
-32.20955106  
2.449907412  
-24.67315262  
-7.597343129  
24.9305474  
-14.86059477  
-36.36510631  
-36.79703803  
73.99756051  
-89.67229823  
-6.744387052  
-32.20955106  
2.449907412  
-24.67315262  
-7.597343129  
24.9305474  
-14.86059477  
-36.36510631  
-36.79703803  
73.99756051  
-89.67229823  
-6.744387052  
-32.20955106  
2.449907412  
-24.67315262  
-7.597343129  
24.9305474  
-14.86059477  
-36.36510631  
-36.79703803  
73.99756051  
-89.67229823  
-6.744387052  
-32.20955106  
2.449907412  
-24.67315262  
-7.597343129  
24.9305474  
-14.86059477  
-36.36510631  
-36.79703803  
73.99756051  
