12.69774045  
-2.31349342  
7.129271819  
4.220497419  
-21.80046697  
16.36584202  
-12.20082614  
27.59934136  
12.11525904  
21.78183564  
10.5847336  
-2.607023038  
19.92789312  
-42.86664018  
3.469419469  
23.66691993  
-10.89377434  
12.69774045  
-2.31349342  
7.129271819  
4.220497419  
-21.80046697  
16.36584202  
-12.20082614  
27.59934136  
12.11525904  
21.78183564  
10.5847336  
-2.607023038  
19.92789312  
-42.86664018  
3.469419469  
23.66691993  
-10.89377434  
12.69774045  
-2.31349342  
7.129271819  
4.220497419  
-21.80046697  
16.36584202  
-12.20082614  
27.59934136  
12.11525904  
21.78183564  
10.5847336  
-2.607023038  
19.92789312  
-42.86664018  
3.469419469  
23.66691993  
-10.89377434  
12.69774045  
-2.31349342  
7.129271819  
4.220497419  
-21.80046697  
16.36584202  
-12.20082614  
27.59934136  
12.11525904  
21.78183564  
10.5847336  
-2.607023038  
19.92789312  
-42.86664018  
3.469419469  
23.66691993  
-10.89377434  
