1.623434193  
-7.699262809  
50.81858235  
-12.18589345  
-3.214844378  
-3.196115541  
-42.60755798  
71.17226713  
-23.77916483  
13.94431595  
52.73219741  
-1.820239845  
-42.75555796  
-20.75652336  
-48.30564672  
1.623434193  
-7.699262809  
50.81858235  
-12.18589345  
-3.214844378  
-3.196115541  
-42.60755798  
71.17226713  
-23.77916483  
13.94431595  
52.73219741  
-1.820239845  
-42.75555796  
-20.75652336  
-48.30564672  
1.623434193  
-7.699262809  
50.81858235  
-12.18589345  
-3.214844378  
-3.196115541  
-42.60755798  
71.17226713  
-23.77916483  
13.94431595  
52.73219741  
-1.820239845  
-42.75555796  
-20.75652336  
-48.30564672  
1.623434193  
-7.699262809  
50.81858235  
-12.18589345  
-3.214844378  
-3.196115541  
-42.60755798  
71.17226713  
-23.77916483  
13.94431595  
52.73219741  
-1.820239845  
-42.75555796  
-20.75652336  
-48.30564672  
