142.3213454  
110.4175287  
141.523094  
5.540633781  
128.0376896  
104.8933759  
129.2660017  
86.42322502  
65.69704383  
-19.99165289  
14.89270701  
108.0566969  
116.4076865  
196.2576033  
10.58952531  
95.46121394  
90.68869251  
84.98517008  
46.84874579  
130.4348375  
142.3213454  
110.4175287  
141.523094  
5.540633781  
128.0376896  
104.8933759  
129.2660017  
86.42322502  
65.69704383  
-19.99165289  
14.89270701  
108.0566969  
116.4076865  
196.2576033  
10.58952531  
95.46121394  
90.68869251  
84.98517008  
46.84874579  
130.4348375  
142.3213454  
110.4175287  
141.523094  
5.540633781  
128.0376896  
104.8933759  
129.2660017  
86.42322502  
65.69704383  
-19.99165289  
14.89270701  
108.0566969  
116.4076865  
196.2576033  
10.58952531  
95.46121394  
90.68869251  
84.98517008  
46.84874579  
130.4348375  
142.3213454  
110.4175287  
141.523094  
5.540633781  
128.0376896  
104.8933759  
129.2660017  
86.42322502  
65.69704383  
-19.99165289  
14.89270701  
108.0566969  
116.4076865  
196.2576033  
10.58952531  
95.46121394  
90.68869251  
84.98517008  
46.84874579  
130.4348375  
