-23.28913646  
62.39261432  
17.6690991  
70.41606974  
28.48143338  
42.22098365  
51.27445816  
-73.23578709  
62.87048567  
94.00586312  
33.53284857  
9.80481879  
52.23700547  
-23.28913646  
62.39261432  
17.6690991  
70.41606974  
28.48143338  
42.22098365  
51.27445816  
-73.23578709  
62.87048567  
94.00586312  
33.53284857  
9.80481879  
52.23700547  
-23.28913646  
62.39261432  
17.6690991  
70.41606974  
28.48143338  
42.22098365  
51.27445816  
-73.23578709  
62.87048567  
94.00586312  
33.53284857  
9.80481879  
52.23700547  
-23.28913646  
62.39261432  
17.6690991  
70.41606974  
28.48143338  
42.22098365  
51.27445816  
-73.23578709  
62.87048567  
94.00586312  
33.53284857  
9.80481879  
52.23700547  
