26.13793475  
-3.194817614  
6.461606591  
0.5818194853  
-37.19510009  
-28.69144844  
23.385051  
-4.729403926  
2.077836611  
-14.14365821  
-16.9731342  
-37.45096067  
26.13793475  
-3.194817614  
6.461606591  
0.5818194853  
-37.19510009  
-28.69144844  
23.385051  
-4.729403926  
2.077836611  
-14.14365821  
-16.9731342  
-37.45096067  
26.13793475  
-3.194817614  
6.461606591  
0.5818194853  
-37.19510009  
-28.69144844  
23.385051  
-4.729403926  
2.077836611  
-14.14365821  
-16.9731342  
-37.45096067  
26.13793475  
-3.194817614  
6.461606591  
0.5818194853  
-37.19510009  
-28.69144844  
23.385051  
-4.729403926  
2.077836611  
-14.14365821  
-16.9731342  
-37.45096067  
