0.3947087919  
16.74019308  
14.50396033  
12.73779384  
1.326427696  
-3.068224369  
-14.42219436  
6.986161957  
-3.439958902  
21.62048652  
10.23669428  
-22.87326425  
13.87745098  
31.43095782  
31.16189976  
0.3947087919  
16.74019308  
14.50396033  
12.73779384  
1.326427696  
-3.068224369  
-14.42219436  
6.986161957  
-3.439958902  
21.62048652  
10.23669428  
-22.87326425  
13.87745098  
31.43095782  
31.16189976  
0.3947087919  
16.74019308  
14.50396033  
12.73779384  
1.326427696  
-3.068224369  
-14.42219436  
6.986161957  
-3.439958902  
21.62048652  
10.23669428  
-22.87326425  
13.87745098  
31.43095782  
31.16189976  
0.3947087919  
16.74019308  
14.50396033  
12.73779384  
1.326427696  
-3.068224369  
-14.42219436  
6.986161957  
-3.439958902  
21.62048652  
10.23669428  
-22.87326425  
13.87745098  
31.43095782  
31.16189976  
