-29.64680284  
-41.79339128  
11.89662675  
-185.9472531  
21.90278012  
-7.54002993  
46.57982021  
38.14345863  
-141.0643036  
-44.57619855  
-40.79769337  
-37.15587875  
-16.20911727  
5.122214966  
-24.64473989  
-29.64680284  
-41.79339128  
11.89662675  
-185.9472531  
21.90278012  
-7.54002993  
46.57982021  
38.14345863  
-141.0643036  
-44.57619855  
-40.79769337  
-37.15587875  
-16.20911727  
5.122214966  
-24.64473989  
-29.64680284  
-41.79339128  
11.89662675  
-185.9472531  
21.90278012  
-7.54002993  
46.57982021  
38.14345863  
-141.0643036  
-44.57619855  
-40.79769337  
-37.15587875  
-16.20911727  
5.122214966  
-24.64473989  
-29.64680284  
-41.79339128  
11.89662675  
-185.9472531  
21.90278012  
-7.54002993  
46.57982021  
38.14345863  
-141.0643036  
-44.57619855  
-40.79769337  
-37.15587875  
-16.20911727  
5.122214966  
-24.64473989  
