-6.619215994  
-3.086503363  
-2.240954874  
11.7243723  
10.31697542  
20.69926878  
4.080859103  
13.99430689  
28.44397466  
0.1506124432  
-9.841702521  
-6.619215994  
-3.086503363  
-2.240954874  
11.7243723  
10.31697542  
20.69926878  
4.080859103  
13.99430689  
28.44397466  
0.1506124432  
-9.841702521  
-6.619215994  
-3.086503363  
-2.240954874  
11.7243723  
10.31697542  
20.69926878  
4.080859103  
13.99430689  
28.44397466  
0.1506124432  
-9.841702521  
-6.619215994  
-3.086503363  
-2.240954874  
11.7243723  
10.31697542  
20.69926878  
4.080859103  
13.99430689  
28.44397466  
0.1506124432  
-9.841702521  
