10.45366521  
-28.92426371  
-9.737630192  
7.347146443  
-67.50163112  
-21.35491707  
51.41638209  
43.42907407  
20.0761344  
11.48272432  
84.15175799  
61.30628425  
10.45366521  
-28.92426371  
-9.737630192  
7.347146443  
-67.50163112  
-21.35491707  
51.41638209  
43.42907407  
20.0761344  
11.48272432  
84.15175799  
61.30628425  
10.45366521  
-28.92426371  
-9.737630192  
7.347146443  
-67.50163112  
-21.35491707  
51.41638209  
43.42907407  
20.0761344  
11.48272432  
84.15175799  
61.30628425  
10.45366521  
-28.92426371  
-9.737630192  
7.347146443  
-67.50163112  
-21.35491707  
51.41638209  
43.42907407  
20.0761344  
11.48272432  
84.15175799  
61.30628425  
