-107.7871543  
-39.45127006  
25.18877588  
76.2153485  
19.75805804  
-7.80951318  
-142.1417857  
-9.838817209  
32.22572436  
53.77730824  
-107.7871543  
-39.45127006  
25.18877588  
76.2153485  
19.75805804  
-7.80951318  
-142.1417857  
-9.838817209  
32.22572436  
53.77730824  
-107.7871543  
-39.45127006  
25.18877588  
76.2153485  
19.75805804  
-7.80951318  
-142.1417857  
-9.838817209  
32.22572436  
53.77730824  
-107.7871543  
-39.45127006  
25.18877588  
76.2153485  
19.75805804  
-7.80951318  
-142.1417857  
-9.838817209  
32.22572436  
53.77730824  
