-35.7640598  
-26.7413962  
-11.6244925  
-113.2224528  
-75.50855119  
-45.48965113  
-24.17380295  
97.14185726  
54.04516014  
38.98447311  
29.96890775  
24.69190778  
21.1843565  
-16.29937674  
-25.61306794  
-30.03147527  
-103.1764436  
-35.7640598  
-26.7413962  
-11.6244925  
-113.2224528  
-75.50855119  
-45.48965113  
-24.17380295  
97.14185726  
54.04516014  
38.98447311  
29.96890775  
24.69190778  
21.1843565  
-16.29937674  
-25.61306794  
-30.03147527  
-103.1764436  
-35.7640598  
-26.7413962  
-11.6244925  
-113.2224528  
-75.50855119  
-45.48965113  
-24.17380295  
97.14185726  
54.04516014  
38.98447311  
29.96890775  
24.69190778  
21.1843565  
-16.29937674  
-25.61306794  
-30.03147527  
-103.1764436  
-35.7640598  
-26.7413962  
-11.6244925  
-113.2224528  
-75.50855119  
-45.48965113  
-24.17380295  
97.14185726  
54.04516014  
38.98447311  
29.96890775  
24.69190778  
21.1843565  
-16.29937674  
-25.61306794  
-30.03147527  
-103.1764436  
