5.35508861  
-0.991285876  
-10.40320687  
19.83365225  
33.54906057  
22.11859403  
15.11932658  
26.77482127  
11.40400516  
18.78479301  
33.51062568  
5.35508861  
-0.991285876  
-10.40320687  
19.83365225  
33.54906057  
22.11859403  
15.11932658  
26.77482127  
11.40400516  
18.78479301  
33.51062568  
5.35508861  
-0.991285876  
-10.40320687  
19.83365225  
33.54906057  
22.11859403  
15.11932658  
26.77482127  
11.40400516  
18.78479301  
33.51062568  
5.35508861  
-0.991285876  
-10.40320687  
19.83365225  
33.54906057  
22.11859403  
15.11932658  
26.77482127  
11.40400516  
18.78479301  
33.51062568  
