65.47431593  
85.36536368  
98.29625552  
130.0395269  
80.37668308  
92.68149049  
131.5412656  
96.68674271  
177.2431438  
41.98526404  
88.18094654  
116.9422053  
72.7938802  
145.9893819  
105.8914721  
58.63898364  
58.30913463  
65.47431593  
85.36536368  
98.29625552  
130.0395269  
80.37668308  
92.68149049  
131.5412656  
96.68674271  
177.2431438  
41.98526404  
88.18094654  
116.9422053  
72.7938802  
145.9893819  
105.8914721  
58.63898364  
58.30913463  
65.47431593  
85.36536368  
98.29625552  
130.0395269  
80.37668308  
92.68149049  
131.5412656  
96.68674271  
177.2431438  
41.98526404  
88.18094654  
116.9422053  
72.7938802  
145.9893819  
105.8914721  
58.63898364  
58.30913463  
65.47431593  
85.36536368  
98.29625552  
130.0395269  
80.37668308  
92.68149049  
131.5412656  
96.68674271  
177.2431438  
41.98526404  
88.18094654  
116.9422053  
72.7938802  
145.9893819  
105.8914721  
58.63898364  
58.30913463  
