-35.78576523  
-98.73614839  
-25.73436448  
45.56262165  
20.37092538  
-29.50587673  
-27.93998354  
-21.8672158  
-82.87357722  
-38.70608324  
9.92669831  
-45.99567271  
15.04676546  
-35.78576523  
-98.73614839  
-25.73436448  
45.56262165  
20.37092538  
-29.50587673  
-27.93998354  
-21.8672158  
-82.87357722  
-38.70608324  
9.92669831  
-45.99567271  
15.04676546  
-35.78576523  
-98.73614839  
-25.73436448  
45.56262165  
20.37092538  
-29.50587673  
-27.93998354  
-21.8672158  
-82.87357722  
-38.70608324  
9.92669831  
-45.99567271  
15.04676546  
-35.78576523  
-98.73614839  
-25.73436448  
45.56262165  
20.37092538  
-29.50587673  
-27.93998354  
-21.8672158  
-82.87357722  
-38.70608324  
9.92669831  
-45.99567271  
15.04676546  
