-108.579982  
-102.2052851  
-23.08024508  
-70.61141007  
-109.6495452  
-50.01520756  
-110.9187662  
-27.54009032  
-35.11802916  
-27.80432592  
-69.97668865  
-72.58565152  
-89.17322605  
-17.77260974  
-108.579982  
-102.2052851  
-23.08024508  
-70.61141007  
-109.6495452  
-50.01520756  
-110.9187662  
-27.54009032  
-35.11802916  
-27.80432592  
-69.97668865  
-72.58565152  
-89.17322605  
-17.77260974  
-108.579982  
-102.2052851  
-23.08024508  
-70.61141007  
-109.6495452  
-50.01520756  
-110.9187662  
-27.54009032  
-35.11802916  
-27.80432592  
-69.97668865  
-72.58565152  
-89.17322605  
-17.77260974  
-108.579982  
-102.2052851  
-23.08024508  
-70.61141007  
-109.6495452  
-50.01520756  
-110.9187662  
-27.54009032  
-35.11802916  
-27.80432592  
-69.97668865  
-72.58565152  
-89.17322605  
-17.77260974  
