-6.577393926  
114.6857212  
41.18291937  
2.085797136  
-30.38030122  
48.769442  
49.03158486  
139.1611184  
-16.36617841  
45.94204717  
-46.15745246  
96.25013725  
102.4682396  
-7.630296383  
25.42116316  
-5.790492466  
-39.4692845  
-6.577393926  
114.6857212  
41.18291937  
2.085797136  
-30.38030122  
48.769442  
49.03158486  
139.1611184  
-16.36617841  
45.94204717  
-46.15745246  
96.25013725  
102.4682396  
-7.630296383  
25.42116316  
-5.790492466  
-39.4692845  
-6.577393926  
114.6857212  
41.18291937  
2.085797136  
-30.38030122  
48.769442  
49.03158486  
139.1611184  
-16.36617841  
45.94204717  
-46.15745246  
96.25013725  
102.4682396  
-7.630296383  
25.42116316  
-5.790492466  
-39.4692845  
-6.577393926  
114.6857212  
41.18291937  
2.085797136  
-30.38030122  
48.769442  
49.03158486  
139.1611184  
-16.36617841  
45.94204717  
-46.15745246  
96.25013725  
102.4682396  
-7.630296383  
25.42116316  
-5.790492466  
-39.4692845  
