34.90304699  
-41.96595649  
56.04408683  
32.38487659  
-27.02264348  
14.07761723  
64.67092691  
105.2966121  
-7.896717103  
77.37617109  
148.7971282  
74.75219579  
34.90304699  
-41.96595649  
56.04408683  
32.38487659  
-27.02264348  
14.07761723  
64.67092691  
105.2966121  
-7.896717103  
77.37617109  
148.7971282  
74.75219579  
34.90304699  
-41.96595649  
56.04408683  
32.38487659  
-27.02264348  
14.07761723  
64.67092691  
105.2966121  
-7.896717103  
77.37617109  
148.7971282  
74.75219579  
34.90304699  
-41.96595649  
56.04408683  
32.38487659  
-27.02264348  
14.07761723  
64.67092691  
105.2966121  
-7.896717103  
77.37617109  
148.7971282  
74.75219579  
