-55.20223401  
4.596646992  
-3.270278132  
-79.27859709  
14.30964734  
3.567114064  
-30.28360889  
69.81388874  
19.02559106  
16.81537904  
20.53110273  
-11.13769006  
-55.20223401  
4.596646992  
-3.270278132  
-79.27859709  
14.30964734  
3.567114064  
-30.28360889  
69.81388874  
19.02559106  
16.81537904  
20.53110273  
-11.13769006  
-55.20223401  
4.596646992  
-3.270278132  
-79.27859709  
14.30964734  
3.567114064  
-30.28360889  
69.81388874  
19.02559106  
16.81537904  
20.53110273  
-11.13769006  
-55.20223401  
4.596646992  
-3.270278132  
-79.27859709  
14.30964734  
3.567114064  
-30.28360889  
69.81388874  
19.02559106  
16.81537904  
20.53110273  
-11.13769006  
