-37.78593881  
-9.0133404  
8.423096413  
2.589315888  
17.07174421  
-39.95893388  
24.62166246  
0.5734308754  
2.132256555  
-26.26753769  
-5.679474463  
-35.05006185  
38.67925142  
-60.22321166  
-10.7065983  
-37.78593881  
-9.0133404  
8.423096413  
2.589315888  
17.07174421  
-39.95893388  
24.62166246  
0.5734308754  
2.132256555  
-26.26753769  
-5.679474463  
-35.05006185  
38.67925142  
-60.22321166  
-10.7065983  
-37.78593881  
-9.0133404  
8.423096413  
2.589315888  
17.07174421  
-39.95893388  
24.62166246  
0.5734308754  
2.132256555  
-26.26753769  
-5.679474463  
-35.05006185  
38.67925142  
-60.22321166  
-10.7065983  
-37.78593881  
-9.0133404  
8.423096413  
2.589315888  
17.07174421  
-39.95893388  
24.62166246  
0.5734308754  
2.132256555  
-26.26753769  
-5.679474463  
-35.05006185  
38.67925142  
-60.22321166  
-10.7065983  
