-1.141028938  
-27.36615934  
16.61391592  
45.58521451  
-76.52268564  
-23.76155312  
11.19202148  
29.76989861  
58.23620647  
-1.141028938  
-27.36615934  
16.61391592  
45.58521451  
-76.52268564  
-23.76155312  
11.19202148  
29.76989861  
58.23620647  
-1.141028938  
-27.36615934  
16.61391592  
45.58521451  
-76.52268564  
-23.76155312  
11.19202148  
29.76989861  
58.23620647  
-1.141028938  
-27.36615934  
16.61391592  
45.58521451  
-76.52268564  
-23.76155312  
11.19202148  
29.76989861  
58.23620647  
