-14.78048277  
-58.22412535  
-8.916410174  
21.13463972  
31.68148259  
-20.24520642  
-25.20411167  
-9.189601639  
-21.63166735  
-19.05285844  
-27.23645569  
-32.25959159  
34.75593094  
-24.37664944  
-23.80762238  
-14.78048277  
-58.22412535  
-8.916410174  
21.13463972  
31.68148259  
-20.24520642  
-25.20411167  
-9.189601639  
-21.63166735  
-19.05285844  
-27.23645569  
-32.25959159  
34.75593094  
-24.37664944  
-23.80762238  
-14.78048277  
-58.22412535  
-8.916410174  
21.13463972  
31.68148259  
-20.24520642  
-25.20411167  
-9.189601639  
-21.63166735  
-19.05285844  
-27.23645569  
-32.25959159  
34.75593094  
-24.37664944  
-23.80762238  
-14.78048277  
-58.22412535  
-8.916410174  
21.13463972  
31.68148259  
-20.24520642  
-25.20411167  
-9.189601639  
-21.63166735  
-19.05285844  
-27.23645569  
-32.25959159  
34.75593094  
-24.37664944  
-23.80762238  
