-21.99370165  
-49.9749683  
-17.16421234  
5.93331936  
58.7527465  
63.0776254  
-0.3598449538  
14.81870514  
21.02253635  
22.68530798  
-30.73800992  
-21.99370165  
-49.9749683  
-17.16421234  
5.93331936  
58.7527465  
63.0776254  
-0.3598449538  
14.81870514  
21.02253635  
22.68530798  
-30.73800992  
-21.99370165  
-49.9749683  
-17.16421234  
5.93331936  
58.7527465  
63.0776254  
-0.3598449538  
14.81870514  
21.02253635  
22.68530798  
-30.73800992  
-21.99370165  
-49.9749683  
-17.16421234  
5.93331936  
58.7527465  
63.0776254  
-0.3598449538  
14.81870514  
21.02253635  
22.68530798  
-30.73800992  
