-24.3429309  
-7.518100048  
-6.539308733  
-12.92821423  
-35.71474851  
18.29876663  
6.290404571  
5.55554167  
-23.88201894  
-0.6514172883  
-5.967830785  
-20.85437174  
-27.16752285  
-21.44227537  
-12.02922389  
17.75399015  
-36.76926277  
-24.3429309  
-7.518100048  
-6.539308733  
-12.92821423  
-35.71474851  
18.29876663  
6.290404571  
5.55554167  
-23.88201894  
-0.6514172883  
-5.967830785  
-20.85437174  
-27.16752285  
-21.44227537  
-12.02922389  
17.75399015  
-36.76926277  
-24.3429309  
-7.518100048  
-6.539308733  
-12.92821423  
-35.71474851  
18.29876663  
6.290404571  
5.55554167  
-23.88201894  
-0.6514172883  
-5.967830785  
-20.85437174  
-27.16752285  
-21.44227537  
-12.02922389  
17.75399015  
-36.76926277  
-24.3429309  
-7.518100048  
-6.539308733  
-12.92821423  
-35.71474851  
18.29876663  
6.290404571  
5.55554167  
-23.88201894  
-0.6514172883  
-5.967830785  
-20.85437174  
-27.16752285  
-21.44227537  
-12.02922389  
17.75399015  
-36.76926277  
