14.25826001  
-6.812015182  
-2.952596694  
3.885356375  
24.5135873  
10.61764232  
-11.70944699  
-4.954829019  
19.84825189  
-18.24322106  
-27.56667959  
12.52933662  
11.77977612  
3.411259084  
-27.56033152  
-0.004764519915  
-7.66141516  
3.751685321  
23.21967734  
-27.50912594  
14.25826001  
-6.812015182  
-2.952596694  
3.885356375  
24.5135873  
10.61764232  
-11.70944699  
-4.954829019  
19.84825189  
-18.24322106  
-27.56667959  
12.52933662  
11.77977612  
3.411259084  
-27.56033152  
-0.004764519915  
-7.66141516  
3.751685321  
23.21967734  
-27.50912594  
14.25826001  
-6.812015182  
-2.952596694  
3.885356375  
24.5135873  
10.61764232  
-11.70944699  
-4.954829019  
19.84825189  
-18.24322106  
-27.56667959  
12.52933662  
11.77977612  
3.411259084  
-27.56033152  
-0.004764519915  
-7.66141516  
3.751685321  
23.21967734  
-27.50912594  
14.25826001  
-6.812015182  
-2.952596694  
3.885356375  
24.5135873  
10.61764232  
-11.70944699  
-4.954829019  
19.84825189  
-18.24322106  
-27.56667959  
12.52933662  
11.77977612  
3.411259084  
-27.56033152  
-0.004764519915  
-7.66141516  
3.751685321  
23.21967734  
-27.50912594  
