6.371328497  
44.30293814  
29.65853248  
-42.25470395  
-7.052905407  
30.73574449  
43.19494421  
47.26598885  
1.606661489  
4.613927532  
-9.843783998  
6.371328497  
44.30293814  
29.65853248  
-42.25470395  
-7.052905407  
30.73574449  
43.19494421  
47.26598885  
1.606661489  
4.613927532  
-9.843783998  
6.371328497  
44.30293814  
29.65853248  
-42.25470395  
-7.052905407  
30.73574449  
43.19494421  
47.26598885  
1.606661489  
4.613927532  
-9.843783998  
6.371328497  
44.30293814  
29.65853248  
-42.25470395  
-7.052905407  
30.73574449  
43.19494421  
47.26598885  
1.606661489  
4.613927532  
-9.843783998  
