6.173067016  
-24.38620191  
67.72324914  
151.912694  
67.91274874  
62.92795948  
-13.7726325  
88.7208239  
31.67284186  
-14.66445588  
16.29647573  
6.173067016  
-24.38620191  
67.72324914  
151.912694  
67.91274874  
62.92795948  
-13.7726325  
88.7208239  
31.67284186  
-14.66445588  
16.29647573  
6.173067016  
-24.38620191  
67.72324914  
151.912694  
67.91274874  
62.92795948  
-13.7726325  
88.7208239  
31.67284186  
-14.66445588  
16.29647573  
6.173067016  
-24.38620191  
67.72324914  
151.912694  
67.91274874  
62.92795948  
-13.7726325  
88.7208239  
31.67284186  
-14.66445588  
16.29647573  
