2.898600186  
-36.75872515  
-18.96649262  
32.46541585  
-11.77838066  
-38.88037379  
-31.08342912  
-45.93057332  
-11.47171311  
2.898600186  
-36.75872515  
-18.96649262  
32.46541585  
-11.77838066  
-38.88037379  
-31.08342912  
-45.93057332  
-11.47171311  
2.898600186  
-36.75872515  
-18.96649262  
32.46541585  
-11.77838066  
-38.88037379  
-31.08342912  
-45.93057332  
-11.47171311  
2.898600186  
-36.75872515  
-18.96649262  
32.46541585  
-11.77838066  
-38.88037379  
-31.08342912  
-45.93057332  
-11.47171311  
