13.1652433  
25.59101168  
-27.2397413  
-43.78241317  
5.148289297  
-56.61622535  
27.29355083  
-28.78423758  
5.228901273  
22.58580758  
25.28360416  
-1.976554749  
4.124169139  
-14.21920947  
-2.687574411  
13.1652433  
25.59101168  
-27.2397413  
-43.78241317  
5.148289297  
-56.61622535  
27.29355083  
-28.78423758  
5.228901273  
22.58580758  
25.28360416  
-1.976554749  
4.124169139  
-14.21920947  
-2.687574411  
13.1652433  
25.59101168  
-27.2397413  
-43.78241317  
5.148289297  
-56.61622535  
27.29355083  
-28.78423758  
5.228901273  
22.58580758  
25.28360416  
-1.976554749  
4.124169139  
-14.21920947  
-2.687574411  
13.1652433  
25.59101168  
-27.2397413  
-43.78241317  
5.148289297  
-56.61622535  
27.29355083  
-28.78423758  
5.228901273  
22.58580758  
25.28360416  
-1.976554749  
4.124169139  
-14.21920947  
-2.687574411  
