-76.15272521  
-10.90206971  
-85.83410205  
-30.65793374  
-18.86504342  
20.1151814  
-36.55636074  
-7.074902591  
-82.15097029  
-58.21612184  
-3.074890085  
-76.15272521  
-10.90206971  
-85.83410205  
-30.65793374  
-18.86504342  
20.1151814  
-36.55636074  
-7.074902591  
-82.15097029  
-58.21612184  
-3.074890085  
-76.15272521  
-10.90206971  
-85.83410205  
-30.65793374  
-18.86504342  
20.1151814  
-36.55636074  
-7.074902591  
-82.15097029  
-58.21612184  
-3.074890085  
-76.15272521  
-10.90206971  
-85.83410205  
-30.65793374  
-18.86504342  
20.1151814  
-36.55636074  
-7.074902591  
-82.15097029  
-58.21612184  
-3.074890085  
