-10.75120652  
5.856272719  
-13.38264374  
21.95142347  
-94.24706319  
34.66972768  
-50.19565465  
-8.217610982  
-35.38575478  
-9.685215316  
-5.747374259  
7.041760228  
-48.51009536  
-31.17655435  
-5.777642621  
17.21630432  
-17.60321946  
-10.75120652  
5.856272719  
-13.38264374  
21.95142347  
-94.24706319  
34.66972768  
-50.19565465  
-8.217610982  
-35.38575478  
-9.685215316  
-5.747374259  
7.041760228  
-48.51009536  
-31.17655435  
-5.777642621  
17.21630432  
-17.60321946  
-10.75120652  
5.856272719  
-13.38264374  
21.95142347  
-94.24706319  
34.66972768  
-50.19565465  
-8.217610982  
-35.38575478  
-9.685215316  
-5.747374259  
7.041760228  
-48.51009536  
-31.17655435  
-5.777642621  
17.21630432  
-17.60321946  
-10.75120652  
5.856272719  
-13.38264374  
21.95142347  
-94.24706319  
34.66972768  
-50.19565465  
-8.217610982  
-35.38575478  
-9.685215316  
-5.747374259  
7.041760228  
-48.51009536  
-31.17655435  
-5.777642621  
17.21630432  
-17.60321946  
