36.58735204  
-35.48460573  
12.67065154  
23.35036344  
-61.44650888  
55.9716719  
21.60761007  
68.93928117  
-52.7356392  
-20.78632526  
-67.72447728  
101.0005378  
-41.7286175  
44.51474587  
168.3657569  
-53.38138756  
54.17049403  
36.58735204  
-35.48460573  
12.67065154  
23.35036344  
-61.44650888  
55.9716719  
21.60761007  
68.93928117  
-52.7356392  
-20.78632526  
-67.72447728  
101.0005378  
-41.7286175  
44.51474587  
168.3657569  
-53.38138756  
54.17049403  
36.58735204  
-35.48460573  
12.67065154  
23.35036344  
-61.44650888  
55.9716719  
21.60761007  
68.93928117  
-52.7356392  
-20.78632526  
-67.72447728  
101.0005378  
-41.7286175  
44.51474587  
168.3657569  
-53.38138756  
54.17049403  
36.58735204  
-35.48460573  
12.67065154  
23.35036344  
-61.44650888  
55.9716719  
21.60761007  
68.93928117  
-52.7356392  
-20.78632526  
-67.72447728  
101.0005378  
-41.7286175  
44.51474587  
168.3657569  
-53.38138756  
54.17049403  
