-35.3205192  
23.03295505  
39.06815989  
36.52784376  
10.1028426  
-90.86755766  
17.10201256  
-9.350532692  
-48.52792655  
57.43494229  
-4.310288004  
-40.28219746  
-12.47235241  
72.44198547  
-35.3205192  
23.03295505  
39.06815989  
36.52784376  
10.1028426  
-90.86755766  
17.10201256  
-9.350532692  
-48.52792655  
57.43494229  
-4.310288004  
-40.28219746  
-12.47235241  
72.44198547  
-35.3205192  
23.03295505  
39.06815989  
36.52784376  
10.1028426  
-90.86755766  
17.10201256  
-9.350532692  
-48.52792655  
57.43494229  
-4.310288004  
-40.28219746  
-12.47235241  
72.44198547  
-35.3205192  
23.03295505  
39.06815989  
36.52784376  
10.1028426  
-90.86755766  
17.10201256  
-9.350532692  
-48.52792655  
57.43494229  
-4.310288004  
-40.28219746  
-12.47235241  
72.44198547  
