-3.650429492  
-4.259913751  
-17.30701595  
-14.02937475  
5.127444037  
-5.188754321  
-9.723966654  
8.303713023  
14.35601872  
19.12046191  
-6.126172412  
2.177118358  
6.230896322  
11.69294511  
-29.75286673  
8.142825659  
-14.57729369  
-3.650429492  
-4.259913751  
-17.30701595  
-14.02937475  
5.127444037  
-5.188754321  
-9.723966654  
8.303713023  
14.35601872  
19.12046191  
-6.126172412  
2.177118358  
6.230896322  
11.69294511  
-29.75286673  
8.142825659  
-14.57729369  
-3.650429492  
-4.259913751  
-17.30701595  
-14.02937475  
5.127444037  
-5.188754321  
-9.723966654  
8.303713023  
14.35601872  
19.12046191  
-6.126172412  
2.177118358  
6.230896322  
11.69294511  
-29.75286673  
8.142825659  
-14.57729369  
-3.650429492  
-4.259913751  
-17.30701595  
-14.02937475  
5.127444037  
-5.188754321  
-9.723966654  
8.303713023  
14.35601872  
19.12046191  
-6.126172412  
2.177118358  
6.230896322  
11.69294511  
-29.75286673  
8.142825659  
-14.57729369  
