-88.68837384  
1.895623071  
6.44635373  
-16.79933674  
-58.95281802  
-67.96322165  
77.44489362  
-75.35244554  
74.94140869  
-75.77671625  
-2.377128539  
-59.3545334  
-88.68837384  
1.895623071  
6.44635373  
-16.79933674  
-58.95281802  
-67.96322165  
77.44489362  
-75.35244554  
74.94140869  
-75.77671625  
-2.377128539  
-59.3545334  
-88.68837384  
1.895623071  
6.44635373  
-16.79933674  
-58.95281802  
-67.96322165  
77.44489362  
-75.35244554  
74.94140869  
-75.77671625  
-2.377128539  
-59.3545334  
-88.68837384  
1.895623071  
6.44635373  
-16.79933674  
-58.95281802  
-67.96322165  
77.44489362  
-75.35244554  
74.94140869  
-75.77671625  
-2.377128539  
-59.3545334  
