-9.930533033  
-0.7552015018  
-15.51227136  
-1.286344469  
-1.549268259  
-13.92475908  
8.943699349  
-3.510727611  
-13.93583697  
36.26637086  
0.5871672648  
5.212045205  
-27.6484981  
-10.16868218  
12.93370185  
-17.0912515  
-9.930533033  
-0.7552015018  
-15.51227136  
-1.286344469  
-1.549268259  
-13.92475908  
8.943699349  
-3.510727611  
-13.93583697  
36.26637086  
0.5871672648  
5.212045205  
-27.6484981  
-10.16868218  
12.93370185  
-17.0912515  
-9.930533033  
-0.7552015018  
-15.51227136  
-1.286344469  
-1.549268259  
-13.92475908  
8.943699349  
-3.510727611  
-13.93583697  
36.26637086  
0.5871672648  
5.212045205  
-27.6484981  
-10.16868218  
12.93370185  
-17.0912515  
-9.930533033  
-0.7552015018  
-15.51227136  
-1.286344469  
-1.549268259  
-13.92475908  
8.943699349  
-3.510727611  
-13.93583697  
36.26637086  
0.5871672648  
5.212045205  
-27.6484981  
-10.16868218  
12.93370185  
-17.0912515  
