-38.85369688  
-4.518771078  
-31.68054999  
-40.85871315  
-26.67933492  
2.223104008  
-13.96805849  
58.87930818  
44.24025749  
24.36710248  
8.191048225  
-29.61376868  
37.8471624  
80.0450147  
-38.85369688  
-4.518771078  
-31.68054999  
-40.85871315  
-26.67933492  
2.223104008  
-13.96805849  
58.87930818  
44.24025749  
24.36710248  
8.191048225  
-29.61376868  
37.8471624  
80.0450147  
-38.85369688  
-4.518771078  
-31.68054999  
-40.85871315  
-26.67933492  
2.223104008  
-13.96805849  
58.87930818  
44.24025749  
24.36710248  
8.191048225  
-29.61376868  
37.8471624  
80.0450147  
-38.85369688  
-4.518771078  
-31.68054999  
-40.85871315  
-26.67933492  
2.223104008  
-13.96805849  
58.87930818  
44.24025749  
24.36710248  
8.191048225  
-29.61376868  
37.8471624  
80.0450147  
