-81.27296063  
-88.18001305  
23.3909832  
-56.50172099  
60.8134476  
14.47658514  
90.7413669  
9.092058563  
-26.44524018  
-126.0993564  
-6.895311915  
-82.14106477  
-115.8768079  
-46.3275937  
8.442819115  
37.52420631  
-81.27296063  
-88.18001305  
23.3909832  
-56.50172099  
60.8134476  
14.47658514  
90.7413669  
9.092058563  
-26.44524018  
-126.0993564  
-6.895311915  
-82.14106477  
-115.8768079  
-46.3275937  
8.442819115  
37.52420631  
-81.27296063  
-88.18001305  
23.3909832  
-56.50172099  
60.8134476  
14.47658514  
90.7413669  
9.092058563  
-26.44524018  
-126.0993564  
-6.895311915  
-82.14106477  
-115.8768079  
-46.3275937  
8.442819115  
37.52420631  
-81.27296063  
-88.18001305  
23.3909832  
-56.50172099  
60.8134476  
14.47658514  
90.7413669  
9.092058563  
-26.44524018  
-126.0993564  
-6.895311915  
-82.14106477  
-115.8768079  
-46.3275937  
8.442819115  
37.52420631  
