-62.68298247  
-103.0678775  
-103.6697731  
-72.19268145  
32.88224023  
-3.322724081  
-101.9909816  
-41.99537271  
26.0912361  
43.28365631  
-4.578397491  
-31.04034896  
-62.68298247  
-103.0678775  
-103.6697731  
-72.19268145  
32.88224023  
-3.322724081  
-101.9909816  
-41.99537271  
26.0912361  
43.28365631  
-4.578397491  
-31.04034896  
-62.68298247  
-103.0678775  
-103.6697731  
-72.19268145  
32.88224023  
-3.322724081  
-101.9909816  
-41.99537271  
26.0912361  
43.28365631  
-4.578397491  
-31.04034896  
-62.68298247  
-103.0678775  
-103.6697731  
-72.19268145  
32.88224023  
-3.322724081  
-101.9909816  
-41.99537271  
26.0912361  
43.28365631  
-4.578397491  
-31.04034896  
