-14.56902184  
-12.5273975  
15.68176847  
6.892963175  
4.214408271  
8.97396772  
-13.50343881  
1.866500426  
0.8596678091  
-14.56902184  
-12.5273975  
15.68176847  
6.892963175  
4.214408271  
8.97396772  
-13.50343881  
1.866500426  
0.8596678091  
-14.56902184  
-12.5273975  
15.68176847  
6.892963175  
4.214408271  
8.97396772  
-13.50343881  
1.866500426  
0.8596678091  
-14.56902184  
-12.5273975  
15.68176847  
6.892963175  
4.214408271  
8.97396772  
-13.50343881  
1.866500426  
0.8596678091  
