-35.79179527  
29.41502164  
-44.82597834  
20.85849357  
-49.76556558  
-21.55586177  
11.02893588  
-34.88076607  
-35.04179508  
-18.42846067  
-15.8067245  
-72.88833535  
-35.79179527  
29.41502164  
-44.82597834  
20.85849357  
-49.76556558  
-21.55586177  
11.02893588  
-34.88076607  
-35.04179508  
-18.42846067  
-15.8067245  
-72.88833535  
-35.79179527  
29.41502164  
-44.82597834  
20.85849357  
-49.76556558  
-21.55586177  
11.02893588  
-34.88076607  
-35.04179508  
-18.42846067  
-15.8067245  
-72.88833535  
-35.79179527  
29.41502164  
-44.82597834  
20.85849357  
-49.76556558  
-21.55586177  
11.02893588  
-34.88076607  
-35.04179508  
-18.42846067  
-15.8067245  
-72.88833535  
