-144.1847857  
-57.77361389  
-34.35683393  
5.385297393  
-29.54421225  
45.48557289  
-32.86176832  
9.478789794  
82.38041735  
1.009407446  
15.63801464  
48.46783823  
62.20796024  
87.51178333  
-144.1847857  
-57.77361389  
-34.35683393  
5.385297393  
-29.54421225  
45.48557289  
-32.86176832  
9.478789794  
82.38041735  
1.009407446  
15.63801464  
48.46783823  
62.20796024  
87.51178333  
-144.1847857  
-57.77361389  
-34.35683393  
5.385297393  
-29.54421225  
45.48557289  
-32.86176832  
9.478789794  
82.38041735  
1.009407446  
15.63801464  
48.46783823  
62.20796024  
87.51178333  
-144.1847857  
-57.77361389  
-34.35683393  
5.385297393  
-29.54421225  
45.48557289  
-32.86176832  
9.478789794  
82.38041735  
1.009407446  
15.63801464  
48.46783823  
62.20796024  
87.51178333  
