203.5310746  
69.65183608  
-153.0256394  
-110.9817152  
-279.0861415  
31.27307094  
-33.40701817  
-83.61210506  
12.73055479  
-101.4918372  
-49.66080277  
203.5310746  
69.65183608  
-153.0256394  
-110.9817152  
-279.0861415  
31.27307094  
-33.40701817  
-83.61210506  
12.73055479  
-101.4918372  
-49.66080277  
203.5310746  
69.65183608  
-153.0256394  
-110.9817152  
-279.0861415  
31.27307094  
-33.40701817  
-83.61210506  
12.73055479  
-101.4918372  
-49.66080277  
203.5310746  
69.65183608  
-153.0256394  
-110.9817152  
-279.0861415  
31.27307094  
-33.40701817  
-83.61210506  
12.73055479  
-101.4918372  
-49.66080277  
