-78.89638379  
-6.038153063  
-75.53000601  
-88.70477377  
2.735323085  
-146.6782389  
29.89146191  
-16.3195106  
-40.18984298  
109.9568242  
-127.716038  
-87.1911612  
-58.9572683  
-31.89088962  
14.51708394  
-144.7430327  
38.94690014  
-22.61710202  
61.50982561  
-78.89638379  
-6.038153063  
-75.53000601  
-88.70477377  
2.735323085  
-146.6782389  
29.89146191  
-16.3195106  
-40.18984298  
109.9568242  
-127.716038  
-87.1911612  
-58.9572683  
-31.89088962  
14.51708394  
-144.7430327  
38.94690014  
-22.61710202  
61.50982561  
-78.89638379  
-6.038153063  
-75.53000601  
-88.70477377  
2.735323085  
-146.6782389  
29.89146191  
-16.3195106  
-40.18984298  
109.9568242  
-127.716038  
-87.1911612  
-58.9572683  
-31.89088962  
14.51708394  
-144.7430327  
38.94690014  
-22.61710202  
61.50982561  
-78.89638379  
-6.038153063  
-75.53000601  
-88.70477377  
2.735323085  
-146.6782389  
29.89146191  
-16.3195106  
-40.18984298  
109.9568242  
-127.716038  
-87.1911612  
-58.9572683  
-31.89088962  
14.51708394  
-144.7430327  
38.94690014  
-22.61710202  
61.50982561  
