-241.1597772  
-96.07403645  
-166.5828671  
41.68601469  
83.12308958  
-29.5948986  
-338.5802162  
-79.07558233  
-129.3470333  
-239.832739  
-64.59195737  
-241.1597772  
-96.07403645  
-166.5828671  
41.68601469  
83.12308958  
-29.5948986  
-338.5802162  
-79.07558233  
-129.3470333  
-239.832739  
-64.59195737  
-241.1597772  
-96.07403645  
-166.5828671  
41.68601469  
83.12308958  
-29.5948986  
-338.5802162  
-79.07558233  
-129.3470333  
-239.832739  
-64.59195737  
-241.1597772  
-96.07403645  
-166.5828671  
41.68601469  
83.12308958  
-29.5948986  
-338.5802162  
-79.07558233  
-129.3470333  
-239.832739  
-64.59195737  
