-16.94954468  
-4.378115233  
-20.9738071  
15.27699613  
-278.3361418  
-193.8307381  
-30.20122966  
-85.63758626  
73.10833891  
-86.10120521  
-629.6688185  
-30.23248779  
-11.78727492  
-49.70639825  
-201.6156126  
9.287826667  
-16.94954468  
-4.378115233  
-20.9738071  
15.27699613  
-278.3361418  
-193.8307381  
-30.20122966  
-85.63758626  
73.10833891  
-86.10120521  
-629.6688185  
-30.23248779  
-11.78727492  
-49.70639825  
-201.6156126  
9.287826667  
-16.94954468  
-4.378115233  
-20.9738071  
15.27699613  
-278.3361418  
-193.8307381  
-30.20122966  
-85.63758626  
73.10833891  
-86.10120521  
-629.6688185  
-30.23248779  
-11.78727492  
-49.70639825  
-201.6156126  
9.287826667  
-16.94954468  
-4.378115233  
-20.9738071  
15.27699613  
-278.3361418  
-193.8307381  
-30.20122966  
-85.63758626  
73.10833891  
-86.10120521  
-629.6688185  
-30.23248779  
-11.78727492  
-49.70639825  
-201.6156126  
9.287826667  
