-34.69876116  
24.93397567  
-2.633387679  
3.240854426  
15.63404684  
19.32551025  
21.08138562  
-63.74676692  
34.51029192  
-146.2577427  
52.47979644  
60.21524794  
-100.4448299  
36.49107344  
5.652913837  
-34.69876116  
24.93397567  
-2.633387679  
3.240854426  
15.63404684  
19.32551025  
21.08138562  
-63.74676692  
34.51029192  
-146.2577427  
52.47979644  
60.21524794  
-100.4448299  
36.49107344  
5.652913837  
-34.69876116  
24.93397567  
-2.633387679  
3.240854426  
15.63404684  
19.32551025  
21.08138562  
-63.74676692  
34.51029192  
-146.2577427  
52.47979644  
60.21524794  
-100.4448299  
36.49107344  
5.652913837  
-34.69876116  
24.93397567  
-2.633387679  
3.240854426  
15.63404684  
19.32551025  
21.08138562  
-63.74676692  
34.51029192  
-146.2577427  
52.47979644  
60.21524794  
-100.4448299  
36.49107344  
5.652913837  
