25.96208455  
23.44343015  
53.4318491  
87.61249962  
22.1791603  
103.2968856  
55.61678592  
-57.93213147  
115.1254462  
-57.22012344  
27.91478893  
25.96208455  
23.44343015  
53.4318491  
87.61249962  
22.1791603  
103.2968856  
55.61678592  
-57.93213147  
115.1254462  
-57.22012344  
27.91478893  
25.96208455  
23.44343015  
53.4318491  
87.61249962  
22.1791603  
103.2968856  
55.61678592  
-57.93213147  
115.1254462  
-57.22012344  
27.91478893  
25.96208455  
23.44343015  
53.4318491  
87.61249962  
22.1791603  
103.2968856  
55.61678592  
-57.93213147  
115.1254462  
-57.22012344  
27.91478893  
