-45.17918066  
6.220028326  
16.16257289  
-26.34251297  
39.17534181  
2.54984448  
6.836888624  
-39.25175404  
12.67611547  
-11.3572956  
-7.353049261  
30.58424545  
-22.73522249  
-45.17918066  
6.220028326  
16.16257289  
-26.34251297  
39.17534181  
2.54984448  
6.836888624  
-39.25175404  
12.67611547  
-11.3572956  
-7.353049261  
30.58424545  
-22.73522249  
-45.17918066  
6.220028326  
16.16257289  
-26.34251297  
39.17534181  
2.54984448  
6.836888624  
-39.25175404  
12.67611547  
-11.3572956  
-7.353049261  
30.58424545  
-22.73522249  
-45.17918066  
6.220028326  
16.16257289  
-26.34251297  
39.17534181  
2.54984448  
6.836888624  
-39.25175404  
12.67611547  
-11.3572956  
-7.353049261  
30.58424545  
-22.73522249  
