-24.68945176  
-7.188214378  
1.446897895  
-9.847580308  
-5.807027429  
-15.49002119  
-16.69823079  
-40.24697  
9.960197573  
-15.68329074  
-7.703820584  
-11.09254472  
-24.68945176  
-7.188214378  
1.446897895  
-9.847580308  
-5.807027429  
-15.49002119  
-16.69823079  
-40.24697  
9.960197573  
-15.68329074  
-7.703820584  
-11.09254472  
-24.68945176  
-7.188214378  
1.446897895  
-9.847580308  
-5.807027429  
-15.49002119  
-16.69823079  
-40.24697  
9.960197573  
-15.68329074  
-7.703820584  
-11.09254472  
-24.68945176  
-7.188214378  
1.446897895  
-9.847580308  
-5.807027429  
-15.49002119  
-16.69823079  
-40.24697  
9.960197573  
-15.68329074  
-7.703820584  
-11.09254472  
