82.06286985  
47.19229071  
42.4446145  
52.73798651  
54.76175809  
71.53495468  
63.44120067  
55.69353044  
40.96503108  
9.011262596  
93.08624489  
82.06286985  
47.19229071  
42.4446145  
52.73798651  
54.76175809  
71.53495468  
63.44120067  
55.69353044  
40.96503108  
9.011262596  
93.08624489  
82.06286985  
47.19229071  
42.4446145  
52.73798651  
54.76175809  
71.53495468  
63.44120067  
55.69353044  
40.96503108  
9.011262596  
93.08624489  
82.06286985  
47.19229071  
42.4446145  
52.73798651  
54.76175809  
71.53495468  
63.44120067  
55.69353044  
40.96503108  
9.011262596  
93.08624489  
