-16.06748186  
40.26557973  
-21.52100543  
55.77456145  
20.45183672  
-79.19367742  
80.06634876  
21.89512203  
26.77467425  
-39.05045486  
41.87269111  
-37.34109497  
-16.06748186  
40.26557973  
-21.52100543  
55.77456145  
20.45183672  
-79.19367742  
80.06634876  
21.89512203  
26.77467425  
-39.05045486  
41.87269111  
-37.34109497  
-16.06748186  
40.26557973  
-21.52100543  
55.77456145  
20.45183672  
-79.19367742  
80.06634876  
21.89512203  
26.77467425  
-39.05045486  
41.87269111  
-37.34109497  
-16.06748186  
40.26557973  
-21.52100543  
55.77456145  
20.45183672  
-79.19367742  
80.06634876  
21.89512203  
26.77467425  
-39.05045486  
41.87269111  
-37.34109497  
