-4.894611253  
-15.59808128  
-33.78299413  
-76.08941723  
-27.00250258  
1.892563272  
-26.23430185  
-51.97591174  
-14.74656542  
-10.83478905  
-37.57015589  
19.56489912  
-107.1232534  
-4.894611253  
-15.59808128  
-33.78299413  
-76.08941723  
-27.00250258  
1.892563272  
-26.23430185  
-51.97591174  
-14.74656542  
-10.83478905  
-37.57015589  
19.56489912  
-107.1232534  
-4.894611253  
-15.59808128  
-33.78299413  
-76.08941723  
-27.00250258  
1.892563272  
-26.23430185  
-51.97591174  
-14.74656542  
-10.83478905  
-37.57015589  
19.56489912  
-107.1232534  
-4.894611253  
-15.59808128  
-33.78299413  
-76.08941723  
-27.00250258  
1.892563272  
-26.23430185  
-51.97591174  
-14.74656542  
-10.83478905  
-37.57015589  
19.56489912  
-107.1232534  
