-27.23045818  
153.6458331  
97.00395566  
81.18752096  
-55.29772973  
171.8504679  
84.39763786  
17.70392798  
112.5739201  
142.1324532  
152.492283  
212.4495829  
-0.7452885371  
65.32023887  
-13.71114738  
-27.23045818  
153.6458331  
97.00395566  
81.18752096  
-55.29772973  
171.8504679  
84.39763786  
17.70392798  
112.5739201  
142.1324532  
152.492283  
212.4495829  
-0.7452885371  
65.32023887  
-13.71114738  
-27.23045818  
153.6458331  
97.00395566  
81.18752096  
-55.29772973  
171.8504679  
84.39763786  
17.70392798  
112.5739201  
142.1324532  
152.492283  
212.4495829  
-0.7452885371  
65.32023887  
-13.71114738  
-27.23045818  
153.6458331  
97.00395566  
81.18752096  
-55.29772973  
171.8504679  
84.39763786  
17.70392798  
112.5739201  
142.1324532  
152.492283  
212.4495829  
-0.7452885371  
65.32023887  
-13.71114738  
