-17.73667276  
-17.65588457  
-0.5671106809  
21.02979081  
-36.04144434  
-56.75273002  
-20.74852492  
-15.64451123  
-12.73283593  
-16.01649246  
-10.03554534  
0.1244989729  
-74.37377538  
-33.7525699  
1.212844651  
-17.73667276  
-17.65588457  
-0.5671106809  
21.02979081  
-36.04144434  
-56.75273002  
-20.74852492  
-15.64451123  
-12.73283593  
-16.01649246  
-10.03554534  
0.1244989729  
-74.37377538  
-33.7525699  
1.212844651  
-17.73667276  
-17.65588457  
-0.5671106809  
21.02979081  
-36.04144434  
-56.75273002  
-20.74852492  
-15.64451123  
-12.73283593  
-16.01649246  
-10.03554534  
0.1244989729  
-74.37377538  
-33.7525699  
1.212844651  
-17.73667276  
-17.65588457  
-0.5671106809  
21.02979081  
-36.04144434  
-56.75273002  
-20.74852492  
-15.64451123  
-12.73283593  
-16.01649246  
-10.03554534  
0.1244989729  
-74.37377538  
-33.7525699  
1.212844651  
