4.667734646  
-0.01082504883  
26.66677845  
50.09321287  
45.93467045  
16.19698186  
16.30610425  
56.01893871  
-13.09921632  
7.486225231  
-6.61918625  
-32.22552707  
-5.831808884  
4.667734646  
-0.01082504883  
26.66677845  
50.09321287  
45.93467045  
16.19698186  
16.30610425  
56.01893871  
-13.09921632  
7.486225231  
-6.61918625  
-32.22552707  
-5.831808884  
4.667734646  
-0.01082504883  
26.66677845  
50.09321287  
45.93467045  
16.19698186  
16.30610425  
56.01893871  
-13.09921632  
7.486225231  
-6.61918625  
-32.22552707  
-5.831808884  
4.667734646  
-0.01082504883  
26.66677845  
50.09321287  
45.93467045  
16.19698186  
16.30610425  
56.01893871  
-13.09921632  
7.486225231  
-6.61918625  
-32.22552707  
-5.831808884  
