0.03887911281  
13.35512678  
-33.20926926  
-9.963622346  
12.25860292  
18.69303899  
-48.18297716  
18.75577333  
-10.41967276  
-33.94996877  
-38.9159773  
57.37640506  
14.42953338  
0.03887911281  
13.35512678  
-33.20926926  
-9.963622346  
12.25860292  
18.69303899  
-48.18297716  
18.75577333  
-10.41967276  
-33.94996877  
-38.9159773  
57.37640506  
14.42953338  
0.03887911281  
13.35512678  
-33.20926926  
-9.963622346  
12.25860292  
18.69303899  
-48.18297716  
18.75577333  
-10.41967276  
-33.94996877  
-38.9159773  
57.37640506  
14.42953338  
0.03887911281  
13.35512678  
-33.20926926  
-9.963622346  
12.25860292  
18.69303899  
-48.18297716  
18.75577333  
-10.41967276  
-33.94996877  
-38.9159773  
57.37640506  
14.42953338  
