-9.02579951  
14.00995937  
65.08321735  
-0.2080988884  
6.139767342  
0.1173661876  
48.87425682  
-27.69588248  
-57.19835636  
-57.66884386  
-11.74368976  
36.45223753  
-12.30095279  
16.25014722  
-9.02579951  
14.00995937  
65.08321735  
-0.2080988884  
6.139767342  
0.1173661876  
48.87425682  
-27.69588248  
-57.19835636  
-57.66884386  
-11.74368976  
36.45223753  
-12.30095279  
16.25014722  
-9.02579951  
14.00995937  
65.08321735  
-0.2080988884  
6.139767342  
0.1173661876  
48.87425682  
-27.69588248  
-57.19835636  
-57.66884386  
-11.74368976  
36.45223753  
-12.30095279  
16.25014722  
-9.02579951  
14.00995937  
65.08321735  
-0.2080988884  
6.139767342  
0.1173661876  
48.87425682  
-27.69588248  
-57.19835636  
-57.66884386  
-11.74368976  
36.45223753  
-12.30095279  
16.25014722  
