-51.09692088  
-40.62293675  
-9.121048506  
-86.9522002  
33.81400908  
-46.48815255  
-52.81677062  
-7.14268277  
-12.02120188  
-6.874694542  
45.14712301  
-28.34407202  
-51.09692088  
-40.62293675  
-9.121048506  
-86.9522002  
33.81400908  
-46.48815255  
-52.81677062  
-7.14268277  
-12.02120188  
-6.874694542  
45.14712301  
-28.34407202  
-51.09692088  
-40.62293675  
-9.121048506  
-86.9522002  
33.81400908  
-46.48815255  
-52.81677062  
-7.14268277  
-12.02120188  
-6.874694542  
45.14712301  
-28.34407202  
-51.09692088  
-40.62293675  
-9.121048506  
-86.9522002  
33.81400908  
-46.48815255  
-52.81677062  
-7.14268277  
-12.02120188  
-6.874694542  
45.14712301  
-28.34407202  
