-102.2376248  
96.87686564  
260.0878436  
43.57264954  
-23.33279844  
54.75485  
139.4317149  
82.40245918  
75.77313964  
253.5670573  
96.76117211  
-102.2376248  
96.87686564  
260.0878436  
43.57264954  
-23.33279844  
54.75485  
139.4317149  
82.40245918  
75.77313964  
253.5670573  
96.76117211  
-102.2376248  
96.87686564  
260.0878436  
43.57264954  
-23.33279844  
54.75485  
139.4317149  
82.40245918  
75.77313964  
253.5670573  
96.76117211  
-102.2376248  
96.87686564  
260.0878436  
43.57264954  
-23.33279844  
54.75485  
139.4317149  
82.40245918  
75.77313964  
253.5670573  
96.76117211  
