22.8391957  
19.07932702  
31.34048407  
-217.2214036  
12.60426403  
-137.7810405  
-14.82259409  
-11.77913083  
51.87099574  
-57.4426716  
89.98509589  
-65.17990502  
-146.9378754  
22.8391957  
19.07932702  
31.34048407  
-217.2214036  
12.60426403  
-137.7810405  
-14.82259409  
-11.77913083  
51.87099574  
-57.4426716  
89.98509589  
-65.17990502  
-146.9378754  
22.8391957  
19.07932702  
31.34048407  
-217.2214036  
12.60426403  
-137.7810405  
-14.82259409  
-11.77913083  
51.87099574  
-57.4426716  
89.98509589  
-65.17990502  
-146.9378754  
22.8391957  
19.07932702  
31.34048407  
-217.2214036  
12.60426403  
-137.7810405  
-14.82259409  
-11.77913083  
51.87099574  
-57.4426716  
89.98509589  
-65.17990502  
-146.9378754  
