-108.1870736  
-124.236298  
-78.92586866  
-149.0915032  
-50.34743298  
-124.1581182  
-60.15460675  
2.212034352  
-105.4491551  
-140.8918291  
-136.101226  
-53.56215964  
-90.6248963  
-32.54263438  
-102.7016586  
-108.1870736  
-124.236298  
-78.92586866  
-149.0915032  
-50.34743298  
-124.1581182  
-60.15460675  
2.212034352  
-105.4491551  
-140.8918291  
-136.101226  
-53.56215964  
-90.6248963  
-32.54263438  
-102.7016586  
-108.1870736  
-124.236298  
-78.92586866  
-149.0915032  
-50.34743298  
-124.1581182  
-60.15460675  
2.212034352  
-105.4491551  
-140.8918291  
-136.101226  
-53.56215964  
-90.6248963  
-32.54263438  
-102.7016586  
-108.1870736  
-124.236298  
-78.92586866  
-149.0915032  
-50.34743298  
-124.1581182  
-60.15460675  
2.212034352  
-105.4491551  
-140.8918291  
-136.101226  
-53.56215964  
-90.6248963  
-32.54263438  
-102.7016586  
