64.87797198  
9.733910307  
-27.86595325  
58.48025363  
90.45568227  
41.93317445  
-0.3623279271  
28.82386818  
178.6360758  
41.7458869  
146.1298445  
64.87797198  
9.733910307  
-27.86595325  
58.48025363  
90.45568227  
41.93317445  
-0.3623279271  
28.82386818  
178.6360758  
41.7458869  
146.1298445  
64.87797198  
9.733910307  
-27.86595325  
58.48025363  
90.45568227  
41.93317445  
-0.3623279271  
28.82386818  
178.6360758  
41.7458869  
146.1298445  
64.87797198  
9.733910307  
-27.86595325  
58.48025363  
90.45568227  
41.93317445  
-0.3623279271  
28.82386818  
178.6360758  
41.7458869  
146.1298445  
