-17.68945432  
-20.70686349  
-12.83783106  
-13.47129947  
44.76705227  
70.38653613  
-5.679300931  
20.83483458  
3.578294861  
-47.93872161  
-40.385749  
-17.68945432  
-20.70686349  
-12.83783106  
-13.47129947  
44.76705227  
70.38653613  
-5.679300931  
20.83483458  
3.578294861  
-47.93872161  
-40.385749  
-17.68945432  
-20.70686349  
-12.83783106  
-13.47129947  
44.76705227  
70.38653613  
-5.679300931  
20.83483458  
3.578294861  
-47.93872161  
-40.385749  
-17.68945432  
-20.70686349  
-12.83783106  
-13.47129947  
44.76705227  
70.38653613  
-5.679300931  
20.83483458  
3.578294861  
-47.93872161  
-40.385749  
