-103.9314498  
-79.12711822  
-154.6681647  
-51.07989843  
-74.11390533  
-132.85492  
-28.17359309  
-101.5639017  
-199.7964831  
7.79521794  
-65.84616394  
-3.30320359  
-103.9314498  
-79.12711822  
-154.6681647  
-51.07989843  
-74.11390533  
-132.85492  
-28.17359309  
-101.5639017  
-199.7964831  
7.79521794  
-65.84616394  
-3.30320359  
-103.9314498  
-79.12711822  
-154.6681647  
-51.07989843  
-74.11390533  
-132.85492  
-28.17359309  
-101.5639017  
-199.7964831  
7.79521794  
-65.84616394  
-3.30320359  
-103.9314498  
-79.12711822  
-154.6681647  
-51.07989843  
-74.11390533  
-132.85492  
-28.17359309  
-101.5639017  
-199.7964831  
7.79521794  
-65.84616394  
-3.30320359  
