-24.70570038  
-81.73399841  
-84.05943311  
31.46439687  
1.874590479  
51.68809248  
-145.6097973  
-28.72976062  
-56.78376349  
-73.75520504  
-3.4871301  
-24.70570038  
-81.73399841  
-84.05943311  
31.46439687  
1.874590479  
51.68809248  
-145.6097973  
-28.72976062  
-56.78376349  
-73.75520504  
-3.4871301  
-24.70570038  
-81.73399841  
-84.05943311  
31.46439687  
1.874590479  
51.68809248  
-145.6097973  
-28.72976062  
-56.78376349  
-73.75520504  
-3.4871301  
-24.70570038  
-81.73399841  
-84.05943311  
31.46439687  
1.874590479  
51.68809248  
-145.6097973  
-28.72976062  
-56.78376349  
-73.75520504  
-3.4871301  
