-19.06232682  
34.16702293  
109.815713  
58.01761738  
32.05153139  
31.63213104  
-19.82845898  
76.89117709  
-59.71948603  
-37.76605836  
14.91601616  
69.21822679  
-6.787586277  
17.06025916  
-19.06232682  
34.16702293  
109.815713  
58.01761738  
32.05153139  
31.63213104  
-19.82845898  
76.89117709  
-59.71948603  
-37.76605836  
14.91601616  
69.21822679  
-6.787586277  
17.06025916  
-19.06232682  
34.16702293  
109.815713  
58.01761738  
32.05153139  
31.63213104  
-19.82845898  
76.89117709  
-59.71948603  
-37.76605836  
14.91601616  
69.21822679  
-6.787586277  
17.06025916  
-19.06232682  
34.16702293  
109.815713  
58.01761738  
32.05153139  
31.63213104  
-19.82845898  
76.89117709  
-59.71948603  
-37.76605836  
14.91601616  
69.21822679  
-6.787586277  
17.06025916  
