10.97634408  
14.4131471  
9.123937613  
22.95352783  
-0.03416059422  
6.464216144  
4.801798652  
22.71601553  
-20.13462855  
-14.28193515  
-22.03796872  
22.57687186  
20.36843891  
10.97634408  
14.4131471  
9.123937613  
22.95352783  
-0.03416059422  
6.464216144  
4.801798652  
22.71601553  
-20.13462855  
-14.28193515  
-22.03796872  
22.57687186  
20.36843891  
10.97634408  
14.4131471  
9.123937613  
22.95352783  
-0.03416059422  
6.464216144  
4.801798652  
22.71601553  
-20.13462855  
-14.28193515  
-22.03796872  
22.57687186  
20.36843891  
10.97634408  
14.4131471  
9.123937613  
22.95352783  
-0.03416059422  
6.464216144  
4.801798652  
22.71601553  
-20.13462855  
-14.28193515  
-22.03796872  
22.57687186  
20.36843891  
