-97.75723385  
-95.42325634  
4.919712926  
-54.39838717  
-40.01130664  
-50.02751024  
-64.38068337  
-23.18913027  
-42.88346764  
33.25294751  
-19.32736291  
-97.75723385  
-95.42325634  
4.919712926  
-54.39838717  
-40.01130664  
-50.02751024  
-64.38068337  
-23.18913027  
-42.88346764  
33.25294751  
-19.32736291  
-97.75723385  
-95.42325634  
4.919712926  
-54.39838717  
-40.01130664  
-50.02751024  
-64.38068337  
-23.18913027  
-42.88346764  
33.25294751  
-19.32736291  
-97.75723385  
-95.42325634  
4.919712926  
-54.39838717  
-40.01130664  
-50.02751024  
-64.38068337  
-23.18913027  
-42.88346764  
33.25294751  
-19.32736291  
