24.72521551  
6.70986546  
5.367064427  
29.28494723  
30.12233257  
11.65330445  
19.43940741  
16.79290971  
26.56748698  
2.049891306  
12.80476985  
28.52042734  
19.01733114  
24.90266357  
18.0435688  
24.72521551  
6.70986546  
5.367064427  
29.28494723  
30.12233257  
11.65330445  
19.43940741  
16.79290971  
26.56748698  
2.049891306  
12.80476985  
28.52042734  
19.01733114  
24.90266357  
18.0435688  
24.72521551  
6.70986546  
5.367064427  
29.28494723  
30.12233257  
11.65330445  
19.43940741  
16.79290971  
26.56748698  
2.049891306  
12.80476985  
28.52042734  
19.01733114  
24.90266357  
18.0435688  
24.72521551  
6.70986546  
5.367064427  
29.28494723  
30.12233257  
11.65330445  
19.43940741  
16.79290971  
26.56748698  
2.049891306  
12.80476985  
28.52042734  
19.01733114  
24.90266357  
18.0435688  
