-12.32104908  
-8.569852203  
14.62108247  
-2.316844301  
-16.39355625  
-3.265792453  
3.560230224  
-12.86652575  
-0.7284581303  
-8.827740385  
11.99668778  
14.13646504  
6.274117813  
-12.32104908  
-8.569852203  
14.62108247  
-2.316844301  
-16.39355625  
-3.265792453  
3.560230224  
-12.86652575  
-0.7284581303  
-8.827740385  
11.99668778  
14.13646504  
6.274117813  
-12.32104908  
-8.569852203  
14.62108247  
-2.316844301  
-16.39355625  
-3.265792453  
3.560230224  
-12.86652575  
-0.7284581303  
-8.827740385  
11.99668778  
14.13646504  
6.274117813  
-12.32104908  
-8.569852203  
14.62108247  
-2.316844301  
-16.39355625  
-3.265792453  
3.560230224  
-12.86652575  
-0.7284581303  
-8.827740385  
11.99668778  
14.13646504  
6.274117813  
