-4.839543911  
-128.2055539  
-45.11753482  
-29.88212587  
-42.17938514  
-114.4880181  
-10.49915057  
-86.77869821  
-50.61864011  
-66.62644997  
-39.41300922  
-29.23342047  
-9.768471674  
-4.839543911  
-128.2055539  
-45.11753482  
-29.88212587  
-42.17938514  
-114.4880181  
-10.49915057  
-86.77869821  
-50.61864011  
-66.62644997  
-39.41300922  
-29.23342047  
-9.768471674  
-4.839543911  
-128.2055539  
-45.11753482  
-29.88212587  
-42.17938514  
-114.4880181  
-10.49915057  
-86.77869821  
-50.61864011  
-66.62644997  
-39.41300922  
-29.23342047  
-9.768471674  
-4.839543911  
-128.2055539  
-45.11753482  
-29.88212587  
-42.17938514  
-114.4880181  
-10.49915057  
-86.77869821  
-50.61864011  
-66.62644997  
-39.41300922  
-29.23342047  
-9.768471674  
