34.75836229  
-3.824600888  
-76.39283203  
-29.97413677  
0.4912778893  
38.32599713  
-35.19977835  
23.55345207  
3.747495149  
28.85617054  
-8.366689498  
-55.10074931  
-38.61135785  
5.056353885  
-17.43013389  
-63.07840485  
34.75836229  
-3.824600888  
-76.39283203  
-29.97413677  
0.4912778893  
38.32599713  
-35.19977835  
23.55345207  
3.747495149  
28.85617054  
-8.366689498  
-55.10074931  
-38.61135785  
5.056353885  
-17.43013389  
-63.07840485  
34.75836229  
-3.824600888  
-76.39283203  
-29.97413677  
0.4912778893  
38.32599713  
-35.19977835  
23.55345207  
3.747495149  
28.85617054  
-8.366689498  
-55.10074931  
-38.61135785  
5.056353885  
-17.43013389  
-63.07840485  
34.75836229  
-3.824600888  
-76.39283203  
-29.97413677  
0.4912778893  
38.32599713  
-35.19977835  
23.55345207  
3.747495149  
28.85617054  
-8.366689498  
-55.10074931  
-38.61135785  
5.056353885  
-17.43013389  
-63.07840485  
