33.76788763  
20.91416792  
23.73019353  
-4.184985553  
45.19307145  
60.43662919  
32.41768632  
11.65361646  
55.4652973  
-16.4482159  
50.37603941  
46.09077923  
21.79053758  
20.62185923  
12.17079333  
15.22714015  
33.76788763  
20.91416792  
23.73019353  
-4.184985553  
45.19307145  
60.43662919  
32.41768632  
11.65361646  
55.4652973  
-16.4482159  
50.37603941  
46.09077923  
21.79053758  
20.62185923  
12.17079333  
15.22714015  
33.76788763  
20.91416792  
23.73019353  
-4.184985553  
45.19307145  
60.43662919  
32.41768632  
11.65361646  
55.4652973  
-16.4482159  
50.37603941  
46.09077923  
21.79053758  
20.62185923  
12.17079333  
15.22714015  
33.76788763  
20.91416792  
23.73019353  
-4.184985553  
45.19307145  
60.43662919  
32.41768632  
11.65361646  
55.4652973  
-16.4482159  
50.37603941  
46.09077923  
21.79053758  
20.62185923  
12.17079333  
15.22714015  
