102.3593679  
-25.46874709  
5.330231051  
12.93947813  
106.2780247  
59.51556332  
-16.31800543  
-5.052578283  
-28.76878638  
6.858117909  
-10.0927986  
102.3593679  
-25.46874709  
5.330231051  
12.93947813  
106.2780247  
59.51556332  
-16.31800543  
-5.052578283  
-28.76878638  
6.858117909  
-10.0927986  
102.3593679  
-25.46874709  
5.330231051  
12.93947813  
106.2780247  
59.51556332  
-16.31800543  
-5.052578283  
-28.76878638  
6.858117909  
-10.0927986  
102.3593679  
-25.46874709  
5.330231051  
12.93947813  
106.2780247  
59.51556332  
-16.31800543  
-5.052578283  
-28.76878638  
6.858117909  
-10.0927986  
