55.36275491  
57.27206213  
66.66572412  
-56.57857723  
47.38732025  
37.00284447  
-29.52066665  
109.5811734  
-14.91953013  
50.36743131  
125.0211933  
25.71449263  
24.80323738  
86.43132088  
-15.92898819  
55.36275491  
57.27206213  
66.66572412  
-56.57857723  
47.38732025  
37.00284447  
-29.52066665  
109.5811734  
-14.91953013  
50.36743131  
125.0211933  
25.71449263  
24.80323738  
86.43132088  
-15.92898819  
55.36275491  
57.27206213  
66.66572412  
-56.57857723  
47.38732025  
37.00284447  
-29.52066665  
109.5811734  
-14.91953013  
50.36743131  
125.0211933  
25.71449263  
24.80323738  
86.43132088  
-15.92898819  
55.36275491  
57.27206213  
66.66572412  
-56.57857723  
47.38732025  
37.00284447  
-29.52066665  
109.5811734  
-14.91953013  
50.36743131  
125.0211933  
25.71449263  
24.80323738  
86.43132088  
-15.92898819  
