-4.634882241  
-48.85375662  
-23.60457714  
-28.40405828  
-45.20255522  
15.88939789  
-25.87760459  
-16.49812127  
-6.557903217  
-1.473286628  
-41.19467949  
-28.35879412  
-43.06081772  
-69.29465134  
-20.96845788  
-15.67622633  
-2.863065656  
-3.179765195  
-5.696615796  
-4.634882241  
-48.85375662  
-23.60457714  
-28.40405828  
-45.20255522  
15.88939789  
-25.87760459  
-16.49812127  
-6.557903217  
-1.473286628  
-41.19467949  
-28.35879412  
-43.06081772  
-69.29465134  
-20.96845788  
-15.67622633  
-2.863065656  
-3.179765195  
-5.696615796  
-4.634882241  
-48.85375662  
-23.60457714  
-28.40405828  
-45.20255522  
15.88939789  
-25.87760459  
-16.49812127  
-6.557903217  
-1.473286628  
-41.19467949  
-28.35879412  
-43.06081772  
-69.29465134  
-20.96845788  
-15.67622633  
-2.863065656  
-3.179765195  
-5.696615796  
-4.634882241  
-48.85375662  
-23.60457714  
-28.40405828  
-45.20255522  
15.88939789  
-25.87760459  
-16.49812127  
-6.557903217  
-1.473286628  
-41.19467949  
-28.35879412  
-43.06081772  
-69.29465134  
-20.96845788  
-15.67622633  
-2.863065656  
-3.179765195  
-5.696615796  
