51.16287558  
63.10678771  
5.651682648  
81.55586156  
57.87038489  
56.78572272  
17.76980328  
21.88172992  
77.11643134  
-4.018573392  
121.1255089  
51.16287558  
63.10678771  
5.651682648  
81.55586156  
57.87038489  
56.78572272  
17.76980328  
21.88172992  
77.11643134  
-4.018573392  
121.1255089  
51.16287558  
63.10678771  
5.651682648  
81.55586156  
57.87038489  
56.78572272  
17.76980328  
21.88172992  
77.11643134  
-4.018573392  
121.1255089  
51.16287558  
63.10678771  
5.651682648  
81.55586156  
57.87038489  
56.78572272  
17.76980328  
21.88172992  
77.11643134  
-4.018573392  
121.1255089  
