-26.75761962  
1.543139156  
-26.69282461  
62.20877661  
-6.399369567  
67.08010023  
-22.52876762  
63.96010163  
-31.05766385  
-83.81349684  
102.3307124  
-26.75761962  
1.543139156  
-26.69282461  
62.20877661  
-6.399369567  
67.08010023  
-22.52876762  
63.96010163  
-31.05766385  
-83.81349684  
102.3307124  
-26.75761962  
1.543139156  
-26.69282461  
62.20877661  
-6.399369567  
67.08010023  
-22.52876762  
63.96010163  
-31.05766385  
-83.81349684  
102.3307124  
-26.75761962  
1.543139156  
-26.69282461  
62.20877661  
-6.399369567  
67.08010023  
-22.52876762  
63.96010163  
-31.05766385  
-83.81349684  
102.3307124  
