-44.52112009  
-32.12777457  
-42.47251255  
-13.97149187  
-17.08929431  
-52.90030261  
-0.195903677  
17.57749039  
-53.24920886  
35.68222611  
-79.94876561  
-27.13301917  
-47.70724041  
15.78765695  
18.39899899  
29.66286282  
6.469671525  
-61.38678676  
15.4253508  
-44.52112009  
-32.12777457  
-42.47251255  
-13.97149187  
-17.08929431  
-52.90030261  
-0.195903677  
17.57749039  
-53.24920886  
35.68222611  
-79.94876561  
-27.13301917  
-47.70724041  
15.78765695  
18.39899899  
29.66286282  
6.469671525  
-61.38678676  
15.4253508  
-44.52112009  
-32.12777457  
-42.47251255  
-13.97149187  
-17.08929431  
-52.90030261  
-0.195903677  
17.57749039  
-53.24920886  
35.68222611  
-79.94876561  
-27.13301917  
-47.70724041  
15.78765695  
18.39899899  
29.66286282  
6.469671525  
-61.38678676  
15.4253508  
-44.52112009  
-32.12777457  
-42.47251255  
-13.97149187  
-17.08929431  
-52.90030261  
-0.195903677  
17.57749039  
-53.24920886  
35.68222611  
-79.94876561  
-27.13301917  
-47.70724041  
15.78765695  
18.39899899  
29.66286282  
6.469671525  
-61.38678676  
15.4253508  
