-15.34936406  
43.39180423  
49.83655181  
15.82798767  
62.12948749  
-17.47151622  
62.77279748  
71.43046757  
0.945207338  
120.8213408  
-1.794350281  
81.66994725  
47.68239047  
60.84409811  
-15.34936406  
43.39180423  
49.83655181  
15.82798767  
62.12948749  
-17.47151622  
62.77279748  
71.43046757  
0.945207338  
120.8213408  
-1.794350281  
81.66994725  
47.68239047  
60.84409811  
-15.34936406  
43.39180423  
49.83655181  
15.82798767  
62.12948749  
-17.47151622  
62.77279748  
71.43046757  
0.945207338  
120.8213408  
-1.794350281  
81.66994725  
47.68239047  
60.84409811  
-15.34936406  
43.39180423  
49.83655181  
15.82798767  
62.12948749  
-17.47151622  
62.77279748  
71.43046757  
0.945207338  
120.8213408  
-1.794350281  
81.66994725  
47.68239047  
60.84409811  
