-111.2405365  
-26.49510339  
0.859318685  
-125.3627038  
104.6956467  
22.72365949  
-28.30922992  
-5.987016818  
3.299919667  
43.2122396  
63.93506127  
2.88336556  
-111.2405365  
-26.49510339  
0.859318685  
-125.3627038  
104.6956467  
22.72365949  
-28.30922992  
-5.987016818  
3.299919667  
43.2122396  
63.93506127  
2.88336556  
-111.2405365  
-26.49510339  
0.859318685  
-125.3627038  
104.6956467  
22.72365949  
-28.30922992  
-5.987016818  
3.299919667  
43.2122396  
63.93506127  
2.88336556  
-111.2405365  
-26.49510339  
0.859318685  
-125.3627038  
104.6956467  
22.72365949  
-28.30922992  
-5.987016818  
3.299919667  
43.2122396  
63.93506127  
2.88336556  
