-38.72193569  
44.1054846  
77.85905945  
31.79319963  
123.749146  
30.47536042  
-10.45678366  
-37.03402094  
89.79736064  
6.129907767  
4.788404022  
19.52154426  
3.081409929  
118.007324  
-5.20147877  
10.23885425  
22.78645434  
0.739715593  
38.87945218  
-16.98043708  
-38.72193569  
44.1054846  
77.85905945  
31.79319963  
123.749146  
30.47536042  
-10.45678366  
-37.03402094  
89.79736064  
6.129907767  
4.788404022  
19.52154426  
3.081409929  
118.007324  
-5.20147877  
10.23885425  
22.78645434  
0.739715593  
38.87945218  
-16.98043708  
-38.72193569  
44.1054846  
77.85905945  
31.79319963  
123.749146  
30.47536042  
-10.45678366  
-37.03402094  
89.79736064  
6.129907767  
4.788404022  
19.52154426  
3.081409929  
118.007324  
-5.20147877  
10.23885425  
22.78645434  
0.739715593  
38.87945218  
-16.98043708  
-38.72193569  
44.1054846  
77.85905945  
31.79319963  
123.749146  
30.47536042  
-10.45678366  
-37.03402094  
89.79736064  
6.129907767  
4.788404022  
19.52154426  
3.081409929  
118.007324  
-5.20147877  
10.23885425  
22.78645434  
0.739715593  
38.87945218  
-16.98043708  
