-105.9945955  
-174.2051449  
-11.56520313  
106.9247609  
-29.99289288  
66.65208423  
-110.3617211  
-215.351528  
133.2608524  
-68.81950336  
-12.74007726  
13.57905528  
-101.4260901  
-56.45742131  
-16.61215543  
94.80173137  
31.39329701  
112.2707351  
-82.8775487  
-25.5114042  
-105.9945955  
-174.2051449  
-11.56520313  
106.9247609  
-29.99289288  
66.65208423  
-110.3617211  
-215.351528  
133.2608524  
-68.81950336  
-12.74007726  
13.57905528  
-101.4260901  
-56.45742131  
-16.61215543  
94.80173137  
31.39329701  
112.2707351  
-82.8775487  
-25.5114042  
-105.9945955  
-174.2051449  
-11.56520313  
106.9247609  
-29.99289288  
66.65208423  
-110.3617211  
-215.351528  
133.2608524  
-68.81950336  
-12.74007726  
13.57905528  
-101.4260901  
-56.45742131  
-16.61215543  
94.80173137  
31.39329701  
112.2707351  
-82.8775487  
-25.5114042  
-105.9945955  
-174.2051449  
-11.56520313  
106.9247609  
-29.99289288  
66.65208423  
-110.3617211  
-215.351528  
133.2608524  
-68.81950336  
-12.74007726  
13.57905528  
-101.4260901  
-56.45742131  
-16.61215543  
94.80173137  
31.39329701  
112.2707351  
-82.8775487  
-25.5114042  
