12.91239863  
37.14726459  
0.2799945095  
86.81094544  
38.31970562  
66.55926774  
27.33340994  
51.51566728  
35.93559108  
-76.39310823  
45.88630846  
61.6734882  
75.21714417  
78.64831458  
-13.40695739  
33.10814908  
21.34921894  
39.59345005  
64.75254802  
93.15004909  
12.91239863  
37.14726459  
0.2799945095  
86.81094544  
38.31970562  
66.55926774  
27.33340994  
51.51566728  
35.93559108  
-76.39310823  
45.88630846  
61.6734882  
75.21714417  
78.64831458  
-13.40695739  
33.10814908  
21.34921894  
39.59345005  
64.75254802  
93.15004909  
12.91239863  
37.14726459  
0.2799945095  
86.81094544  
38.31970562  
66.55926774  
27.33340994  
51.51566728  
35.93559108  
-76.39310823  
45.88630846  
61.6734882  
75.21714417  
78.64831458  
-13.40695739  
33.10814908  
21.34921894  
39.59345005  
64.75254802  
93.15004909  
12.91239863  
37.14726459  
0.2799945095  
86.81094544  
38.31970562  
66.55926774  
27.33340994  
51.51566728  
35.93559108  
-76.39310823  
45.88630846  
61.6734882  
75.21714417  
78.64831458  
-13.40695739  
33.10814908  
21.34921894  
39.59345005  
64.75254802  
93.15004909  
