57.18577193  
-198.1767626  
21.09964401  
233.492821  
169.0186858  
123.2117505  
115.1133652  
120.2534825  
35.96723479  
-35.45974547  
-28.3425811  
160.7679378  
57.18577193  
-198.1767626  
21.09964401  
233.492821  
169.0186858  
123.2117505  
115.1133652  
120.2534825  
35.96723479  
-35.45974547  
-28.3425811  
160.7679378  
57.18577193  
-198.1767626  
21.09964401  
233.492821  
169.0186858  
123.2117505  
115.1133652  
120.2534825  
35.96723479  
-35.45974547  
-28.3425811  
160.7679378  
57.18577193  
-198.1767626  
21.09964401  
233.492821  
169.0186858  
123.2117505  
115.1133652  
120.2534825  
35.96723479  
-35.45974547  
-28.3425811  
160.7679378  
