-37.23009109	18.21564865	-48.47592163	81.45863342	40.4246521	-78.19728851	-56.57208633	-59.03923035	-32.3360672	-101.3965378	-47.82521439	55.34014893	3.809027195	-41.95805359	-73.9234848	-49.37719345	-13.88036537	-65.65931702	44.534130100000006	95.00569153	4.980695723999999	-134.6317139	111.1121979	27.45303345	-34.54404068	-72.37244415	-21.93273163	-62.58280945
148.7904968	-104.7313309	12.14675236	-192.88093569999998	-84.64537811	-43.4655304	-83.44487762	-117.2548065	-24.34693909	-81.77935028	-33.58266449	-5.182915211	-31.96757507	-110.69499209999998	-49.2485199	-63.1903801	-57.51475906	-23.55312729	-36.2169838	-194.4402008	-102.5081329	-70.84426117	-10.32648659	6.09031868	-1.140600443	-21.47973251	-28.44267654	-22.58501053
182.7754059	63.56681824	76.54624939	183.0770264	56.89430618	77.59441376	37.43869781	91.59844971	72.03207397	-19.97008514	77.46385193	92.89163971	7.826916217999999	-3.7881772519999997	117.92899320000001	52.15382385	34.63156891	45.14550018	86.0737381	104.05654140000001	99.47556305	103.76499179999999	48.98420715	64.95071411	-37.37023163	23.65167999	-6.676923752	9.950568199
23.29801369	65.39664459	29.69632339	94.94650269	-34.5249176	-33.00659561	21.28233147	66.54878235	26.15835381	-1.6989543440000001	-43.18720627	46.83950424	11.93681812	-22.29663467	19.48131752	25.557489399999998	9.466556549	38.70452881	-4.938432217	39.92075729	18.90246964	-41.64736176	49.54993820000001	21.91801834	-18.38995361	-10.02248573	-41.61437988	-22.1554985
84.7845459	-2.7366607189999996	2.2447848319999997	-143.57498169999997	-64.90593719	-46.79494476	-81.46582031	-75.86128998	21.26431465	-98.94454956	-6.208769798	35.39373398	45.90159225	11.34576702	-100.5345535	10.61751938	-52.89869308	-34.57397079	128.3696136	277.48422239999996	-69.78340912	25.96048927	-26.58816528	33.37722397	11.85426712	36.64386368	-4.749480247	-5.841277599
-168.28569030000003	30.39276123	-31.44934273	44.98974609	-11.14442825	-41.97135162	-104.3744431	51.35473633	-27.31826973	-36.00317764	21.63676071	-13.40984058	0.7253972888	-110.64679720000001	-27.85282898	47.7106781	-20.31966019	-33.90333557	-142.01556399999998	-213.6337585	-126.3890991	-94.78055573	16.20096016	-13.98730946	-54.86798859	-15.29042816	-51.68403244	-32.77584839
36.03756332	-222.54104610000002	-62.8632431	-25.708574300000002	53.07153702	-101.01072690000001	8.612146378	-81.26226807	52.63776779	-72.89666748	16.86018944	28.98643112	62.61567688	-31.1460228	-79.44911957	-6.798556327999999	-7.622089386	-47.28616333	151.634079	263.38296510000004	97.41977692	-188.825592	42.06085205	47.48272324	-41.6014595	2.158159494	36.93696594	41.38643265
101.9054718	-80.00787354	35.86713028	-150.6677246	24.67069626	-53.16626358	-26.68686295	-221.51751710000002	-20.850887300000004	-124.39101409999998	2.7534980769999997	5.765862465	6.2153019910000005	15.5892725	61.58019257	-33.63239288	-55.69707108	-95.99993896	-73.43077087	-73.58533478	-30.36145401	-231.18132020000002	4.70075655	21.34903526	-31.66904259	-84.39456177	14.41656208	5.807684422
95.71743774	-22.32837677	22.43185806	159.4698181	-45.1445961	-34.76976395	-2.254707575	35.46678162	22.50411034	-92.84403229	-38.73866653	105.8707886	25.88328743	-36.40830994	-25.90000725	-19.75414085	23.64514351	22.33289146	133.9487152	186.1640167	78.95623016	21.103223800000002	43.29642487	35.32106018	-9.012675285	7.1062498089999995	-67.54199982	-27.36808014
15.26549244	-144.1421356	-46.54655838	62.82283783	6.0918755529999995	-87.72206116	-66.84828186	-127.8217545	10.20707798	-38.39615631	-5.839612961	71.51857758	34.76168823	-33.01050949	55.06831741	22.93689728	0.417866081	20.45380974	3.519565582	-124.27183529999999	-122.5416183	-177.39068600000002	35.91339111	0.5342461467	-3.9267826080000003	-57.66266632	16.10564613	15.0102396
-22.0814724	82.26441193	64.18030548	92.53665161	-44.20607758	-56.47560501	36.37360764	92.53923798	-80.23880768	-133.1217499	69.029953	31.58184624	11.3759222	-34.25938797	-17.18306923	-21.80733299	-98.5426178	-93.33866882	20.88479614	154.2254639	124.515152	-6.002135753999999	-7.4080190660000005	23.26905823	-24.43526077	-28.06494522	15.22196102	-92.71572113
67.12089539	23.55135536	50.00432205	18.17712784	-27.98925209	5.028166771	-98.17486572	-92.35067749	-51.66451263	-106.4341812	-49.17233658	12.5555582	-1.575180531	-26.15940475	3.5160415169999997	-27.46224976	-7.221126556000001	-31.85527802	14.15218353	-11.71661758	-44.37125397	60.7937088	13.06962204	34.06637955	10.70069981	-17.45441437	-12.54568958	-69.50148773
-83.68635559	-54.1680069	23.55721092	137.18730159999998	4.401675701	-8.972706795	-9.271234512000001	54.63395691	40.29558945	36.59276199	5.936781882999999	163.5502319	-2.772617579	-19.25543022	-57.74738312	10.01012707	54.84043503	86.5267868	-46.91304016	39.44940948	-32.65221786	53.72583389	28.19392967	65.74702454	51.10667419	34.93489838	13.70747757	18.87928963
40.89578629	11.42430592	-47.56092834	131.5566254	-97.13845062	12.85716152	65.78583527	91.56922913	12.14750862	-40.26498032	19.85159874	127.2460709	50.88127518	-3.069141865	93.3662796	142.3828125	-38.60663986	-56.79553223	52.24569321	36.42037201	49.9438858	-16.9382782	-38.48928452	39.105793	18.23510742	34.58695602	-4.1903066639999995	1.467076421
-10.39801598	-0.3374978304	-79.84663391	2.106229305	119.5505295	-81.87911224	-21.22240257	-35.06784058	-41.41130066	-40.62163162	36.74353409	48.92169952	29.08546257	-16.03057671	21.55331993	-69.90297699	-63.80037689	-71.53070068	-29.88881874	-93.47317505	52.25188065	-50.02699661	12.83857346	-25.29824448	-32.40349579	6.927877903	-5.554824829	28.91897964
78.07194519	5.501621246	-5.2219691280000005	97.10495758	-42.80567169	-22.72655487	2.335799217	-60.20965195	-4.1000676160000005	-46.35445404	-89.4521637	-27.34648132	40.23922348	-32.50386429	-45.86518097	22.95586014	-58.48759842	-59.26652908	34.59888839999999	19.95703697	10.58378315	154.095993	16.12932777	20.0378437	-2.6931779380000003	39.34973145	-80.32953644	-29.66890526
-79.3469696	-26.20484543	-73.94667816	-37.31215286	31.753868100000005	-73.27388	-87.08363342	-78.88209534	-97.07551575	-47.01255798	19.097045899999998	27.57013512	46.8413353	-24.326644899999998	-58.3875885	14.405224800000003	-204.89575200000002	-149.3717041	-142.35186769999999	-330.3880005	-66.25885773	28.96231842	-29.07614708	13.1039257	-64.16475677	-28.16847229	-135.585022	-97.30839539
-88.06716156	-134.9653625	23.2578125	15.49678516	32.1680336	-52.46692657	-153.7554474	-84.43714905	-10.56799603	-127.67502590000001	8.492426872000001	5.43362236	22.33324814	-161.1422729	-103.0262375	-82.88502502	-85.83151245	-142.3780518	61.16551208	-253.6392517	-227.5087738	94.19960022	-40.90870285	-42.19313431	-96.19593048	-75.43301392	-133.5053558	-82.89469147
-25.564653399999997	-28.99041748	50.47486496	-39.96846771	65.80384827	-34.98015976	55.21054077	-47.544979100000006	15.67632103	-62.11597443	80.06124115	90.66761017	52.43579102	-53.41233063	38.67238235	14.10874367	-52.23748779	-101.17147059999999	30.67337418	-39.31771469	43.10984039	113.8412628	51.186981200000005	16.98398972	-17.13677597	-14.52796459	15.63224792	-12.70463467
57.065795900000005	-48.90547562	103.0708084	74.57048035	-142.9077606	-67.5896759	-28.46713066	-56.65282439999999	-87.35101318	-90.9997406	33.04637527	-56.52872467	24.03954315	-28.38137817	-92.51212311	147.9908447	-96.80776978	-124.32652279999999	-243.2077332	-90.09049988	170.8492889	-82.51589966	27.67443085	37.22966766	9.235444069	12.85016823	-32.67857361	-60.33882523
102.0387497	-61.69757462	-52.17827225	22.33890152	-99.78657532	-45.03928375	-44.60230637	-127.4121246	13.530224800000003	-60.94005966	5.881091595	39.48463058	41.3163414	7.824195862000001	-75.77416229	24.19455338	-115.56349180000001	7.511506557000001	5.879905701	-114.36975100000001	-24.438201899999996	-123.3670578	48.14189911	74.61437988	47.42977905	65.73064423	-30.45216751	-26.28200912
148.8336945	56.58925247	112.98831940000001	171.4975128	-19.39988708	-8.382000923	7.431474209	-15.55049038	-56.02849579	-114.06761170000001	54.51008606	148.1146088	47.48730087	-55.30639267	-15.03376484	90.02425385	64.58379364	-3.2507750989999997	94.55578613	26.83847237	27.06868362	-9.682188988	-11.82123947	-16.69170952	-38.05243683	12.17653751	41.7139473	-0.1628018469
58.01945114	-23.99287224	73.32304382	56.414764399999996	117.88591770000001	-0.9517714381	14.075269699999998	-17.41518784	-28.72742653	-6.691295147000001	58.49966431	71.1448822	63.97922897	80.26052856	118.74351499999999	71.93231201	-0.7485659122	-10.40615654	40.13858795	27.08551788	44.651371000000005	180.470993	102.5368042	113.63666529999999	30.20706177	85.88401794	83.34716797	4.4570341110000005
-103.4501495	8.560482979	-47.74938965	15.07096672	-26.18560219	-24.99217987	4.9376955030000005	-96.93138885	-10.57001972	-28.92579079	-37.04706573	-4.3908576969999995	34.60451126	-58.15613556	-7.715252876	11.04159927	-84.13665771	-52.99593353	29.79869652	-22.71022415	43.47640991	-50.89179993	44.91667938	9.344424248	10.40843964	11.20903397	-61.70368576	-8.462553024
-9.34145546	-67.64219666	-24.88315201	151.4709625	-40.87036514	-52.463428500000006	56.9095993	75.60016632	-67.99925995	-115.59991459999999	0.9269867539	3.014141083	48.26451492	-36.87570572	11.07946396	38.5226059	-62.48152161	-110.4834747	-46.94043732	-84.76144409	39.74255371	-7.645148754	2.54640317	29.98405838	-0.8111512661	28.43541908	-17.8374939	-28.84755516
8.658787727	-43.98188782	-84.86013794	-136.076416	-30.57781219	-71.33840179	-38.71157455	-103.9921036	-6.511725902999999	-49.17477417	-29.68132591	3.49634552	8.668174744	-68.48691559	-66.20766449	-60.7622757	-86.41616058	-66.41220856	30.92567825	-74.15903473	-91.78154755	44.66806412	55.7649765	40.1726532	1.222195745	45.59370422	-12.18494034	-26.2399826
50.42589188	-76.93653107	-55.84860229	-166.8215485	-18.10372543	13.18749332	-2.348710775	76.68377686	6.179369926000001	10.58376408	123.06108090000001	130.896347	10.308710099999999	-29.09867859	97.48835754	47.99172974	-122.53726200000001	-112.396286	24.21626472	-56.59384918	28.30749512	-23.17026901	20.62325668	-5.6891670229999995	36.4041214	2.449288368	47.81716919	-11.60445118
-62.01673508	20.61772156	4.674485207	49.48624802	-38.39663696	-95.4697113	-104.6466827	-78.52011871	-38.79939651	-46.03483963	-31.0918026	7.264362812000001	-31.91135216	-60.04665375	-18.85487938	-51.71627045	-99.46356201	-121.5664291	-78.50994873	-120.3732147	-1.174714208	-65.92045593	-116.88897709999999	-28.70035744	1.655439734	1.112257957	5.285479546	-12.32797432
106.7235107	16.14094543	56.72969818	71.16621399	-45.29092407	-12.28435421	6.625308037000001	23.42369843	8.860400199999999	55.35406494	77.98208618	135.6716919	-5.071938515	18.76609612	66.02620697	105.3163834	-21.89073181	-29.54055786	146.6050262	151.1040802	29.56305313	18.40703201	15.52087784	29.189239500000003	93.61456299	-8.196257591	-9.104884148	-46.38083649
66.93531799	23.06054306	67.59683228	148.5941925	-12.24249649	-58.05313492	26.44428635	19.43094444	28.96973419	69.77536774	38.89677811	180.69418330000002	11.57468605	-43.11646652	65.80792999	-10.51146603	5.423058032999999	34.38983917	57.85507965	124.41864009999999	68.32027435	58.32153702	62.05900955	57.41989517	35.69559479	59.38628006	53.74437714	-1.7702260019999998
229.04499819999998	-57.75265121	-42.741123200000004	-38.49649429	-77.40843201	2.38688755	-128.9397736	-164.8947754	37.16338348	-50.47109604	18.82141113	87.03256989	-11.12868977	-64.32720184	24.79125786	-22.72433853	-4.105319023	-9.623007774	139.65031430000002	-123.7414169	-49.29264832	-26.44299316	21.88558197	2.407409906	52.35734177	6.290261745	19.45436668	-9.422620773
84.559021	-36.86825562	-90.18350983	-79.74052429	-95.01548767	53.22143555	56.47484207	44.54123688	19.72920418	-40.5604248	34.6172905	138.5191956	3.815576792	27.78496361	35.31449509	105.371376	42.65903854	90.29376984	12.20211887	68.92988586	4.213510036000001	-20.316392899999997	-50.63724899	-39.87356186	49.54384613	-5.7438273429999995	27.27549553	-36.40401077
44.47406769	-22.19828415	-30.98542404	5.78934288	-132.1199341	-128.86460879999998	-66.61613464	-46.72990799	-56.02616501	-94.95226288	-103.98061369999999	-10.29759312	-5.988415241	-32.64047623	-31.33512497	-26.55980682	-88.73944092	-122.0911942	59.27508926	-163.449173	-30.77017975	-114.5761337	-17.39645576	1.1949132679999999	-3.9882700439999996	66.24014282	-45.60081863	-42.97539139
-32.07069397	22.91459274	-79.36419678	-76.30747223	17.49624252	-117.36878970000001	-72.63959503	-126.8933868	-122.2226334	-38.95477676	-104.19545749999999	-121.45663449999999	-65.29882812	-162.04641719999998	-62.72857285	-128.82495120000002	-120.84389499999999	-146.4190063	-77.5226059	-161.98625180000002	-138.3251343	-24.56431198	-44.97277451	-41.38967133	-89.82646942	-29.09772301	10.00082207	-37.21114349
-42.58914566	-83.70613098	123.79071809999999	162.06071469999998	21.85814667	-93.8957901	-85.22858429	-106.09262079999999	17.63834381	28.3369751	23.75026512	47.59440994	5.571119307999999	-25.08102798	-3.8996987339999998	-7.970107079	-85.72659302	-85.25204468	92.04718018	-159.8575439	-94.06395721	-148.10818480000003	1.919893861	9.554595947000001	10.69404316	-36.72480774	-7.91208601	-28.063148499999997
70.39446259	18.45154572	37.75772858	53.85191727	-43.03286743	19.48698616	15.62618828	33.49127197	-4.971788883	11.11319542	-25.923042300000002	144.713974	-11.43364716	26.75685883	47.78143692	22.14612389	46.17375946	102.0032959	71.35027313	234.5554962	153.1273499	84.87654877	25.19445419	34.50938034	56.75722122	66.49108887	8.125752449	6.609625816
15.20679092	-66.34189606	5.290532112	-120.32055659999999	-6.989020824	-71.75876617	-48.78318787	-99.4072113	4.335971355	-54.64748001	76.31455231	73.52194977	4.612353325	40.82315826	54.566055299999995	26.56314468	-17.18149376	-63.45909119	-5.486879826	-85.87986755	22.32477951	112.0281906	59.78390121	72.11379242	-10.59460831	-39.86590576	8.616076469	-66.04977417
166.5661621	-15.74801826	40.70659256	-50.19014359	-68.71118164	-0.8167414069	6.133886337000001	-35.49972534	-52.40016937	-54.00746155	30.87352943	58.86329269	21.67340851	-25.70152283	-12.51812458	94.9913559	-100.30478670000001	-129.216095	16.33531761	-97.66793823	10.27032852	-71.9019165	25.77462769	42.98787689	-4.742298126000001	3.196177244	8.836796761	-43.63698959
52.16882324	-46.53392029	-36.30883408	-46.59762192	36.09062958	35.80575562	1.931461453	34.28831863	-24.58927536	-8.06337738	42.86421585	123.3204727	40.12992096	-14.52227592	80.31043243	14.32875919	-27.86746979	-83.23287964	-56.67077255	-36.25286484	10.46723557	23.86914253	-68.21330261	-13.2710228	-83.95736694	-1.656856179	15.08863354	6.1579918860000005
-14.22284794	27.75365829	-52.70234299	-30.21271706	-25.09103012	-60.15917206	62.52602768	101.13002009999998	-13.55418587	-45.96994019	-6.3457183839999995	-5.455514431	-35.96695709	-45.45701599	-54.10531998	-38.77813339	-176.2497253	-131.76651	-102.43347170000001	-145.7470551	70.61882782	-127.81282809999999	-114.8427811	-75.39305878	-58.99106216	23.8391819	-39.05409241	-53.00511932
-78.58228302	-79.77141571	39.00822449	50.28113556	77.49910736	122.6269226	-50.54397964	-140.10162350000002	15.38158226	21.52351379	177.5432281	205.5583496	53.76238251	28.57998276	24.34093666	115.70952609999999	67.0140152	60.44330978	-3.6092078689999996	159.28706359999998	4.398897171000001	-63.59898758	58.62768555	39.1948204	-11.652811999999999	-16.64795876	0.8259343505	7.428678036
-65.38580322	-51.61840439	12.796434399999999	182.2885895	-67.70127106	-58.64239883	-118.98240659999999	-137.9524231	-30.46982384	-75.58146667	-19.22237015	-20.88332367	13.71477604	-41.29175949	-86.16175842	42.6937027	-135.3176575	-43.15840149	51.28396225	16.8055191	-15.86836433	-157.51486210000002	-33.77977371	30.93231201	-38.2628479	-38.16910553	-21.21831703	-70.79946899
-67.91609955	11.35401344	23.64448166	50.33611679	-16.81979179	4.826982975	-116.7330933	-88.05249786	-9.777964592	-32.08365631	-33.1304245	10.5102644	19.29023361	-12.19386292	-58.49988937	-37.65823746	17.52144623	-50.46515656	-87.26116943	183.3270264	54.60416412	-65.21207428	-8.976734161	35.34801102	-99.24412537	-63.24651337	12.08498764	18.10894012
-65.40775299	-33.70097733	-10.55469227	-27.33638573	-79.92978668	-72.38909912	-62.18060684	-75.31066895	-79.59378815	-174.2323151	-57.95637131	-45.21514893	-17.12440491	-97.60500336	-80.8273468	-53.45228958	-97.86087036	-54.92456436	-47.94229126	-32.34218979	-88.96894836	-91.95251465	-150.2117462	-61.8993721	-65.84087372	-53.63624954	-44.22302246	-25.35119247
5.393585205	-26.68107414	-51.59048462	39.91723251	-137.6737671	-59.26183319	41.82793045	-78.77297211	32.01193237	-101.77342990000001	-52.91353226	16.2630291	16.62025452	-24.33842087	-57.84080887	38.71481705	-18.29142952	63.49508667	-154.6411133	-20.73016357	-56.75568771	-172.503067	88.70750427	77.31945038	19.11721802	33.33481979	-14.88150215	-30.86931229
-115.83984380000001	43.08172607	0.8238176703	76.88295746	85.46932220000001	-1.250824809	-23.00258636	28.69182396	-64.81863403	172.732132	104.430687	63.98662949	-24.47567177	-81.12606812	54.32501984	80.72298431	25.31072998	-86.87792206	-55.02671814	115.8089523	7.658782959	-93.22724152	-87.790802	-35.09179306	-29.48876953	-70.65467834	-23.12838936	53.04864502
130.3968506	0.45370996	10.36316299	76.88627625	-23.77221107	22.17927551	33.32328033	-15.53299713	-1.1655951740000001	-40.07840729	75.66362	57.05137634	-11.72888756	-59.26380539	-8.231039047000001	35.88679886	69.3815155	111.62487790000002	-99.72399139	-72.91368866	4.440843105	-89.06781769	23.90181923	1.058546185	-42.18305969	-9.829397202000001	9.953485489	-2.842914343
-85.28143311	-0.27025145289999997	51.37846375	105.48352050000001	8.01726532	57.07902908	4.606154442	-1.4234031440000001	1.9057376380000002	94.15573883	103.4560547	135.69989009999998	24.38626099	-10.27692127	18.91989708	41.12797165	108.09095	38.31776047	41.6196022	182.0746155	-7.136477947	-53.39426422	22.87985039	44.67073059	-24.47740936	35.14634323	6.920767784	-11.95992184
-145.08943180000003	-15.11048985	-53.97701645	12.00548267	18.82238579	57.53925705	-89.22063446	-30.82043839	-27.77621078	-59.73645782	19.48608589	-1.512400508	-6.57080555	-90.26356506	-46.77211761	-5.710542679	-95.10541534	-117.3847122	25.57722855	-82.51512909	-120.3318405	-46.50649261	-145.3508148	-82.39431763	-94.87136841	-62.51023483	-59.92060089	-25.59266281
37.10045242	76.91093445	-8.452408791	74.87991333	-32.60085297	-14.88148499	5.4000887870000005	8.002421379	8.367049217	-66.34075928	-14.32608223	64.94203949	14.43001461	26.44565773	-5.349094391	-10.95582962	69.95281219	84.4340744	-29.83535576	-6.294533252999999	41.52906799	-52.16366577	10.51023674	14.38324261	15.25880814	36.56640244	-7.860880852	0.6003877521000001
-103.2770844	-63.82946777	58.07832336	119.2618637	133.4938354	49.35247803	-4.094414711000001	41.5152092	-20.10128784	-129.0495148	145.2899628	113.1516953	78.86616516	22.25129128	-79.59928894	133.8677063	-112.6803741	-157.0784607	-99.56327057	126.77509309999999	101.6439133	-92.21665192	-100.8080902	112.45458219999999	31.75118637	19.19968033	-6.4169621470000004	-43.85765839
45.26620483	-40.56588745	65.5154953	25.39392853	-60.33461761	69.19390869	90.70934296	-6.561305523	0.4130991101	-64.53058624	133.1456451	252.1206055	86.78153229	94.85964966	4.191713333	44.51610947	60.76594162	86.18238068	-28.19135475	223.2345276	24.55403328	-30.3745594	-13.65624428	59.03458405	52.34600449	44.51033783	15.750636100000001	-71.29528809
-151.6295624	-64.22194672	-20.94770622	101.86448670000001	-1.234339833	-26.33226585	-21.08288002	-39.77593613	-1.9147595169999998	-100.8194885	73.99057007	73.61824799	55.18216324	-34.68141556	53.31866455	137.318573	-12.86159039	15.70049095	71.70925140000001	-59.04709244	42.78638839999999	-66.97618103	4.790141106	-3.427369595	16.51550102	1.034293175	19.21735001	-26.00021172
79.22285461	-105.782959	-40.7143631	-159.5305634	-16.04164505	-50.30179596	-80.65118408	-101.9859848	-31.26418686	0.2372271866	84.87859344	29.40106201	2.38964653	-17.72986603	1.918176055	86.66011047	-22.24935532	-50.34254456	-29.07614517	-83.58700562	7.33690691	2.3058803080000003	14.85303688	42.937732700000005	-2.781807184	-36.86783981	41.99976349	47.09661484
-168.28569030000003	30.39276123	-31.44934273	44.98974609	-11.14442825	-41.97135162	-104.3744431	51.35473633	-27.31826973	-36.00317764	21.63676071	-13.40984058	0.7253972888	-110.64679720000001	-27.85282898	47.7106781	-20.31966019	-33.90333557	-142.01556399999998	-213.6337585	-126.3890991	-94.78055573	16.20096016	-13.98730946	-54.86798859	-15.29042816	-51.68403244	-32.77584839
-48.24682236	111.94030759999998	-30.18636513	2.676684856	-73.14931488	32.34996033	-116.1211395	65.91799927	-95.16003418	-107.48198700000002	-164.0138855	-92.80176544	-60.05545044	-150.0537262	-5.473204612999999	-59.55407715	-131.327774	-166.4962769	45.34776688	90.62318420000001	-78.45298767	21.74970245	-59.93139267	-47.04263687	-80.75018311	-18.19192314	-45.26804352	-59.47975922
95.71743774	-22.32837677	22.43185806	159.4698181	-45.1445961	-34.76976395	-2.254707575	35.46678162	22.50411034	-92.84403229	-38.73866653	105.8707886	25.88328743	-36.40830994	-25.90000725	-19.75414085	23.64514351	22.33289146	133.9487152	186.1640167	78.95623016	21.103223800000002	43.29642487	35.32106018	-9.012675285	7.1062498089999995	-67.54199982	-27.36808014
15.26549244	-144.1421356	-46.54655838	62.82283783	6.0918755529999995	-87.72206116	-66.84828186	-127.8217545	10.20707798	-38.39615631	-5.839612961	71.51857758	34.76168823	-33.01050949	55.06831741	22.93689728	0.417866081	20.45380974	3.519565582	-124.27183529999999	-122.5416183	-177.39068600000002	35.91339111	0.5342461467	-3.9267826080000003	-57.66266632	16.10564613	15.0102396
-0.9630383848999999	-29.65911674	1.4514625069999998	90.95319366	3.075783968	-21.31801033	-136.6855316	-55.57007599	53.03224182	11.5316124	-3.570393324	-25.29559326	-5.93119812	-60.99548721	189.9042206	139.56326289999998	10.67345238	-49.83047485	31.38439941	-35.43974304	-37.80705643	133.8508759	78.83942413	38.79301071	-106.9469452	-44.71496201	106.3616409	80.19403839
70.95708466	-186.85079960000002	10.88853645	-84.47758484	-45.91664505	-73.44281006	-23.3780632	-100.543808	-46.62817764	-141.0844879	-40.98062897	-29.41110611	-18.62176132	-76.80794525	-59.27217484	-30.46350288	-47.00947189	-87.87864685	137.8686981	30.93133163	-8.002140999	-78.81879425	34.00352097	31.19685745	-55.85427856	13.72898483	-33.76908112	-58.5020752
-146.4104462	-16.57825851	-24.25397873	11.08000469	85.58203125	-97.72650909	-1.676553965	-3.3574786189999997	-39.63440704	-20.2432251	-31.41743851	5.620045185	39.44934464	-82.14687347	-76.50971222	-17.62585068	-71.18190002	-47.09327698	36.88636398	44.78383636	4.215671539	-52.15008926	-28.576828000000003	1.7551226619999998	-9.424146652000001	-16.85128403	-25.70651245	-19.29119301
-48.09777069	-34.7699585	-56.25690842	-24.20815277	10.03948593	-43.76278687	42.79296112	-5.967351913	-45.96209717	47.32481766	-13.30794334	101.0232468	-30.99755096	-77.3034668	-50.26878357	-79.88952637	-92.63883209	-66.95719147	-42.98778915	128.8676758	25.90434456	-190.3073883	-59.36920929	-5.386353016	-21.88888741	11.97059822	24.79554367	17.41114998
-25.564653399999997	-28.99041748	50.47486496	-39.96846771	65.80384827	-34.98015976	55.21054077	-47.544979100000006	15.67632103	-62.11597443	80.06124115	90.66761017	52.43579102	-53.41233063	38.67238235	14.10874367	-52.23748779	-101.17147059999999	30.67337418	-39.31771469	43.10984039	113.8412628	51.186981200000005	16.98398972	-17.13677597	-14.52796459	15.63224792	-12.70463467
-58.37715912	-106.5511703	-57.88151932	-60.85528564	49.33207703	-29.54924393	-2.542140007	-45.34876633	-38.94069672	-1.0944658520000001	-77.17295074	-101.74642940000001	-22.4039402	-90.50347137	-37.70780945	-122.3634338	1.178471088	-9.970215797	-7.5364336970000005	32.40269089	50.20756912	65.94506073	-29.48272896	-31.53816605	24.40505028	17.15182114	-25.50295258	10.6129427
148.8336945	56.58925247	112.98831940000001	171.4975128	-19.39988708	-8.382000923	7.431474209	-15.55049038	-56.02849579	-114.06761170000001	54.51008606	148.1146088	47.48730087	-55.30639267	-15.03376484	90.02425385	64.58379364	-3.2507750989999997	94.55578613	26.83847237	27.06868362	-9.682188988	-11.82123947	-16.69170952	-38.05243683	12.17653751	41.7139473	-0.1628018469
58.01945114	-23.99287224	73.32304382	56.414764399999996	117.88591770000001	-0.9517714381	14.075269699999998	-17.41518784	-28.72742653	-6.691295147000001	58.49966431	71.1448822	63.97922897	80.26052856	118.74351499999999	71.93231201	-0.7485659122	-10.40615654	40.13858795	27.08551788	44.651371000000005	180.470993	102.5368042	113.63666529999999	30.20706177	85.88401794	83.34716797	4.4570341110000005
55.61719513	-55.46619415	105.6355057	27.29618645	-62.87695694	-46.33680725	-78.79885101	-157.63522340000003	-66.62154388	-109.46247859999998	-122.75734709999999	-91.90391541	-1.78310132	-99.02283478	-67.51351929	-82.34394073	-74.1004715	-44.2269249	73.46960449	61.58446121	22.21528625	34.26465988	-23.24427795	-0.1549577862	-62.082458499999994	-68.05047607	9.489499092	30.38669777
17.08602524	-7.9609222410000005	-110.5569153	-117.32258610000001	-108.6160507	-53.55627441	-38.27256775	-91.73884583	-46.49621201	-92.88109589	-65.62303925	-89.69478607	-9.791259766	-128.0643463	-106.2151718	-21.57516289	-121.9943237	-164.46138	28.3945713	24.29520035	63.83932495	-12.48843861	-75.04825592	-38.14170074	-79.47979736	15.83340549	-88.36798859	-86.02877045
36.03281784	-27.72729492	28.84226418	-28.33397102	2.116553783	-86.39196777	-102.280365	-74.27688599	33.6391983	-30.72546959	-4.017237186	75.36764526	50.27771759	28.85702133	63.7362442	24.91160202	-39.70499039	-92.02414703	3.4147078989999997	-226.1627808	-2.205168724	-26.58043289	33.998054499999995	102.12694549999999	-29.34688759	-46.78451538	0.44369778039999996	-4.1428098680000005
162.9898987	14.97175026	21.22994041	21.33496284	-37.22834396	-99.46584320000001	-39.04467392	-21.33845711	3.6591682430000003	-30.26992798	39.77314377	134.20805359999997	10.70096207	16.80446815	-48.16968536	16.06138802	-7.019448757	-38.05300903	132.0321655	32.21214294	34.00400162	61.87584305	42.5490799	114.2469788	-56.15575409	57.62432861	-42.330642700000006	-0.7100654244
84.559021	-36.86825562	-90.18350983	-79.74052429	-95.01548767	53.22143555	56.47484207	44.54123688	19.72920418	-40.5604248	34.6172905	138.5191956	3.815576792	27.78496361	35.31449509	105.371376	42.65903854	90.29376984	12.20211887	68.92988586	4.213510036000001	-20.316392899999997	-50.63724899	-39.87356186	49.54384613	-5.7438273429999995	27.27549553	-36.40401077
81.67382049999999	15.42703915	56.77721024	110.47725679999999	-27.27730179	-102.7246628	-51.00541687	-70.28012085	26.98226357	-56.44231796	28.55518341	100.04362490000001	29.80227852	7.859352588999999	59.50177002	21.74416733	19.29786301	-47.31157303	-21.77102661	-14.05101967	63.56867599	85.39097595	68.24845886	68.12156677	9.702119827	-45.98478317	48.08119202	13.12335491
-42.58914566	-83.70613098	123.79071809999999	162.06071469999998	21.85814667	-93.8957901	-85.22858429	-106.09262079999999	17.63834381	28.3369751	23.75026512	47.59440994	5.571119307999999	-25.08102798	-3.8996987339999998	-7.970107079	-85.72659302	-85.25204468	92.04718018	-159.8575439	-94.06395721	-148.10818480000003	1.919893861	9.554595947000001	10.69404316	-36.72480774	-7.91208601	-28.063148499999997
70.39446259	18.45154572	37.75772858	53.85191727	-43.03286743	19.48698616	15.62618828	33.49127197	-4.971788883	11.11319542	-25.923042300000002	144.713974	-11.43364716	26.75685883	47.78143692	22.14612389	46.17375946	102.0032959	71.35027313	234.5554962	153.1273499	84.87654877	25.19445419	34.50938034	56.75722122	66.49108887	8.125752449	6.609625816
34.61702347	19.762537	-20.70946503	111.6012192	-26.24154282	-38.24172211	-46.13500977	-18.6390419	0.2119354755	6.613235474	3.000838518	129.8396149	11.42696667	-79.37871552	80.97000122	94.07949066	7.957341671	-98.16498566	236.59873959999996	21.19838905	-48.54762268	-29.18105698	-38.28819656	25.85975075	9.179641724	2.457798958	8.630724907000001	-38.78158951
27.76593399	55.27572632	40.64909744	87.97327423	76.43758392	1.473677278	89.1163559	55.33182144	7.489489079	-83.4730835	67.95080566	161.57441709999998	73.50197601	53.51317215	89.15520477	89.2387085	-0.5418550968	-18.81643867	66.59708405	297.9565735	188.88754269999998	32.67286301	2.452798843	107.2181168	32.016506199999995	71.11992645	54.51470947	13.04870796
-178.33554080000002	6.940260887000001	-113.1625137	-41.17623138	65.74289703	-102.0992661	-116.8337555	-75.27324677	-123.47231289999999	2.72826457	-43.86535263	-49.87779999	-71.3952179	-136.11068730000002	-152.4213409	-56.11167145	-231.48445130000002	-328.1330872	-94.3754425	-257.2531128	-168.88969419999998	-221.5233917	-132.99168400000002	-68.14325714	-192.8557587	-101.288147	-173.22148130000002	-139.32804869999998
30.059879300000002	-32.51078796	-61.33100891	102.9815445	-101.30310820000001	26.68582916	17.99808502	48.13965607	15.94199181	-71.42305756	44.85784912	138.07901	45.97475433	74.78808594	33.30836105	-10.96007824	27.51751137	9.979569435	50.56475067	18.390365600000003	65.58405304	-102.6075439	75.84131622	69.81192017	-26.25553513	-36.52007294	-2.826657295	-37.049366
5.393585205	-26.68107414	-51.59048462	39.91723251	-137.6737671	-59.26183319	41.82793045	-78.77297211	32.01193237	-101.77342990000001	-52.91353226	16.2630291	16.62025452	-24.33842087	-57.84080887	38.71481705	-18.29142952	63.49508667	-154.6411133	-20.73016357	-56.75568771	-172.503067	88.70750427	77.31945038	19.11721802	33.33481979	-14.88150215	-30.86931229
-163.1287231	9.672922134	19.03880882	93.89750671	-18.16831398	-71.87624359	-20.29884338	22.32270241	16.99967575	-20.88790131	13.12768269	135.7588806	62.64024734	68.10041046	-25.50188065	79.04950714	-35.23674774	15.01119995	-85.66197205	286.0888672	-7.1220912929999995	-53.83293915	-30.20975304	74.93418884	2.0902020930000003	5.079827309	-44.86315155	-34.29197311
-85.28143311	-0.27025145289999997	51.37846375	105.48352050000001	8.01726532	57.07902908	4.606154442	-1.4234031440000001	1.9057376380000002	94.15573883	103.4560547	135.69989009999998	24.38626099	-10.27692127	18.91989708	41.12797165	108.09095	38.31776047	41.6196022	182.0746155	-7.136477947	-53.39426422	22.87985039	44.67073059	-24.47740936	35.14634323	6.920767784	-11.95992184
-145.08943180000003	-15.11048985	-53.97701645	12.00548267	18.82238579	57.53925705	-89.22063446	-30.82043839	-27.77621078	-59.73645782	19.48608589	-1.512400508	-6.57080555	-90.26356506	-46.77211761	-5.710542679	-95.10541534	-117.3847122	25.57722855	-82.51512909	-120.3318405	-46.50649261	-145.3508148	-82.39431763	-94.87136841	-62.51023483	-59.92060089	-25.59266281
-66.64933777	-123.42453770000002	65.44043732	93.52146912	-27.80316925	-46.86599731	-102.16591640000001	-122.54157260000001	-37.88902664	-30.16161346	45.04399872	83.74800873	9.256134033	-74.65364075	15.44735336	51.2403717	19.56715202	-39.34284592	-73.94644928	-277.44818119999996	-87.13866425	-226.01879879999998	-17.98510933	-7.978066921	-75.48706055	-76.96957397	-41.90229034	-33.17385483
-125.6006088	-44.224044799999994	-3.1554405689999996	86.47525024	37.65737534	-31.74836922	51.16415787	-3.6799292560000003	-25.74910927	138.0092773	37.47636032	36.63766098	15.41553307	29.69403839	-43.03202438	-44.72570038	-27.00812531	-64.77339935	-29.84850121	58.98410797	25.93588448	-69.42338562	-5.091921806	-4.561885834	-70.03365326	-11.09511375	17.19650078	-28.31846237
-37.23009109	18.21564865	-48.47592163	81.45863342	40.4246521	-78.19728851	-56.57208633	-59.03923035	-32.3360672	-101.3965378	-47.82521439	55.34014893	3.809027195	-41.95805359	-73.9234848	-49.37719345	-13.88036537	-65.65931702	44.534130100000006	95.00569153	4.980695723999999	-134.6317139	111.1121979	27.45303345	-34.54404068	-72.37244415	-21.93273163	-62.58280945
182.7754059	63.56681824	76.54624939	183.0770264	56.89430618	77.59441376	37.43869781	91.59844971	72.03207397	-19.97008514	77.46385193	92.89163971	7.826916217999999	-3.7881772519999997	117.92899320000001	52.15382385	34.63156891	45.14550018	86.0737381	104.05654140000001	99.47556305	103.76499179999999	48.98420715	64.95071411	-37.37023163	23.65167999	-6.676923752	9.950568199
-101.6792145	-66.11560822	-11.98631668	37.98432159	58.91487503	-34.17441177	-72.89168549	-45.96504593	-26.06390572	2.213027	-96.918396	-0.5246499181000001	-38.66513062	-39.70241928	-40.59495544	-76.93025970000001	-10.89808083	-4.88741684	24.82836723	136.31369019999997	12.03153515	37.46775436	46.75137711	14.19486904	-1.4062730069999998	-24.54977417	2.264373302	34.28326035
-151.6295624	-64.22194672	-20.94770622	101.86448670000001	-1.234339833	-26.33226585	-21.08288002	-39.77593613	-1.9147595169999998	-100.8194885	73.99057007	73.61824799	55.18216324	-34.68141556	53.31866455	137.318573	-12.86159039	15.70049095	71.70925140000001	-59.04709244	42.78638839999999	-66.97618103	4.790141106	-3.427369595	16.51550102	1.034293175	19.21735001	-26.00021172
102.4391708	-90.99841309	-64.80479431	-103.05712890000001	-42.09901428	-81.51026917	-161.71443180000003	-207.8607941	-16.40965271	-137.6732025	-57.4124527	-95.73139954	-9.435626983999999	-126.2161713	-38.95785904	-5.49494648	-51.19634628	-95.72384644	65.17836761	15.32112598	-73.9057312	37.61014557	64.10905457	25.46344948	25.81095314	-22.56663895	-18.09661102	-25.28380966
114.951004	-186.0704803	-22.83737755	-142.0353394	-110.0491409	-31.88934898	-10.14562511	-67.25997162	-46.93274307	-111.5109787	-1.720371485	37.38101959	30.96122932	0.005075137131	-24.76318741	-49.74863815	-19.77001381	-67.41777039	103.6782532	71.83970642	27.09882927	-141.1148834	-19.77074623	21.76487541	16.04396057	-7.319147587000001	-21.31598854	-22.68618774
-34.08029556	58.8211937	11.13719749	-11.05595112	54.751064299999996	-38.22704697	14.93427563	41.85509491	-43.55371094	-129.4788055	-37.04229736	14.24718094	2.887768507	-11.06118298	42.68905258	62.54631424	-18.10559845	-41.47584915	-77.79964447	4.696768284	-29.46413803	30.65085602	-4.860280037	28.41287613	-66.03384399	30.44741058	32.76246643	-69.01826477
95.71743774	-22.32837677	22.43185806	159.4698181	-45.1445961	-34.76976395	-2.254707575	35.46678162	22.50411034	-92.84403229	-38.73866653	105.8707886	25.88328743	-36.40830994	-25.90000725	-19.75414085	23.64514351	22.33289146	133.9487152	186.1640167	78.95623016	21.103223800000002	43.29642487	35.32106018	-9.012675285	7.1062498089999995	-67.54199982	-27.36808014
15.26549244	-144.1421356	-46.54655838	62.82283783	6.0918755529999995	-87.72206116	-66.84828186	-127.8217545	10.20707798	-38.39615631	-5.839612961	71.51857758	34.76168823	-33.01050949	55.06831741	22.93689728	0.417866081	20.45380974	3.519565582	-124.27183529999999	-122.5416183	-177.39068600000002	35.91339111	0.5342461467	-3.9267826080000003	-57.66266632	16.10564613	15.0102396
67.12089539	23.55135536	50.00432205	18.17712784	-27.98925209	5.028166771	-98.17486572	-92.35067749	-51.66451263	-106.4341812	-49.17233658	12.5555582	-1.575180531	-26.15940475	3.5160415169999997	-27.46224976	-7.221126556000001	-31.85527802	14.15218353	-11.71661758	-44.37125397	60.7937088	13.06962204	34.06637955	10.70069981	-17.45441437	-12.54568958	-69.50148773
-83.68635559	-54.1680069	23.55721092	137.18730159999998	4.401675701	-8.972706795	-9.271234512000001	54.63395691	40.29558945	36.59276199	5.936781882999999	163.5502319	-2.772617579	-19.25543022	-57.74738312	10.01012707	54.84043503	86.5267868	-46.91304016	39.44940948	-32.65221786	53.72583389	28.19392967	65.74702454	51.10667419	34.93489838	13.70747757	18.87928963
40.89578629	11.42430592	-47.56092834	131.5566254	-97.13845062	12.85716152	65.78583527	91.56922913	12.14750862	-40.26498032	19.85159874	127.2460709	50.88127518	-3.069141865	93.3662796	142.3828125	-38.60663986	-56.79553223	52.24569321	36.42037201	49.9438858	-16.9382782	-38.48928452	39.105793	18.23510742	34.58695602	-4.1903066639999995	1.467076421
78.07194519	5.501621246	-5.2219691280000005	97.10495758	-42.80567169	-22.72655487	2.335799217	-60.20965195	-4.1000676160000005	-46.35445404	-89.4521637	-27.34648132	40.23922348	-32.50386429	-45.86518097	22.95586014	-58.48759842	-59.26652908	34.59888839999999	19.95703697	10.58378315	154.095993	16.12932777	20.0378437	-2.6931779380000003	39.34973145	-80.32953644	-29.66890526
-11.70742798	18.80208969	29.89596558	52.84492874	-4.707707882	-40.9184494	52.80276871	-42.3789711	-46.34010315	3.09249568	-39.35892105	-23.36843491	5.752882957000001	-70.13751221	99.00193787	3.4634723660000004	-87.79315186	-73.40970612	-83.08409119	19.46286392	118.9922409	33.86374664	61.30469894	-29.2257576	-20.69985962	-57.57460022	46.981052399999996	-12.38491154
-146.4104462	-16.57825851	-24.25397873	11.08000469	85.58203125	-97.72650909	-1.676553965	-3.3574786189999997	-39.63440704	-20.2432251	-31.41743851	5.620045185	39.44934464	-82.14687347	-76.50971222	-17.62585068	-71.18190002	-47.09327698	36.88636398	44.78383636	4.215671539	-52.15008926	-28.576828000000003	1.7551226619999998	-9.424146652000001	-16.85128403	-25.70651245	-19.29119301
16.39933586	-49.87251663	14.477225299999999	-75.11244202	-24.81240082	-8.658263206	-145.33949280000002	-154.5407104	-51.41707611	-109.4491577	-41.31204987	1.2155041690000001	12.88653469	-33.12916946	-52.15596008	7.888175488	-84.50024414	-134.5731354	130.0100861	-75.56105804	-54.0211792	105.5058517	-46.03310394	8.117636681	-56.91432953	7.116002083	-58.42903137	-43.03374481
19.67488861	-4.0796947480000005	-23.16217232	-30.23031235	7.642904282000001	-51.83485794	13.62370586	-64.2554245	17.95367432	-26.93761063	48.54451752	99.7753067	18.58563423	-11.08934307	-18.4834919	-19.25623322	-32.17494202	17.48451233	-47.00540161	75.26348114	-35.23195267	32.37639236	45.03358078	37.92016602	-30.22112465	43.02296829	-32.28049469	-44.39565659
-36.51247025	59.17537689	-63.53022385	-42.65180206	-135.86068730000002	-38.69610977	7.516625404	-7.173136711000001	-44.56199265	-57.34283066	-46.40507507	-8.410870552	6.744958877999999	-110.50875090000001	125.90090179999999	-5.198337078	-21.00522041	-89.59628296	8.880139351	-27.30587196	34.37704086	-30.64297676	48.31942749	25.35827065	13.33029175	-6.837181567999999	39.44056702	0.5120813250999999
148.8336945	56.58925247	112.98831940000001	171.4975128	-19.39988708	-8.382000923	7.431474209	-15.55049038	-56.02849579	-114.06761170000001	54.51008606	148.1146088	47.48730087	-55.30639267	-15.03376484	90.02425385	64.58379364	-3.2507750989999997	94.55578613	26.83847237	27.06868362	-9.682188988	-11.82123947	-16.69170952	-38.05243683	12.17653751	41.7139473	-0.1628018469
58.01945114	-23.99287224	73.32304382	56.414764399999996	117.88591770000001	-0.9517714381	14.075269699999998	-17.41518784	-28.72742653	-6.691295147000001	58.49966431	71.1448822	63.97922897	80.26052856	118.74351499999999	71.93231201	-0.7485659122	-10.40615654	40.13858795	27.08551788	44.651371000000005	180.470993	102.5368042	113.63666529999999	30.20706177	85.88401794	83.34716797	4.4570341110000005
-9.34145546	-67.64219666	-24.88315201	151.4709625	-40.87036514	-52.463428500000006	56.9095993	75.60016632	-67.99925995	-115.59991459999999	0.9269867539	3.014141083	48.26451492	-36.87570572	11.07946396	38.5226059	-62.48152161	-110.4834747	-46.94043732	-84.76144409	39.74255371	-7.645148754	2.54640317	29.98405838	-0.8111512661	28.43541908	-17.8374939	-28.84755516
8.658787727	-43.98188782	-84.86013794	-136.076416	-30.57781219	-71.33840179	-38.71157455	-103.9921036	-6.511725902999999	-49.17477417	-29.68132591	3.49634552	8.668174744	-68.48691559	-66.20766449	-60.7622757	-86.41616058	-66.41220856	30.92567825	-74.15903473	-91.78154755	44.66806412	55.7649765	40.1726532	1.222195745	45.59370422	-12.18494034	-26.2399826
50.42589188	-76.93653107	-55.84860229	-166.8215485	-18.10372543	13.18749332	-2.348710775	76.68377686	6.179369926000001	10.58376408	123.06108090000001	130.896347	10.308710099999999	-29.09867859	97.48835754	47.99172974	-122.53726200000001	-112.396286	24.21626472	-56.59384918	28.30749512	-23.17026901	20.62325668	-5.6891670229999995	36.4041214	2.449288368	47.81716919	-11.60445118
106.7235107	16.14094543	56.72969818	71.16621399	-45.29092407	-12.28435421	6.625308037000001	23.42369843	8.860400199999999	55.35406494	77.98208618	135.6716919	-5.071938515	18.76609612	66.02620697	105.3163834	-21.89073181	-29.54055786	146.6050262	151.1040802	29.56305313	18.40703201	15.52087784	29.189239500000003	93.61456299	-8.196257591	-9.104884148	-46.38083649
162.6045227	-15.78622723	38.25508118	71.4252243	-16.15551186	-21.73619652	-23.60374641	-37.60585403	24.14713478	-16.93852234	-6.083178042999999	115.81570430000001	19.12329865	-9.532766342	14.74798775	-21.28876305	61.26919937	-59.62722778	146.9168396	33.08216858	61.16633606	-47.92100906	12.75831127	40.45890045	-9.257818222000001	44.77056503	13.5736475	16.85575485
36.03281784	-27.72729492	28.84226418	-28.33397102	2.116553783	-86.39196777	-102.280365	-74.27688599	33.6391983	-30.72546959	-4.017237186	75.36764526	50.27771759	28.85702133	63.7362442	24.91160202	-39.70499039	-92.02414703	3.4147078989999997	-226.1627808	-2.205168724	-26.58043289	33.998054499999995	102.12694549999999	-29.34688759	-46.78451538	0.44369778039999996	-4.1428098680000005
74.78979492	-87.35562897	-44.49823761	44.65695572	-67.59488678	30.00576591	-40.532546999999994	-68.38736725	-4.99712944	-11.68233204	69.37557983	187.38900759999999	-1.806872725	-14.84549713	31.11975861	23.55901718	-31.42762566	-23.81279373	77.75175476	143.9190369	28.20124817	-19.91294289	40.38650513	17.043085100000003	4.785597323999999	-11.29863548	22.93923187	18.17540932
178.7937775	-60.54990387	-60.94058228	-111.41887659999998	-78.46307373	-44.97016907	-127.42091370000001	-61.67347336	-74.07428741	-157.54208369999998	-133.38348390000002	-24.23688316	-75.46806335	-176.862442	29.21352577	-15.55944824	-46.61167526	-193.09011840000002	82.25038909999999	-224.1010895	-121.5931931	-116.96949769999999	-56.09856415	-74.75610352	-16.73039627	-85.93514252	-71.61228943	-107.22505190000001
-2.341865301	-68.20982361	-24.79684448	38.05820465	-30.214675899999996	7.386645317	-47.21350479	-33.32084274	27.27824593	-23.97581291	15.22964478	57.76793671	23.71670151	-64.5825119	16.94500542	17.89631462	-102.93062590000001	-77.07550049	36.51531982	70.97920227	16.83555222	-94.19480896	-31.07248116	-7.57302475	38.94597626	30.95511627	30.32168007	-37.34508896
-42.58914566	-83.70613098	123.79071809999999	162.06071469999998	21.85814667	-93.8957901	-85.22858429	-106.09262079999999	17.63834381	28.3369751	23.75026512	47.59440994	5.571119307999999	-25.08102798	-3.8996987339999998	-7.970107079	-85.72659302	-85.25204468	92.04718018	-159.8575439	-94.06395721	-148.10818480000003	1.919893861	9.554595947000001	10.69404316	-36.72480774	-7.91208601	-28.063148499999997
70.39446259	18.45154572	37.75772858	53.85191727	-43.03286743	19.48698616	15.62618828	33.49127197	-4.971788883	11.11319542	-25.923042300000002	144.713974	-11.43364716	26.75685883	47.78143692	22.14612389	46.17375946	102.0032959	71.35027313	234.5554962	153.1273499	84.87654877	25.19445419	34.50938034	56.75722122	66.49108887	8.125752449	6.609625816
166.5661621	-15.74801826	40.70659256	-50.19014359	-68.71118164	-0.8167414069	6.133886337000001	-35.49972534	-52.40016937	-54.00746155	30.87352943	58.86329269	21.67340851	-25.70152283	-12.51812458	94.9913559	-100.30478670000001	-129.216095	16.33531761	-97.66793823	10.27032852	-71.9019165	25.77462769	42.98787689	-4.742298126000001	3.196177244	8.836796761	-43.63698959
52.16882324	-46.53392029	-36.30883408	-46.59762192	36.09062958	35.80575562	1.931461453	34.28831863	-24.58927536	-8.06337738	42.86421585	123.3204727	40.12992096	-14.52227592	80.31043243	14.32875919	-27.86746979	-83.23287964	-56.67077255	-36.25286484	10.46723557	23.86914253	-68.21330261	-13.2710228	-83.95736694	-1.656856179	15.08863354	6.1579918860000005
-14.22284794	27.75365829	-52.70234299	-30.21271706	-25.09103012	-60.15917206	62.52602768	101.13002009999998	-13.55418587	-45.96994019	-6.3457183839999995	-5.455514431	-35.96695709	-45.45701599	-54.10531998	-38.77813339	-176.2497253	-131.76651	-102.43347170000001	-145.7470551	70.61882782	-127.81282809999999	-114.8427811	-75.39305878	-58.99106216	23.8391819	-39.05409241	-53.00511932
-65.38580322	-51.61840439	12.796434399999999	182.2885895	-67.70127106	-58.64239883	-118.98240659999999	-137.9524231	-30.46982384	-75.58146667	-19.22237015	-20.88332367	13.71477604	-41.29175949	-86.16175842	42.6937027	-135.3176575	-43.15840149	51.28396225	16.8055191	-15.86836433	-157.51486210000002	-33.77977371	30.93231201	-38.2628479	-38.16910553	-21.21831703	-70.79946899
128.060257	123.7605591	61.83612061	136.02027890000002	-30.83456993	64.10890198	151.3330688	234.94741820000002	46.30343246	-20.69214821	124.0094452	216.657135	55.88835526	111.70047759999999	39.37014008	95.09548187	58.35945892	98.56871033	59.98316193	116.1682358	126.86865230000001	106.6647186	61.64624786	72.12800598	43.77833557	97.57998657	48.37465286	52.01429749
-178.33554080000002	6.940260887000001	-113.1625137	-41.17623138	65.74289703	-102.0992661	-116.8337555	-75.27324677	-123.47231289999999	2.72826457	-43.86535263	-49.87779999	-71.3952179	-136.11068730000002	-152.4213409	-56.11167145	-231.48445130000002	-328.1330872	-94.3754425	-257.2531128	-168.88969419999998	-221.5233917	-132.99168400000002	-68.14325714	-192.8557587	-101.288147	-173.22148130000002	-139.32804869999998
59.48696136	-67.68427277	13.31346035	-99.74729919	14.80824089	72.51039124	1.441137195	23.99117088	6.490727425	-144.26693730000002	0.1895463914	-25.06336403	16.04051399	-44.47343445	30.82370186	-27.18260956	24.5577755	40.53521729	-103.1024628	-33.16672134	-34.42348099	-199.1795654	-72.74805450000001	-46.68199539	-64.22069549999999	0.3249129951	4.029033661000001	-25.29221344
-91.111763	-40.78266144	-17.7972393	26.00202942	-26.92025566	2.687483549	-11.54853344	1.097926617	-31.9946785	6.915850638999999	64.14894867	73.66516876	22.24542427	-8.876455307	-3.917050838	38.43539047	24.11200142	-19.94540596	52.69988632	-14.45713234	-159.7021637	-60.58003998	44.30363083	29.52029228	-47.87247086	12.67433739	5.160072803	-24.87441254
22.67517281	-11.11090946	-10.5399332	-23.99749756	-40.94178009	-50.29901886	38.86032867	-19.222745899999996	-23.48768806	-0.7448608875	28.20590591	52.69286728	21.48914528	-61.67802811	6.897407532000001	-48.730430600000005	-73.68013763	-118.17588810000001	25.12691307	47.10172272	56.45076752	-94.45101929	-12.40552616	11.26152897	-15.97732449	-60.89418793	-27.76490402	-11.49844742
-85.28143311	-0.27025145289999997	51.37846375	105.48352050000001	8.01726532	57.07902908	4.606154442	-1.4234031440000001	1.9057376380000002	94.15573883	103.4560547	135.69989009999998	24.38626099	-10.27692127	18.91989708	41.12797165	108.09095	38.31776047	41.6196022	182.0746155	-7.136477947	-53.39426422	22.87985039	44.67073059	-24.47740936	35.14634323	6.920767784	-11.95992184
-145.08943180000003	-15.11048985	-53.97701645	12.00548267	18.82238579	57.53925705	-89.22063446	-30.82043839	-27.77621078	-59.73645782	19.48608589	-1.512400508	-6.57080555	-90.26356506	-46.77211761	-5.710542679	-95.10541534	-117.3847122	25.57722855	-82.51512909	-120.3318405	-46.50649261	-145.3508148	-82.39431763	-94.87136841	-62.51023483	-59.92060089	-25.59266281
-103.2770844	-63.82946777	58.07832336	119.2618637	133.4938354	49.35247803	-4.094414711000001	41.5152092	-20.10128784	-129.0495148	145.2899628	113.1516953	78.86616516	22.25129128	-79.59928894	133.8677063	-112.6803741	-157.0784607	-99.56327057	126.77509309999999	101.6439133	-92.21665192	-100.8080902	112.45458219999999	31.75118637	19.19968033	-6.4169621470000004	-43.85765839
45.26620483	-40.56588745	65.5154953	25.39392853	-60.33461761	69.19390869	90.70934296	-6.561305523	0.4130991101	-64.53058624	133.1456451	252.1206055	86.78153229	94.85964966	4.191713333	44.51610947	60.76594162	86.18238068	-28.19135475	223.2345276	24.55403328	-30.3745594	-13.65624428	59.03458405	52.34600449	44.51033783	15.750636100000001	-71.29528809
-37.23009109	18.21564865	-48.47592163	81.45863342	40.4246521	-78.19728851	-56.57208633	-59.03923035	-32.3360672	-101.3965378	-47.82521439	55.34014893	3.809027195	-41.95805359	-73.9234848	-49.37719345	-13.88036537	-65.65931702	44.534130100000006	95.00569153	4.980695723999999	-134.6317139	111.1121979	27.45303345	-34.54404068	-72.37244415	-21.93273163	-62.58280945
1.435313702	-36.34538269	-32.59831619	-28.39879227	-12.94924641	-92.5203476	-60.25256348	-38.16270065	-95.53059387	-151.19772340000003	-88.55890656	-107.88474270000002	-8.101177216	-86.37389374	-20.8143425	-39.24306107	-96.05822754	-165.11695859999998	-100.1051178	-177.52165219999998	-13.95320225	14.95738125	-40.80088043	-22.10964012	-33.23770905	4.68380022	-69.56826782	-101.7940445
182.7754059	63.56681824	76.54624939	183.0770264	56.89430618	77.59441376	37.43869781	91.59844971	72.03207397	-19.97008514	77.46385193	92.89163971	7.826916217999999	-3.7881772519999997	117.92899320000001	52.15382385	34.63156891	45.14550018	86.0737381	104.05654140000001	99.47556305	103.76499179999999	48.98420715	64.95071411	-37.37023163	23.65167999	-6.676923752	9.950568199
102.4391708	-90.99841309	-64.80479431	-103.05712890000001	-42.09901428	-81.51026917	-161.71443180000003	-207.8607941	-16.40965271	-137.6732025	-57.4124527	-95.73139954	-9.435626983999999	-126.2161713	-38.95785904	-5.49494648	-51.19634628	-95.72384644	65.17836761	15.32112598	-73.9057312	37.61014557	64.10905457	25.46344948	25.81095314	-22.56663895	-18.09661102	-25.28380966
84.7845459	-2.7366607189999996	2.2447848319999997	-143.57498169999997	-64.90593719	-46.79494476	-81.46582031	-75.86128998	21.26431465	-98.94454956	-6.208769798	35.39373398	45.90159225	11.34576702	-100.5345535	10.61751938	-52.89869308	-34.57397079	128.3696136	277.48422239999996	-69.78340912	25.96048927	-26.58816528	33.37722397	11.85426712	36.64386368	-4.749480247	-5.841277599
-168.28569030000003	30.39276123	-31.44934273	44.98974609	-11.14442825	-41.97135162	-104.3744431	51.35473633	-27.31826973	-36.00317764	21.63676071	-13.40984058	0.7253972888	-110.64679720000001	-27.85282898	47.7106781	-20.31966019	-33.90333557	-142.01556399999998	-213.6337585	-126.3890991	-94.78055573	16.20096016	-13.98730946	-54.86798859	-15.29042816	-51.68403244	-32.77584839
36.03756332	-222.54104610000002	-62.8632431	-25.708574300000002	53.07153702	-101.01072690000001	8.612146378	-81.26226807	52.63776779	-72.89666748	16.86018944	28.98643112	62.61567688	-31.1460228	-79.44911957	-6.798556327999999	-7.622089386	-47.28616333	151.634079	263.38296510000004	97.41977692	-188.825592	42.06085205	47.48272324	-41.6014595	2.158159494	36.93696594	41.38643265
-32.95681763	98.45243835	7.557125567999999	54.26719666	-97.23249054	23.34275818	12.72490883	32.77099991	25.01070023	-91.52150726	-49.11309052	40.27098846	-19.22736168	11.55595016	-3.512941599	1.5002822880000002	-13.77886963	-2.194478035	-57.65672302	55.11638641	28.57213974	133.85839840000003	79.67140961	41.71583176	25.183242800000002	38.05524445	-38.139560700000004	-35.0391922
15.26549244	-144.1421356	-46.54655838	62.82283783	6.0918755529999995	-87.72206116	-66.84828186	-127.8217545	10.20707798	-38.39615631	-5.839612961	71.51857758	34.76168823	-33.01050949	55.06831741	22.93689728	0.417866081	20.45380974	3.519565582	-124.27183529999999	-122.5416183	-177.39068600000002	35.91339111	0.5342461467	-3.9267826080000003	-57.66266632	16.10564613	15.0102396
-0.9630383848999999	-29.65911674	1.4514625069999998	90.95319366	3.075783968	-21.31801033	-136.6855316	-55.57007599	53.03224182	11.5316124	-3.570393324	-25.29559326	-5.93119812	-60.99548721	189.9042206	139.56326289999998	10.67345238	-49.83047485	31.38439941	-35.43974304	-37.80705643	133.8508759	78.83942413	38.79301071	-106.9469452	-44.71496201	106.3616409	80.19403839
-22.0814724	82.26441193	64.18030548	92.53665161	-44.20607758	-56.47560501	36.37360764	92.53923798	-80.23880768	-133.1217499	69.029953	31.58184624	11.3759222	-34.25938797	-17.18306923	-21.80733299	-98.5426178	-93.33866882	20.88479614	154.2254639	124.515152	-6.002135753999999	-7.4080190660000005	23.26905823	-24.43526077	-28.06494522	15.22196102	-92.71572113
70.95708466	-186.85079960000002	10.88853645	-84.47758484	-45.91664505	-73.44281006	-23.3780632	-100.543808	-46.62817764	-141.0844879	-40.98062897	-29.41110611	-18.62176132	-76.80794525	-59.27217484	-30.46350288	-47.00947189	-87.87864685	137.8686981	30.93133163	-8.002140999	-78.81879425	34.00352097	31.19685745	-55.85427856	13.72898483	-33.76908112	-58.5020752
40.89578629	11.42430592	-47.56092834	131.5566254	-97.13845062	12.85716152	65.78583527	91.56922913	12.14750862	-40.26498032	19.85159874	127.2460709	50.88127518	-3.069141865	93.3662796	142.3828125	-38.60663986	-56.79553223	52.24569321	36.42037201	49.9438858	-16.9382782	-38.48928452	39.105793	18.23510742	34.58695602	-4.1903066639999995	1.467076421
-97.10597229	31.07324982	72.47325134	92.14180756	16.12597275	-40.67939377	-15.42935181	4.870868206	-4.63822031	-100.86203	-33.49716949	90.97586059999999	24.428520199999998	-71.41789246	-58.32404327	39.00962448	-31.56821632	-59.89874268	87.92614746	19.79267693	-7.43031311	-42.73142242	53.90319443	13.67270184	-16.98674583	-4.822225093999999	-20.82209015	-9.873843192999999
78.07194519	5.501621246	-5.2219691280000005	97.10495758	-42.80567169	-22.72655487	2.335799217	-60.20965195	-4.1000676160000005	-46.35445404	-89.4521637	-27.34648132	40.23922348	-32.50386429	-45.86518097	22.95586014	-58.48759842	-59.26652908	34.59888839999999	19.95703697	10.58378315	154.095993	16.12932777	20.0378437	-2.6931779380000003	39.34973145	-80.32953644	-29.66890526
16.39933586	-49.87251663	14.477225299999999	-75.11244202	-24.81240082	-8.658263206	-145.33949280000002	-154.5407104	-51.41707611	-109.4491577	-41.31204987	1.2155041690000001	12.88653469	-33.12916946	-52.15596008	7.888175488	-84.50024414	-134.5731354	130.0100861	-75.56105804	-54.0211792	105.5058517	-46.03310394	8.117636681	-56.91432953	7.116002083	-58.42903137	-43.03374481
-88.06716156	-134.9653625	23.2578125	15.49678516	32.1680336	-52.46692657	-153.7554474	-84.43714905	-10.56799603	-127.67502590000001	8.492426872000001	5.43362236	22.33324814	-161.1422729	-103.0262375	-82.88502502	-85.83151245	-142.3780518	61.16551208	-253.6392517	-227.5087738	94.19960022	-40.90870285	-42.19313431	-96.19593048	-75.43301392	-133.5053558	-82.89469147
-25.564653399999997	-28.99041748	50.47486496	-39.96846771	65.80384827	-34.98015976	55.21054077	-47.544979100000006	15.67632103	-62.11597443	80.06124115	90.66761017	52.43579102	-53.41233063	38.67238235	14.10874367	-52.23748779	-101.17147059999999	30.67337418	-39.31771469	43.10984039	113.8412628	51.186981200000005	16.98398972	-17.13677597	-14.52796459	15.63224792	-12.70463467
57.065795900000005	-48.90547562	103.0708084	74.57048035	-142.9077606	-67.5896759	-28.46713066	-56.65282439999999	-87.35101318	-90.9997406	33.04637527	-56.52872467	24.03954315	-28.38137817	-92.51212311	147.9908447	-96.80776978	-124.32652279999999	-243.2077332	-90.09049988	170.8492889	-82.51589966	27.67443085	37.22966766	9.235444069	12.85016823	-32.67857361	-60.33882523
-17.12493896	28.457797999999997	-144.44238280000002	-77.90727997	43.97785568	-43.10621643	104.24698640000001	79.63868713	-22.90077591	42.17012405	-25.91430855	19.40782738	26.65917015	-6.6536393170000006	50.41258621	-57.12734222	-122.43492890000002	-50.57027817	-149.5976562	36.66732025	210.08717349999998	19.71482658	112.2355804	27.79751396	7.111588955	45.99016953	15.76183796	17.78879929
58.01945114	-23.99287224	73.32304382	56.414764399999996	117.88591770000001	-0.9517714381	14.075269699999998	-17.41518784	-28.72742653	-6.691295147000001	58.49966431	71.1448822	63.97922897	80.26052856	118.74351499999999	71.93231201	-0.7485659122	-10.40615654	40.13858795	27.08551788	44.651371000000005	180.470993	102.5368042	113.63666529999999	30.20706177	85.88401794	83.34716797	4.4570341110000005
55.61719513	-55.46619415	105.6355057	27.29618645	-62.87695694	-46.33680725	-78.79885101	-157.63522340000003	-66.62154388	-109.46247859999998	-122.75734709999999	-91.90391541	-1.78310132	-99.02283478	-67.51351929	-82.34394073	-74.1004715	-44.2269249	73.46960449	61.58446121	22.21528625	34.26465988	-23.24427795	-0.1549577862	-62.082458499999994	-68.05047607	9.489499092	30.38669777
-103.4501495	8.560482979	-47.74938965	15.07096672	-26.18560219	-24.99217987	4.9376955030000005	-96.93138885	-10.57001972	-28.92579079	-37.04706573	-4.3908576969999995	34.60451126	-58.15613556	-7.715252876	11.04159927	-84.13665771	-52.99593353	29.79869652	-22.71022415	43.47640991	-50.89179993	44.91667938	9.344424248	10.40843964	11.20903397	-61.70368576	-8.462553024
17.08602524	-7.9609222410000005	-110.5569153	-117.32258610000001	-108.6160507	-53.55627441	-38.27256775	-91.73884583	-46.49621201	-92.88109589	-65.62303925	-89.69478607	-9.791259766	-128.0643463	-106.2151718	-21.57516289	-121.9943237	-164.46138	28.3945713	24.29520035	63.83932495	-12.48843861	-75.04825592	-38.14170074	-79.47979736	15.83340549	-88.36798859	-86.02877045
50.42589188	-76.93653107	-55.84860229	-166.8215485	-18.10372543	13.18749332	-2.348710775	76.68377686	6.179369926000001	10.58376408	123.06108090000001	130.896347	10.308710099999999	-29.09867859	97.48835754	47.99172974	-122.53726200000001	-112.396286	24.21626472	-56.59384918	28.30749512	-23.17026901	20.62325668	-5.6891670229999995	36.4041214	2.449288368	47.81716919	-11.60445118
96.25062561	64.37683105	-24.65408134	66.74169159	21.233675	-8.919420242000001	6.545782566000001	-8.376482964	-36.54960251	-52.20730209	-8.881539345	106.27951809999999	12.57668114	-71.47746277	36.77880859	4.879441738	-67.86521149	-113.9861603	92.31513214	23.93968201	-67.06451416	-21.57415009	-36.48099518	-5.499254704	-105.4664459	24.33323669	-35.42478561	-64.27159882
106.7235107	16.14094543	56.72969818	71.16621399	-45.29092407	-12.28435421	6.625308037000001	23.42369843	8.860400199999999	55.35406494	77.98208618	135.6716919	-5.071938515	18.76609612	66.02620697	105.3163834	-21.89073181	-29.54055786	146.6050262	151.1040802	29.56305313	18.40703201	15.52087784	29.189239500000003	93.61456299	-8.196257591	-9.104884148	-46.38083649
74.78979492	-87.35562897	-44.49823761	44.65695572	-67.59488678	30.00576591	-40.532546999999994	-68.38736725	-4.99712944	-11.68233204	69.37557983	187.38900759999999	-1.806872725	-14.84549713	31.11975861	23.55901718	-31.42762566	-23.81279373	77.75175476	143.9190369	28.20124817	-19.91294289	40.38650513	17.043085100000003	4.785597323999999	-11.29863548	22.93923187	18.17540932
229.04499819999998	-57.75265121	-42.741123200000004	-38.49649429	-77.40843201	2.38688755	-128.9397736	-164.8947754	37.16338348	-50.47109604	18.82141113	87.03256989	-11.12868977	-64.32720184	24.79125786	-22.72433853	-4.105319023	-9.623007774	139.65031430000002	-123.7414169	-49.29264832	-26.44299316	21.88558197	2.407409906	52.35734177	6.290261745	19.45436668	-9.422620773
84.559021	-36.86825562	-90.18350983	-79.74052429	-95.01548767	53.22143555	56.47484207	44.54123688	19.72920418	-40.5604248	34.6172905	138.5191956	3.815576792	27.78496361	35.31449509	105.371376	42.65903854	90.29376984	12.20211887	68.92988586	4.213510036000001	-20.316392899999997	-50.63724899	-39.87356186	49.54384613	-5.7438273429999995	27.27549553	-36.40401077
44.47406769	-22.19828415	-30.98542404	5.78934288	-132.1199341	-128.86460879999998	-66.61613464	-46.72990799	-56.02616501	-94.95226288	-103.98061369999999	-10.29759312	-5.988415241	-32.64047623	-31.33512497	-26.55980682	-88.73944092	-122.0911942	59.27508926	-163.449173	-30.77017975	-114.5761337	-17.39645576	1.1949132679999999	-3.9882700439999996	66.24014282	-45.60081863	-42.97539139
34.14638138	-93.53710175	-9.220015526000001	30.26276588	62.48139954	-23.48082733	-64.42151642	-63.63248444	20.34127998	56.57878113	58.35027695	103.90367890000002	-3.123074055	-11.45186043	7.945693492999999	39.84230423	-70.93912506	-168.5951691	-42.87948227	-347.47131349999995	-60.01197433	-64.77634429999999	-51.3912468	-25.93511772	-2.052246809	-50.43075562	9.835556984	-54.10677719
70.39446259	18.45154572	37.75772858	53.85191727	-43.03286743	19.48698616	15.62618828	33.49127197	-4.971788883	11.11319542	-25.923042300000002	144.713974	-11.43364716	26.75685883	47.78143692	22.14612389	46.17375946	102.0032959	71.35027313	234.5554962	153.1273499	84.87654877	25.19445419	34.50938034	56.75722122	66.49108887	8.125752449	6.609625816
34.61702347	19.762537	-20.70946503	111.6012192	-26.24154282	-38.24172211	-46.13500977	-18.6390419	0.2119354755	6.613235474	3.000838518	129.8396149	11.42696667	-79.37871552	80.97000122	94.07949066	7.957341671	-98.16498566	236.59873959999996	21.19838905	-48.54762268	-29.18105698	-38.28819656	25.85975075	9.179641724	2.457798958	8.630724907000001	-38.78158951
15.20679092	-66.34189606	5.290532112	-120.32055659999999	-6.989020824	-71.75876617	-48.78318787	-99.4072113	4.335971355	-54.64748001	76.31455231	73.52194977	4.612353325	40.82315826	54.566055299999995	26.56314468	-17.18149376	-63.45909119	-5.486879826	-85.87986755	22.32477951	112.0281906	59.78390121	72.11379242	-10.59460831	-39.86590576	8.616076469	-66.04977417
27.76593399	55.27572632	40.64909744	87.97327423	76.43758392	1.473677278	89.1163559	55.33182144	7.489489079	-83.4730835	67.95080566	161.57441709999998	73.50197601	53.51317215	89.15520477	89.2387085	-0.5418550968	-18.81643867	66.59708405	297.9565735	188.88754269999998	32.67286301	2.452798843	107.2181168	32.016506199999995	71.11992645	54.51470947	13.04870796
-14.22284794	27.75365829	-52.70234299	-30.21271706	-25.09103012	-60.15917206	62.52602768	101.13002009999998	-13.55418587	-45.96994019	-6.3457183839999995	-5.455514431	-35.96695709	-45.45701599	-54.10531998	-38.77813339	-176.2497253	-131.76651	-102.43347170000001	-145.7470551	70.61882782	-127.81282809999999	-114.8427811	-75.39305878	-58.99106216	23.8391819	-39.05409241	-53.00511932
-212.9299316	32.62647247	15.91820812	105.45458219999999	26.74290848	-39.13282776	-27.588090899999997	-11.47836304	-83.62326813	83.29618073	36.40907288	76.07888794	-4.872309685	-49.12333679	-26.66338921	-66.33421326	0.5216439366	-60.91159821	-31.80412102	4.452767372	-108.6069565	-33.12667084	-119.58309170000001	-64.20806122	-76.53327942	-50.98704529	-48.98675537	-23.48596573
-65.38580322	-51.61840439	12.796434399999999	182.2885895	-67.70127106	-58.64239883	-118.98240659999999	-137.9524231	-30.46982384	-75.58146667	-19.22237015	-20.88332367	13.71477604	-41.29175949	-86.16175842	42.6937027	-135.3176575	-43.15840149	51.28396225	16.8055191	-15.86836433	-157.51486210000002	-33.77977371	30.93231201	-38.2628479	-38.16910553	-21.21831703	-70.79946899
59.48696136	-67.68427277	13.31346035	-99.74729919	14.80824089	72.51039124	1.441137195	23.99117088	6.490727425	-144.26693730000002	0.1895463914	-25.06336403	16.04051399	-44.47343445	30.82370186	-27.18260956	24.5577755	40.53521729	-103.1024628	-33.16672134	-34.42348099	-199.1795654	-72.74805450000001	-46.68199539	-64.22069549999999	0.3249129951	4.029033661000001	-25.29221344
-65.40775299	-33.70097733	-10.55469227	-27.33638573	-79.92978668	-72.38909912	-62.18060684	-75.31066895	-79.59378815	-174.2323151	-57.95637131	-45.21514893	-17.12440491	-97.60500336	-80.8273468	-53.45228958	-97.86087036	-54.92456436	-47.94229126	-32.34218979	-88.96894836	-91.95251465	-150.2117462	-61.8993721	-65.84087372	-53.63624954	-44.22302246	-25.35119247
5.393585205	-26.68107414	-51.59048462	39.91723251	-137.6737671	-59.26183319	41.82793045	-78.77297211	32.01193237	-101.77342990000001	-52.91353226	16.2630291	16.62025452	-24.33842087	-57.84080887	38.71481705	-18.29142952	63.49508667	-154.6411133	-20.73016357	-56.75568771	-172.503067	88.70750427	77.31945038	19.11721802	33.33481979	-14.88150215	-30.86931229
-115.83984380000001	43.08172607	0.8238176703	76.88295746	85.46932220000001	-1.250824809	-23.00258636	28.69182396	-64.81863403	172.732132	104.430687	63.98662949	-24.47567177	-81.12606812	54.32501984	80.72298431	25.31072998	-86.87792206	-55.02671814	115.8089523	7.658782959	-93.22724152	-87.790802	-35.09179306	-29.48876953	-70.65467834	-23.12838936	53.04864502
76.34958649	-203.2330475	-54.46514511	33.84039688	-74.03789520000001	-18.96831703	-31.504619599999998	-36.86860275	-25.68919563	-97.50546265	40.67161942	44.60531235	-19.81718636	-17.44782448	-89.79901123	-14.62970161	23.88777161	-16.38303566	-71.80545807	-84.79602051	-80.08772278	-165.173111	-42.55031204	-21.58456802	-16.87041092	-11.14600945	-22.57472801	-31.56169128
-145.08943180000003	-15.11048985	-53.97701645	12.00548267	18.82238579	57.53925705	-89.22063446	-30.82043839	-27.77621078	-59.73645782	19.48608589	-1.512400508	-6.57080555	-90.26356506	-46.77211761	-5.710542679	-95.10541534	-117.3847122	25.57722855	-82.51512909	-120.3318405	-46.50649261	-145.3508148	-82.39431763	-94.87136841	-62.51023483	-59.92060089	-25.59266281
-66.64933777	-123.42453770000002	65.44043732	93.52146912	-27.80316925	-46.86599731	-102.16591640000001	-122.54157260000001	-37.88902664	-30.16161346	45.04399872	83.74800873	9.256134033	-74.65364075	15.44735336	51.2403717	19.56715202	-39.34284592	-73.94644928	-277.44818119999996	-87.13866425	-226.01879879999998	-17.98510933	-7.978066921	-75.48706055	-76.96957397	-41.90229034	-33.17385483
37.10045242	76.91093445	-8.452408791	74.87991333	-32.60085297	-14.88148499	5.4000887870000005	8.002421379	8.367049217	-66.34075928	-14.32608223	64.94203949	14.43001461	26.44565773	-5.349094391	-10.95582962	69.95281219	84.4340744	-29.83535576	-6.294533252999999	41.52906799	-52.16366577	10.51023674	14.38324261	15.25880814	36.56640244	-7.860880852	0.6003877521000001
-125.6006088	-44.224044799999994	-3.1554405689999996	86.47525024	37.65737534	-31.74836922	51.16415787	-3.6799292560000003	-25.74910927	138.0092773	37.47636032	36.63766098	15.41553307	29.69403839	-43.03202438	-44.72570038	-27.00812531	-64.77339935	-29.84850121	58.98410797	25.93588448	-69.42338562	-5.091921806	-4.561885834	-70.03365326	-11.09511375	17.19650078	-28.31846237
