-99.31255341	-67.789505	68.45507049999999	154.9090729	-79.84648132	-2.708723783	-116.7260056	-52.65177155	33.8967247	13.46896935	61.20493317	39.28059387	43.86982727	-25.12929726	15.96493435	-31.94613457	92.41184235	129.2563934	35.54552841	166.48031619999998	66.62643433	-31.06948662	-19.24179268	87.46401215	-14.49815464	-17.65529251	100.3631134	11.96048927
-173.0482483	-58.80907059	-128.9886475	-66.70320892	-52.39517212	40.96628189	-131.2982635	-207.0808716	-58.88131332	-40.06806564	153.4073486	25.13100815	44.19956207	5.084202766000001	-17.01394844	37.19264603	-24.15705872	10.33679008	-65.55464172	99.96464539	-97.2698288	-363.3191833	75.73336029	-44.75511551	56.97333145	-28.45605087	41.31367874	-19.83006668
13.39668751	-145.2274475	-23.8112011	-106.6994095	-24.96007156	46.965065	-41.68169022	-166.6555481	15.36249352	25.08687782	113.1655807	79.33371735	82.82462311	18.04918861	-2.607229471	-22.71391869	73.43343353	67.99831390000001	-66.45545959	-4.887830257	-5.253583908	-34.25331497	171.245224	28.55591202	58.67920685	16.36421967	91.71251678	41.45511246
-94.159729	-3.6798543930000003	-28.19809723	106.9274368	4.276391506	19.32530594	30.71502495	74.65854645	51.81483841	18.2476387	31.43650818	49.90529251	20.283403399999997	-121.68910220000001	6.3128380779999995	-26.29066467	-12.76827049	32.54914093	23.03752518	-23.12235832	-102.7175064	104.0767441	-162.84494019999997	-72.67453766	11.26296234	15.71450043	-23.04685211	-103.3431396
-156.6747284	-80.72250366	133.94894409999998	229.88081359999998	31.72723007	10.52397537	-24.95565224	30.93836021	86.06106567	-18.87415314	128.3192139	64.13317108	46.06098175	-71.60810852	10.67179775	56.15319061	89.04319	115.10141750000001	109.7439728	233.9653168	174.131012	178.02314760000002	-67.24547577	-50.09628677	45.93691254	45.87838745	46.09852219	-26.98848534
-26.52178192	77.39157867	-74.33834076	-126.7337189	-36.35385132	79.19350433	-5.211201668	2.481622458	40.34806061	24.6639576	75.60984039	23.86820221	-10.58500099	56.6897316	89.59700775	80.38491821	51.91308594	99.61379242	-34.35335922	164.8267975	91.16021729	-137.50602719999998	19.47940445	-100.38211059999999	-9.838709831000001	8.54431057	93.99019623	11.91684914
53.39486313	-75.50941467	99.77990723	99.13721466	28.58122826	85.88552094	12.6235733	-4.520457745	92.29602051	84.95410156	145.2608032	49.91258621	95.42243195	-1.673277259	78.17864990000001	38.16150284	157.3155365	123.91692350000001	51.60371017	-11.09883595	85.93894958	140.3496246	55.25907516	-16.37583351	-18.70343208	-34.14755249	3.961210728	27.67049599
2.508808374	15.62218475	-72.52109528	35.90487671	68.28925323	194.9264679	-3.274872541	-61.39047623	13.15958214	46.33953857	85.22952271	60.80626678	38.29498291	-63.34599304	20.81064034	46.16229248	-110.3653946	-61.70601273	-10.02138138	81.04258728	-22.47474861	74.65159607	-77.46050262	2.226799488	90.92381287	23.556427	78.80260468	4.419789791
-196.4149323	-127.71607209999999	-23.53540039	181.0944977	39.27023315	-6.4751186370000005	-27.87506485	-0.9431514740000001	8.309186935	-42.3420372	74.07858276	40.90713882	50.44398117	-78.51370239	44.00307465	63.70726395	-72.40424347	48.08002472	56.71163559	148.72875980000003	46.79737854	115.04283909999998	-149.15870669999998	-35.59018326	0.9719864726	5.6885066029999996	-32.21325302	-32.79724121
-21.67420578	-39.98334885	16.59490204	228.02183530000002	17.28086472	-39.52405167	-8.327786446000001	77.98220825	22.45048523	-6.513134956	83.17349243	53.83826828	19.4867878	-16.31904984	-11.07227325	-17.28458405	-105.25775149999998	27.07783127	81.49736023	230.8613281	78.92894745	107.4239731	-174.4489136	-12.40686226	61.97628403	37.92866516	20.06212425	-70.55810547
69.66914368	-66.9178009	77.96502686	204.030365	-24.96763992	2.262079	3.087447643	-40.51927948	94.96947479	92.06340027	136.40090940000002	84.06707764	108.47651670000002	72.31565857	75.29143524	42.45265579	121.84896090000002	82.03321838	223.8254089	101.97876740000001	62.34899521	65.35466766	27.02147484	28.89616394	49.59957123	17.50757217	59.63666916	-59.78413773
-183.03048710000002	-73.69172668	70.62122345	160.318924	-13.85011864	42.41042709	-35.52681351	-118.4617538	43.17561722	-59.44334793	85.8246994	70.82273102	67.85936737	-0.9603095054999999	-13.31826496	-26.372612	152.65124509999998	129.4160004	-82.307724	185.3245087	83.37509918	47.03065872	85.81989288	71.96685791	-58.80931854	32.2131691	37.83456421	-29.71219254
-62.77952194	-26.40796852	59.41347885	228.33012390000002	13.75551128	65.06942749	34.36203766	20.27767181	82.47800446	-5.526043892000001	180.874115	72.736763	58.64479828	-91.5162735	4.337026119	22.48533249	1.4821062090000001	84.54566956	17.37538338	89.4828186	65.11769867	40.71956253	-72.25340271	-40.16142273	77.56911469	23.04423904	10.76329613	0.2143577784
-241.225235	-116.6312332	8.930220604	-2.183063745	4.336599827	41.67449570000001	-108.02804569999999	-73.66175842	-47.58388901	26.42682648	144.76272580000003	81.7151413	51.42747116	8.006248474	173.5019684	206.5248718	43.55957413	-82.65962219	30.99539566	32.62013245	-80.3118515	-99.62007141	-111.8390656	-132.5679321	-6.511998177000001	39.07898712	168.84703059999998	-11.14899921
-273.4692688	-44.19539261	10.15741444	35.84547424	-73.48684692	-18.24130821	-131.30050659999998	-94.86742401	11.84156418	-32.05616379	6.8209609989999995	-11.07162094	11.28148746	-74.93182373	10.99585629	-33.30607986	-29.38142014	29.78789902	-148.61450200000002	179.8335724	45.83600998	-73.50605774	-3.5544850830000003	50.43380737	30.08024979	34.69574738	150.88026430000002	87.46865845
-37.22429657	-64.47199249	-155.5396271	-60.88589859	-36.54907227	167.3761597	-115.91639709999998	-138.3736267	-28.87979317	-95.12679291	153.01136780000002	62.83738708	2.16002965	-84.83876801	-58.57410049	49.95544815	-147.7853241	-141.51422119999998	102.5690689	16.29097557	-54.0790062	10.12000656	-217.10992430000002	-105.54570009999999	-92.52952576	-31.19524574	-14.88754559	-70.28379822
-98.64352417	-60.59336853	44.98418045	146.8167267	-117.3989716	-81.83436584	-93.31139374	-29.927974699999996	-104.5439758	57.62308884	11.69066906	-13.00344753	20.74267006	-47.96182632	-12.39624691	-76.78288269	-29.59967422	-13.410624499999999	58.71182251	-22.61127853	-10.20352173	-36.94118881	41.55286789	99.12540436	49.10771942	85.45162964	149.0210571	21.00310516
-227.70455930000003	-80.70791626	18.89403725	21.73676682	-86.13858795	26.74732399	-159.3401031	-170.90301509999998	-28.91426468	-26.71789551	73.10462952	24.04152107	28.24206352	8.237213135	-13.74122906	-34.74952316	96.48551941	97.85532379	-82.02313995	49.11511993	37.88945389	-138.3488159	38.36392593	111.2835312	32.05691528	17.77472687	49.07368851	73.65222931
-110.4549408	77.17430115	-114.88232420000001	-3.650698185	-86.82813263	72.69124603	-108.4692001	-96.65904999	-44.75948715	-114.5379639	69.83117676	59.70886612	-31.63995171	-109.06216429999999	5.684294223999999	-42.44145584	-82.16209412	29.33577156	156.993988	-89.26654053	86.29799652	-133.495697	-40.63682556	-17.73848534	-24.2405014	-78.71433258	85.62095642	4.411500454
-29.81490135	-0.3262716532	-34.11874771	151.4050751	-74.27726746	81.2602005	69.82944489	153.10548400000002	27.14892769	7.256634235	-92.39102173	-25.69040871	-28.274164199999998	-105.9725342	16.9515152	-114.1340561	-146.4618835	8.984580994	391.2060242	127.4204483	-1.777740359	211.25367740000002	-181.1035004	-229.0569	13.22487259	-54.03378296	-32.23738098	-90.75647736
-149.3109283	-249.4450378	-92.00150299	-198.05058290000002	-13.82260704	-85.08303070000001	-190.83230590000002	-280.768158	-113.2448959	-63.74586487	14.01336956	7.934308529	20.37314987	-47.74482727	106.43693540000001	-2.072994471	207.31282040000002	130.02862549999998	-23.294849399999997	2.51732111	-70.73166656	-18.09721947	220.17837519999998	79.20336914	19.93266869	-21.87267303	285.6403503	57.45191956
-242.8091125	-65.68598938	17.66806984	143.9726105	-124.5538101	-48.894104	-131.4468079	-130.6606903	22.83824158	-20.66140938	8.52831459	-6.6708898539999995	-18.38615799	-49.66241455	-56.85213089	-146.69343569999998	-31.37792397	150.37008669999997	-12.474304199999999	124.576355	-16.79584122	-21.61095428	-102.56016540000002	9.309328079	-39.79575729	-35.99206924	11.03999329	-26.5318718
-30.38471031	-62.92792511	28.50074387	29.39764977	13.05324459	29.55517387	-52.62929535	-40.33912659	13.26802063	11.98032093	97.71740723	88.90286255	-15.5588932	-38.22599411	-32.66946793	69.31246948	74.45178223	100.53517149999999	209.79945370000002	42.10531998	-13.1655941	103.8055954	-65.97672272	4.822947978999999	3.8891406060000002	72.24868774	24.47278023	-30.08572006
-193.2448425	87.943573	-20.65673637	258.6917725	-129.473175	33.18584442	-34.05249786	3.86383009	17.62744331	-29.04205894	66.2257309	-5.583869934	12.83669853	-86.15645599	37.79249954	-48.63500977	-113.3845291	-35.60095596	-43.67638016	299.3872375	79.77831268	-52.54279709	-74.72873688	58.96969986	22.94148445	14.39251137	108.9250412	-33.42383957
-129.3061371	-225.44702149999998	-83.32723999	-27.71835327	-76.30142975	-28.868537899999996	-202.15425109999998	-150.9789429	-31.73651695	-45.09427643	-13.17830086	-5.090723991	0.1790934652	-69.46841431	-77.33963013	-39.7892189	-1.3824743030000002	-20.80097389	48.31873703	39.49302673	-80.03238678	-148.3878479	-99.78005219	51.58419037	-15.01955795	-78.21265411	26.14245224	-39.9457016
13.345112799999999	-152.5515747	-170.2025146	-160.861969	-51.82781219	117.64566040000001	-214.404129	-62.28278732	-42.91664886	-58.80260086	-1.27302444	13.03032684	-43.46819305	-51.24207687	5.5594339370000005	10.0360899	108.71684270000002	112.37792209999999	16.80384064	1.331825256	110.03047179999999	-115.06755829999999	14.2746954	73.63799286	46.00123978	43.32420349	116.7898254	-8.544372559
-5.001258373	-88.19371033	-72.97016144	15.16142845	83.03672028	163.9932251	-202.0628815	-214.2780151	-27.06340027	-29.13121414	73.09873962	10.54401207	23.21938705	-62.22678757	71.26004028	46.47071457	-8.99731636	-62.00671768	-267.7641602	32.32103729	24.71868324	-102.62335209999999	106.93012240000002	46.90773392	-24.6209259	4.404682636	30.2397213	13.76063538
-122.423378	48.64671707	-108.8919449	-23.29451752	180.31573490000002	-4.2240448	-122.0836716	-71.23668671	-41.68074417	-24.76571465	-45.37466431	-63.34381485	-17.41610146	-99.21979523	31.35469627	80.13040924	17.49657249	-97.58285522	-153.3832245	30.08131599	51.18298721	-172.2944336	42.34854889	-100.1617432	-75.57535553	-55.32088852	95.05158234	95.64142609
-195.3951874	-196.60914609999998	-14.22158337	52.12844849	-124.6699295	-89.97349548	-3.951698303	-144.6770325	71.09155273	39.62211227	-58.00374222	-30.63562012	5.210532665	-70.71138763	-106.2311172	-124.8287582	45.29044342	-24.00994682	76.4413147	-49.05632782	-45.40940094	-185.74507140000003	-17.33828163	55.34523773	17.75710106	-4.6147408489999995	-26.80305099	-21.93383598
-134.8247375	-15.13713741	100.49859620000001	54.32342529	63.32082367	92.61237335	-32.20368195	21.19882011	19.27918243	16.34642029	10.68688869	7.656235218	-2.330910206	-98.16824341	49.67390442	68.93006134	-111.09277340000001	62.14533234	99.09807587	-117.1456375	140.75431819999997	-104.7006302	-112.5373993	-24.94420433	-32.93072128	-67.69896698	-56.08516693	-30.03780174
40.50303268	84.90813446	-25.72266006	181.81147769999998	7.31242609	-14.36279011	59.75868225	26.63735008	-9.541249275	66.43419647	-50.9008255	-21.40160751	-40.84603119	-188.2016602	-58.61568832	-78.10804749	-51.52651978	102.75027469999999	182.7038116	54.2706871	-85.59531403	233.3419037	-219.1484985	56.01667023	-18.41934586	34.54469681	-136.1131439	-110.89663700000001
-5.819470406000001	53.01773834	-1.330250025	322.2542725	100.2070541	65.88243103	25.30861664	-144.58143619999998	-18.24915123	-2.822444677	-51.83556366	-34.15662384	-41.66169357	-305.1723938	43.17712402	51.23006058	-109.1981812	-139.12896730000003	277.16336060000003	-6.896199703	-9.955715179	82.79529572	-191.32191469999998	151.5691528	-120.735405	-31.59925461	89.24816895	-40.87552261
260.0004883	95.06208038	89.489151	366.3804016	-15.99345684	95.29232025	213.75613399999997	143.92543030000002	99.99825287	-40.10211945	121.7050247	67.66529846	-67.29389954	-67.95040131	-17.02604866	13.59184837	-100.0771255	-45.02581024	508.40896610000004	339.2279358	338.441925	415.67990110000005	-149.3501892	-468.86499019999997	31.23607826	57.96857071	-88.20149994	-71.96599579
-180.59667969999998	-180.6675873	-87.3158493	-151.67660519999998	-26.95315552	85.69487762	-276.5862732	-264.2871704	-96.28328705	-69.48466492	67.04343414	15.88413334	-3.924002409	-64.62024689	86.82067108	142.91584780000002	-2.304792881	-7.502639771	-499.3900757	-200.2883148	-96.00352478	-374.6010437	139.26289369999998	-41.11668396	-0.9933873415000001	-20.42333412	119.76127620000001	63.88106918
-162.2027435	-229.77091980000003	9.864328384	60.28803635	-8.140690804	-79.61859894	4.177868843	-13.82958794	55.31129837	26.49539375	57.85375595	32.1268425	-38.82656097	-132.1438141	-60.773723600000004	-20.31902695	18.50330925	-5.404989719	176.7983246	34.95034027	15.67648029	43.59793472	-113.7287369	65.61523438	13.79475212	-3.6871421339999997	-163.0474396	-33.96397781
-7.697828293	68.72668457	52.60185623	206.48730469999998	10.81286907	-22.24657249	34.74261475	67.48088074	52.02105713	-5.832521439	68.86132812	71.74493408	12.84312916	-42.08836746	-95.78782654	-41.75497437	-45.15811539	77.85700226	186.3521271	179.5957794	36.17105865	141.37792969999998	-79.20609283	111.1741257	62.22539520000001	76.27512359999999	-76.73125458	-77.46026611
231.1335754	-1.984381437	-154.5978851	-47.83205032	51.77486038	119.31148529999999	-44.99195099	-365.3624573	-79.2260437	-30.68226624	-25.31807137	43.72722244	-19.35996628	-301.1661377	-48.63556671	-51.8337059	-290.3373108	-210.4252625	-239.22073360000002	-129.6281433	-359.5335693	-59.7559166	-270.7659607	-114.7856903	-104.2584229	-74.99569702	-151.1421967	-15.2739172
124.60964969999999	96.07748413	-52.59276962	-167.075943	52.5939064	-21.20121956	23.40681839	-0.7716768384	-38.80801392	12.67751217	30.52091217	7.074281216	8.906957626	-48.73597336	7.891275406	30.08040047	-67.93057251	-86.63314056	74.1448822	-14.98680305	-60.71054459	28.74735069	-120.52171329999999	-18.81264877	28.92583466	13.30779266	-79.99206543	4.66892767
-218.2894745	-40.76431656	-67.86965179	102.1126556	35.68504333	50.49526596	-17.91376495	-51.32571793	-75.73284149	-90.45381927	43.44712448	-9.999700546	-62.02967072	-76.55756378	-23.102808	18.47966003	-129.51762390000002	-77.86533356	-103.9871902	226.2722168	133.2220764	106.948555	-81.99729156	-56.87982559	-106.4794312	-83.55057526	-33.11803436	-36.1724472
-154.44175719999998	-177.08035280000001	-57.884265899999995	-91.06198883	81.83007049999999	32.69464493	15.67594433	-188.0542755	21.62434006	18.32707977	-41.52680588	-12.96872711	21.59199333	-78.04649353	3.812720299	-5.716185092999999	62.39488983	-22.60174179	-196.0688934	-16.02369499	-17.79265022	-162.72036740000001	155.9809418	-39.56632996	-34.45654297	-55.73346329	26.39163589	83.07138062
-179.0002136	-238.2298126	-161.8386383	-327.1759033	37.35744095	106.20163729999999	-139.3995514	-168.18241880000002	12.33856392	32.27880096	79.134552	20.62073898	-10.92236805	-109.4629822	94.58795166	-8.919935226	-11.89494419	2.303476334	-206.31985469999998	-276.321991	-203.9745483	-386.1845703	30.39057159	-40.98302460000001	45.14017105	-0.2202151865	9.768949509	34.56827164
-207.05513	-99.08278656	65.93981171	72.27381134	42.88436508	169.69216919999997	-46.70804596	-60.51961136	92.28092957	150.81770319999998	118.6575165	32.20691299	-19.89071274	-37.45101166	-101.4439621	-3.257535696	-71.99407196	64.253479	-34.78407288	-208.1219635	62.19059753	-75.46628571	-57.91120911	169.2727356	-21.57736969	-4.0396771430000005	-19.5765419	11.18298912
-49.0415535	-16.62467957	-38.37650299	-75.38539886	17.19892311	142.1180725	-52.82356262	-136.61218259999998	-94.17481995	-57.87854767	45.48806763	10.8267374	50.258255	-110.9231415	-77.05172729	31.01703262	187.5601196	85.95592499	-93.17990112	-14.93490124	-82.46412659	18.87841225	145.00340269999998	37.80043411	-85.50197601	-13.13894081	5.69120121	17.56908035
112.61427309999999	-17.79344368	10.20028114	-35.84313965	-11.78264523	163.39167790000002	-36.95904541	-132.0246429	-9.425010681	59.28328705	81.54303741	-1.7945355180000002	27.95703506	-86.28710175	50.81267166	92.55691528	-7.891047955	-62.28252029	-74.1966095	86.73615265	65.80608368	88.94642639	65.63206482	-47.9019165	43.02468872	-9.858055115	147.7986755	-13.48355103
-171.7045593	-81.55187225	-80.91191864	-20.59602928	-15.84012794	-84.91171265	-58.85593033	-61.98584366	-16.36274338	-65.13844299	-119.22273249999999	-54.938720700000005	-23.76496124	-166.2466431	-68.28961945	-129.2277527	-53.50222015	-34.13216782	157.0141449	-47.56251526	-278.5184021	-8.335158348	-17.54687881	37.5068779	-51.74597931	-68.02809143	25.98039818	52.18588257
-276.74118039999996	19.97332001	-20.51840019	-19.19550705	-31.248104100000003	35.81486893	-136.0684967	-133.6154022	9.859962462999999	64.27503967	19.34305	22.80721664	10.7741394	-18.91062927	-62.85102844	-11.896879199999999	-73.92185974	-58.77037048	-216.0033569	-47.3193779	83.57466888	-326.5715942	38.35474396	126.1115112	15.35646152	35.98258972	-41.00793076	84.59302521
-201.743576	-185.7619019	8.13307476	58.1853447	-139.2577667	-103.78692629999999	-220.51174930000002	-94.64031982	-62.12916565	-84.86467743	-85.38891602	-14.72726345	12.11907864	-138.4546356	-122.43304440000001	-124.10186770000001	-109.01713559999999	21.17702103	38.25901794	116.9692535	-223.04171749999998	-235.11087039999998	-182.342804	-23.35989189	-120.0368652	38.24523163	-49.81760788	3.8265392780000003
-121.63134	18.667436600000002	-23.59703636	-118.2068939	8.145887375	-44.8796463	-11.63503456	-43.92365646	18.13866806	80.45257568	70.66368103	-16.46356964	53.22166824	-89.28729248	-6.591732025	70.57631683	75.10471344	56.42488861	-55.72302628	6.449213028	-19.87658882	-277.8112488	175.7380676	-4.148283005	1.762722254	-47.38143539	-35.49586868	31.06036377
-123.7672501	-114.318367	-95.8119812	-63.60793686	-81.84828186	45.61345673	-87.99531555	-90.43147278	-75.21747589	-57.79076004	42.57571793	26.96377182	14.75294399	-25.42112732	9.517274857	-6.610154152000001	51.56074905	16.61681175	0.2178865969	-51.4452095	5.423238754	-232.32249449999998	57.50428772	49.639171600000005	-37.37979126	22.50762939	26.1672287	53.65211487
-257.365509	-196.499588	68.73937988	73.27416229	-15.9278326	-57.9236412	-80.94052124	-106.28418729999999	-23.05420494	38.67713165	-52.52569962	-40.97750473	14.21612644	-0.9189404248999999	7.53322649	-78.03585815	13.26380634	-30.08962631	-117.472641	-2.457159758	-123.8318253	-270.96185299999996	19.2321682	-18.34965515	17.93976974	-9.379968643	74.32823944	44.09065247
-8.819703102	-49.36305618	-16.51569939	-50.25866318	56.82249832	140.8118744	-111.5750961	-114.66242220000001	42.79077911	120.1915207	15.59706306	-13.51342297	-19.12099838	-60.69979858	-87.09598541	23.45941925	-97.16762543	17.39562798	-172.785202	-125.96826170000001	-124.42520900000001	-29.12907982	29.06657982	85.11482239	17.56682014	40.05477905	-8.614406586	10.19860649
-272.4654236	-180.6371918	-126.31475829999998	-246.53160099999997	-60.30198288	117.67144009999998	-136.4756775	-227.4826508	-26.55486679	-107.4607544	-54.43988419	-7.389834404	25.93349838	-156.1374359	35.88008499	83.68262482	-51.48806381	-29.82308197	-180.946991	-25.48073006	43.81801224	-210.7015381	96.20574188	-51.12765884	-48.65056992	22.44656563	-31.96937561	17.12697792
69.01248932	40.68977356	112.9307938	288.9197388	59.85030746	34.10189056	-20.82876778	33.29420089999999	69.70384979	84.28870392	138.0415802	89.31163788	63.47922897	57.45119858	11.93335056	-9.775501251	-9.074825287000001	95.1129303	16.49992371	225.8387756	117.48744199999999	102.2539673	56.77355576	36.12527847	55.25159454	15.27645493	16.54035378	75.87332153
-173.0482483	-58.80907059	-128.9886475	-66.70320892	-52.39517212	40.96628189	-131.2982635	-207.0808716	-58.88131332	-40.06806564	153.4073486	25.13100815	44.19956207	5.084202766000001	-17.01394844	37.19264603	-24.15705872	10.33679008	-65.55464172	99.96464539	-97.2698288	-363.3191833	75.73336029	-44.75511551	56.97333145	-28.45605087	41.31367874	-19.83006668
13.39668751	-145.2274475	-23.8112011	-106.6994095	-24.96007156	46.965065	-41.68169022	-166.6555481	15.36249352	25.08687782	113.1655807	79.33371735	82.82462311	18.04918861	-2.607229471	-22.71391869	73.43343353	67.99831390000001	-66.45545959	-4.887830257	-5.253583908	-34.25331497	171.245224	28.55591202	58.67920685	16.36421967	91.71251678	41.45511246
-156.6747284	-80.72250366	133.94894409999998	229.88081359999998	31.72723007	10.52397537	-24.95565224	30.93836021	86.06106567	-18.87415314	128.3192139	64.13317108	46.06098175	-71.60810852	10.67179775	56.15319061	89.04319	115.10141750000001	109.7439728	233.9653168	174.131012	178.02314760000002	-67.24547577	-50.09628677	45.93691254	45.87838745	46.09852219	-26.98848534
-26.52178192	77.39157867	-74.33834076	-126.7337189	-36.35385132	79.19350433	-5.211201668	2.481622458	40.34806061	24.6639576	75.60984039	23.86820221	-10.58500099	56.6897316	89.59700775	80.38491821	51.91308594	99.61379242	-34.35335922	164.8267975	91.16021729	-137.50602719999998	19.47940445	-100.38211059999999	-9.838709831000001	8.54431057	93.99019623	11.91684914
97.19966888	100.35260009999999	80.86432648	-11.47454453	21.27894783	52.29780579	-12.52607155	-58.69105911	110.13587949999999	72.75078583	128.0627747	66.4572525	45.2840271	-0.04693314433	-17.80982399	35.85055542	182.2120056	91.83235168	68.77836609	20.20501328	-8.079571724	1.922068834	15.80859089	43.63314438	43.17362213	14.38614273	72.98333740000001	5.281188965
-196.4149323	-127.71607209999999	-23.53540039	181.0944977	39.27023315	-6.4751186370000005	-27.87506485	-0.9431514740000001	8.309186935	-42.3420372	74.07858276	40.90713882	50.44398117	-78.51370239	44.00307465	63.70726395	-72.40424347	48.08002472	56.71163559	148.72875980000003	46.79737854	115.04283909999998	-149.15870669999998	-35.59018326	0.9719864726	5.6885066029999996	-32.21325302	-32.79724121
69.66914368	-66.9178009	77.96502686	204.030365	-24.96763992	2.262079	3.087447643	-40.51927948	94.96947479	92.06340027	136.40090940000002	84.06707764	108.47651670000002	72.31565857	75.29143524	42.45265579	121.84896090000002	82.03321838	223.8254089	101.97876740000001	62.34899521	65.35466766	27.02147484	28.89616394	49.59957123	17.50757217	59.63666916	-59.78413773
35.67016983	-215.0229645	123.47415159999998	70.36390686	70.80488586	136.8262177	-59.1031723	9.201796532000001	7.856562137999999	62.64101028	137.1333466	69.3657608	50.33712387	-18.32800865	28.01689529	114.15918729999999	45.36761856	140.6897888	113.83451840000001	-4.292404175	305.23452760000004	148.4330139	39.40763855	71.35916138	87.54538727	-48.96302795	28.90378761	8.871038437000001
153.7172699	25.61927986	143.5029907	52.24368668	-16.14442062	112.3495178	28.00081444	3.801484346	66.17720795	16.44520378	202.33058169999998	79.31072235	42.94218063	3.478582859	27.948635100000004	62.61177826	86.37548065	177.75028989999998	-23.80405426	30.94062996	25.49045181	60.65387344	15.857038500000002	35.36875153	10.14622784	44.02308273	70.88556671	-8.266860962
-51.68199921	-85.43997955	-27.81421089	-70.20805359	-1.2002882959999999	83.59553528	-89.73888397	-47.34601974	39.95290756	45.50965881	66.21675110000001	45.47855377	19.72611427	-97.88691711	-19.93888474	-5.7355470660000005	63.18283844	-57.09920883	41.44741058	52.29922104	-55.86075211	-119.57209009999998	-51.27066803	4.313035011	17.279094699999998	36.90771103	27.47027016	-16.41744232
-109.612793	-4.572122574	69.77594757	-35.2115593	10.26032448	4.166079998	52.55657196	-8.461909294	-33.77480698	117.6542587	110.9707794	4.625098228	37.40388107	-44.52374268	77.90018463	63.75963211	133.879303	136.7716064	43.44350433	-304.7308655	12.53524113	-70.12686157	19.502958300000003	23.91736603	90.88100433	15.23038387	179.31221010000002	38.05580521
-273.4692688	-44.19539261	10.15741444	35.84547424	-73.48684692	-18.24130821	-131.30050659999998	-94.86742401	11.84156418	-32.05616379	6.8209609989999995	-11.07162094	11.28148746	-74.93182373	10.99585629	-33.30607986	-29.38142014	29.78789902	-148.61450200000002	179.8335724	45.83600998	-73.50605774	-3.5544850830000003	50.43380737	30.08024979	34.69574738	150.88026430000002	87.46865845
-37.22429657	-64.47199249	-155.5396271	-60.88589859	-36.54907227	167.3761597	-115.91639709999998	-138.3736267	-28.87979317	-95.12679291	153.01136780000002	62.83738708	2.16002965	-84.83876801	-58.57410049	49.95544815	-147.7853241	-141.51422119999998	102.5690689	16.29097557	-54.0790062	10.12000656	-217.10992430000002	-105.54570009999999	-92.52952576	-31.19524574	-14.88754559	-70.28379822
-227.70455930000003	-80.70791626	18.89403725	21.73676682	-86.13858795	26.74732399	-159.3401031	-170.90301509999998	-28.91426468	-26.71789551	73.10462952	24.04152107	28.24206352	8.237213135	-13.74122906	-34.74952316	96.48551941	97.85532379	-82.02313995	49.11511993	37.88945389	-138.3488159	38.36392593	111.2835312	32.05691528	17.77472687	49.07368851	73.65222931
-110.4549408	77.17430115	-114.88232420000001	-3.650698185	-86.82813263	72.69124603	-108.4692001	-96.65904999	-44.75948715	-114.5379639	69.83117676	59.70886612	-31.63995171	-109.06216429999999	5.684294223999999	-42.44145584	-82.16209412	29.33577156	156.993988	-89.26654053	86.29799652	-133.495697	-40.63682556	-17.73848534	-24.2405014	-78.71433258	85.62095642	4.411500454
-36.58219528	-16.18631554	11.60599327	-144.1652679	-103.5142593	50.67261505	-147.8818207	-210.83537290000004	-37.21398544	21.91262245	15.96149349	-53.95117569	108.01277920000001	-18.55245018	93.02349091	132.86834720000002	56.00746918	-139.5666351	-34.2898941	-3.717038393	46.10291289999999	-70.89830017	115.7013702	13.51525021	25.05789185	-12.05147266	131.8616028	28.63160896
-242.8091125	-65.68598938	17.66806984	143.9726105	-124.5538101	-48.894104	-131.4468079	-130.6606903	22.83824158	-20.66140938	8.52831459	-6.6708898539999995	-18.38615799	-49.66241455	-56.85213089	-146.69343569999998	-31.37792397	150.37008669999997	-12.474304199999999	124.576355	-16.79584122	-21.61095428	-102.56016540000002	9.309328079	-39.79575729	-35.99206924	11.03999329	-26.5318718
-193.2448425	87.943573	-20.65673637	258.6917725	-129.473175	33.18584442	-34.05249786	3.86383009	17.62744331	-29.04205894	66.2257309	-5.583869934	12.83669853	-86.15645599	37.79249954	-48.63500977	-113.3845291	-35.60095596	-43.67638016	299.3872375	79.77831268	-52.54279709	-74.72873688	58.96969986	22.94148445	14.39251137	108.9250412	-33.42383957
-63.18457413	-17.69731331	-107.0270233	-159.73214719999999	-55.23521423	17.39691353	-196.0920105	-101.0069427	-117.3793182	-102.7588196	-60.09647751	-20.15785408	15.59449768	-19.94547272	-49.07653809	-137.1306	61.41957474	41.00305939	-95.93218231	0.3375180066	92.03578186	52.28269958	29.70582581	100.3818359	-7.298851967	-31.342063899999996	180.062973	49.679039
-269.6974487	-29.0008297	-4.655617714	-127.84228519999999	27.08208656	42.08802032	-83.18049622	-103.3473511	-33.99608231	-63.57704544	88.8932724	44.70778275	20.52663231	-37.60238647	110.80429840000002	49.46110916	-14.30069351	-11.67834091	4.7058796880000004	48.91992188	-36.97229004	67.79999542	13.85060406	4.197635651000001	6.064671992999999	23.03240585	189.0213776	8.416604042000001
-258.41860959999997	-130.2954865	4.272948742	-154.37640380000002	-144.5856628	29.26068497	-137.02793880000002	-187.9132538	-52.8900032	-48.46728516	32.98284149	-41.40576172	-13.14954472	-67.13861084	-2.55627656	-58.10218048	59.79047012	-23.820158	-44.02928925	85.16781616	-24.23532295	-38.26129913	-99.50088501	14.64096165	-13.90240669	-10.56853867	61.78956223	69.1918335
-200.66328430000002	-106.2275696	-208.48365780000003	-95.81178284	-22.3355217	67.92375946	-118.08673859999999	-127.76702879999999	-74.38362885	-72.34806061	78.24336243	4.917901516000001	-21.808815	-126.8496475	-0.7943281531	98.03399658	-81.0271225	-177.4965363	-122.63399509999999	81.44538879	-9.909290314	37.26515961	-113.733078	-76.52709961	-4.673041344	-18.65922928	67.90391541	59.74555969
34.87412643	49.3539772	81.07570648	144.3942719	-27.81166267	-36.98867035	9.447948456	-78.57670593	17.91361427	-11.37337399	9.940032959	-21.08452225	11.62506485	-150.04356380000002	-11.40903091	24.75192833	24.0877552	113.90997309999999	23.21791267	3.194978476	137.8998566	-40.03272247	-34.59893417	-18.59042549	-45.53921127	-9.608644485	64.87719727	38.7049675
-122.423378	48.64671707	-108.8919449	-23.29451752	180.31573490000002	-4.2240448	-122.0836716	-71.23668671	-41.68074417	-24.76571465	-45.37466431	-63.34381485	-17.41610146	-99.21979523	31.35469627	80.13040924	17.49657249	-97.58285522	-153.3832245	30.08131599	51.18298721	-172.2944336	42.34854889	-100.1617432	-75.57535553	-55.32088852	95.05158234	95.64142609
-195.3951874	-196.60914609999998	-14.22158337	52.12844849	-124.6699295	-89.97349548	-3.951698303	-144.6770325	71.09155273	39.62211227	-58.00374222	-30.63562012	5.210532665	-70.71138763	-106.2311172	-124.8287582	45.29044342	-24.00994682	76.4413147	-49.05632782	-45.40940094	-185.74507140000003	-17.33828163	55.34523773	17.75710106	-4.6147408489999995	-26.80305099	-21.93383598
40.50303268	84.90813446	-25.72266006	181.81147769999998	7.31242609	-14.36279011	59.75868225	26.63735008	-9.541249275	66.43419647	-50.9008255	-21.40160751	-40.84603119	-188.2016602	-58.61568832	-78.10804749	-51.52651978	102.75027469999999	182.7038116	54.2706871	-85.59531403	233.3419037	-219.1484985	56.01667023	-18.41934586	34.54469681	-136.1131439	-110.89663700000001
-5.819470406000001	53.01773834	-1.330250025	322.2542725	100.2070541	65.88243103	25.30861664	-144.58143619999998	-18.24915123	-2.822444677	-51.83556366	-34.15662384	-41.66169357	-305.1723938	43.17712402	51.23006058	-109.1981812	-139.12896730000003	277.16336060000003	-6.896199703	-9.955715179	82.79529572	-191.32191469999998	151.5691528	-120.735405	-31.59925461	89.24816895	-40.87552261
-157.531662	-60.56119537	-90.07441711	-101.86869809999999	-71.88977051	57.01538086	-176.8357239	-259.572937	-83.57674408	-41.55426407	1.758705974	-66.85180664	18.51080322	-77.60155487	-54.45674896	-21.10456085	133.6801453	33.45558929	-344.67242430000005	26.04936028	31.96320915	-216.2348938	13.26990795	-33.76389694	-69.31264496	-82.94825745	125.66095729999999	56.02917099
-162.2027435	-229.77091980000003	9.864328384	60.28803635	-8.140690804	-79.61859894	4.177868843	-13.82958794	55.31129837	26.49539375	57.85375595	32.1268425	-38.82656097	-132.1438141	-60.773723600000004	-20.31902695	18.50330925	-5.404989719	176.7983246	34.95034027	15.67648029	43.59793472	-113.7287369	65.61523438	13.79475212	-3.6871421339999997	-163.0474396	-33.96397781
231.1335754	-1.984381437	-154.5978851	-47.83205032	51.77486038	119.31148529999999	-44.99195099	-365.3624573	-79.2260437	-30.68226624	-25.31807137	43.72722244	-19.35996628	-301.1661377	-48.63556671	-51.8337059	-290.3373108	-210.4252625	-239.22073360000002	-129.6281433	-359.5335693	-59.7559166	-270.7659607	-114.7856903	-104.2584229	-74.99569702	-151.1421967	-15.2739172
-261.8248901	-43.44054031	-122.03916170000001	-136.39056399999998	53.34906006	85.6499176	-155.99331669999998	-52.67160416	-88.81039429	-39.714077	-16.48499107	-59.32942963	-23.11572266	47.99126053	75.66873169	-27.79200745	-4.716360569	-120.06282809999999	-267.1822815	123.35131840000001	156.5540009	-53.04721069	42.40076828	84.56404114	-53.07517242	-14.49604893	187.3131561	4.661962508999999
30.93061638	-19.77939034	13.56506157	-19.81004143	-33.9382515	23.78236008	-138.41714480000002	-189.13769530000002	-29.46170425	28.63503838	153.53048710000002	38.81184006	0.8954204917	12.94846249	-64.36780548	31.63093758	16.85933304	134.9832916	-136.4802856	-86.35251617	-92.08457184	-59.50052261	-15.59253502	-64.70225525	-19.076463699999998	33.04436493	-47.27981567	-2.8989050389999997
-4.639605522	71.74307251	16.51522827	69.77214813	-11.34763145	-12.59959793	12.3876791	-34.81521606	-58.23672867	-10.30272961	-15.89920807	22.41545105	-40.48394394	-125.71343229999998	131.4311981	70.07759094	3.578620195	-0.26640746	-184.0855255	147.93386840000002	15.28051186	39.57239151	-33.52286911	-172.5090332	-39.38566208	-25.11083031	136.7861481	34.091362
41.82404327	43.46165466	27.81306076	170.02449040000002	-25.89862251	7.98164463	30.4416256	-0.5966417789	-18.59032631	-14.54051495	53.54898834	32.28427124	-16.37084007	-120.29031370000001	-61.67832947	-23.30825043	-37.50829697	51.90558624	210.3490753	28.80355453	-135.8766785	104.06951140000001	-239.63810730000003	-10.90101337	-36.114151	57.30186462	5.096388817	-52.24961472
204.2923279	-75.84985352	-47.44887161	102.396637	-12.72990227	3.08548665	-89.57362366	24.46748543	73.66031647	0.24350212510000002	188.7586975	60.27045441	-12.29395962	-16.60470009	-9.673985481	41.06055069	-139.2896881	-86.98342896	216.1607208	48.986892700000006	39.28138733	-126.73753359999999	20.03991318	-63.80810928	60.69655991	-11.53057575	-58.19268417	-62.9241333
-179.0002136	-238.2298126	-161.8386383	-327.1759033	37.35744095	106.20163729999999	-139.3995514	-168.18241880000002	12.33856392	32.27880096	79.134552	20.62073898	-10.92236805	-109.4629822	94.58795166	-8.919935226	-11.89494419	2.303476334	-206.31985469999998	-276.321991	-203.9745483	-386.1845703	30.39057159	-40.98302460000001	45.14017105	-0.2202151865	9.768949509	34.56827164
-207.05513	-99.08278656	65.93981171	72.27381134	42.88436508	169.69216919999997	-46.70804596	-60.51961136	92.28092957	150.81770319999998	118.6575165	32.20691299	-19.89071274	-37.45101166	-101.4439621	-3.257535696	-71.99407196	64.253479	-34.78407288	-208.1219635	62.19059753	-75.46628571	-57.91120911	169.2727356	-21.57736969	-4.0396771430000005	-19.5765419	11.18298912
112.61427309999999	-17.79344368	10.20028114	-35.84313965	-11.78264523	163.39167790000002	-36.95904541	-132.0246429	-9.425010681	59.28328705	81.54303741	-1.7945355180000002	27.95703506	-86.28710175	50.81267166	92.55691528	-7.891047955	-62.28252029	-74.1966095	86.73615265	65.80608368	88.94642639	65.63206482	-47.9019165	43.02468872	-9.858055115	147.7986755	-13.48355103
-171.7045593	-81.55187225	-80.91191864	-20.59602928	-15.84012794	-84.91171265	-58.85593033	-61.98584366	-16.36274338	-65.13844299	-119.22273249999999	-54.938720700000005	-23.76496124	-166.2466431	-68.28961945	-129.2277527	-53.50222015	-34.13216782	157.0141449	-47.56251526	-278.5184021	-8.335158348	-17.54687881	37.5068779	-51.74597931	-68.02809143	25.98039818	52.18588257
-78.60295105	-122.31335449999999	-19.33105469	23.37098122	-0.34941750759999995	131.7937622	-80.21564484	-129.4930115	-1.74057579	14.78918552	14.86348343	-53.84235382	-14.37396526	-82.05713654	-2.953104019	-51.63343048	-5.565742016000001	3.4970009330000003	-97.08784485	-119.3191986	-37.04949188	-101.54898829999999	-82.36686707	4.032954693	-3.200480461	-40.46521378	-7.595864296	33.6398201
-121.63134	18.667436600000002	-23.59703636	-118.2068939	8.145887375	-44.8796463	-11.63503456	-43.92365646	18.13866806	80.45257568	70.66368103	-16.46356964	53.22166824	-89.28729248	-6.591732025	70.57631683	75.10471344	56.42488861	-55.72302628	6.449213028	-19.87658882	-277.8112488	175.7380676	-4.148283005	1.762722254	-47.38143539	-35.49586868	31.06036377
-257.365509	-196.499588	68.73937988	73.27416229	-15.9278326	-57.9236412	-80.94052124	-106.28418729999999	-23.05420494	38.67713165	-52.52569962	-40.97750473	14.21612644	-0.9189404248999999	7.53322649	-78.03585815	13.26380634	-30.08962631	-117.472641	-2.457159758	-123.8318253	-270.96185299999996	19.2321682	-18.34965515	17.93976974	-9.379968643	74.32823944	44.09065247
-146.8589478	-116.41357420000001	6.406465054	49.99552155	-33.10518646	46.53091049	-2.442297697	-52.72746277	55.30930328	25.23890686	111.2449875	83.3421936	0.5779905318999999	-112.04036709999998	-81.27304840000001	-30.14742851	-108.22195430000001	-80.86989594	-120.4237061	10.87713528	-3.1784772869999998	-155.562912	-29.37401199	-71.76008606	-31.96521378	47.52322388	32.49072266	5.492801666
-52.46846008	-45.54505157	-24.09833527	-46.48658752	-5.469519138	-48.7169838	-31.54258347	-42.34098434	-9.202835083	-13.07025623	0.8570076823	-19.26848793	19.4442482	-77.90702057	18.226797100000002	84.8524704	-20.35523987	44.74775696	-183.0831146	125.7370682	16.8072052	10.17658806	-70.48706818	-36.66552353	-1.808640003	0.5026603936999999	44.84920883	17.81092072
-110.700325	-98.88219452	-36.28787613	-69.03794861	65.67082977	46.54066467	-61.11021042	-172.8288574	0.8000787497	-39.29090118	84.57565308	25.656795499999998	17.82550812	-104.09349820000001	11.8341198	-20.17349052	124.55171200000001	-27.33175659	55.95405197	22.68813324	-55.18470001	-100.4875793	237.01507569999998	37.40673065	-17.98455811	-12.50591087	82.19351196	-5.097083092
99.42075348	62.36890793	46.80968094	51.44837952	2.0906038280000003	50.18166351	-45.64388657	-50.69046402	33.59729767	37.43927383	145.62359619999998	45.05636215	60.984607700000005	-52.59815216	-13.8003006	41.94700241	64.07222748	71.58538055	-115.82551570000001	148.2961884	31.90158844	-45.70861816	145.700119	-19.560215	-8.310879707	-80.46222687	-27.86001396	6.484747887
-99.31255341	-67.789505	68.45507049999999	154.9090729	-79.84648132	-2.708723783	-116.7260056	-52.65177155	33.8967247	13.46896935	61.20493317	39.28059387	43.86982727	-25.12929726	15.96493435	-31.94613457	92.41184235	129.2563934	35.54552841	166.48031619999998	66.62643433	-31.06948662	-19.24179268	87.46401215	-14.49815464	-17.65529251	100.3631134	11.96048927
161.5115051	62.0030899	4.329741955	191.3617706	-13.05872345	8.023796082	80.50580597	140.90844730000003	77.76431274	14.75123787	76.50949097	48.21608734	54.77937317	-17.67167473	20.49922943	1.396341324	-13.477665900000002	36.16838837	221.7002258	87.66378784	124.14155579999999	127.0971527	-90.50418854	-2.617993593	71.54262543	13.87090492	-10.21268463	-77.42351532
69.01248932	40.68977356	112.9307938	288.9197388	59.85030746	34.10189056	-20.82876778	33.29420089999999	69.70384979	84.28870392	138.0415802	89.31163788	63.47922897	57.45119858	11.93335056	-9.775501251	-9.074825287000001	95.1129303	16.49992371	225.8387756	117.48744199999999	102.2539673	56.77355576	36.12527847	55.25159454	15.27645493	16.54035378	75.87332153
-0.23341828579999999	-72.13559723	85.79228973	160.1630707	-5.515673637000001	22.2765789	0.6086708903	14.15565777	63.10519791	40.90888977	17.68127823	5.941791058	46.6202774	-25.18822479	59.25970078	34.76816177	62.29484558	99.6446991	117.09331509999998	102.26655579999999	69.22945404	80.43495178	34.16223145	8.725120544	13.16456604	69.13462829999999	78.34961700000001	-26.76784515
13.39668751	-145.2274475	-23.8112011	-106.6994095	-24.96007156	46.965065	-41.68169022	-166.6555481	15.36249352	25.08687782	113.1655807	79.33371735	82.82462311	18.04918861	-2.607229471	-22.71391869	73.43343353	67.99831390000001	-66.45545959	-4.887830257	-5.253583908	-34.25331497	171.245224	28.55591202	58.67920685	16.36421967	91.71251678	41.45511246
-94.159729	-3.6798543930000003	-28.19809723	106.9274368	4.276391506	19.32530594	30.71502495	74.65854645	51.81483841	18.2476387	31.43650818	49.90529251	20.283403399999997	-121.68910220000001	6.3128380779999995	-26.29066467	-12.76827049	32.54914093	23.03752518	-23.12235832	-102.7175064	104.0767441	-162.84494019999997	-72.67453766	11.26296234	15.71450043	-23.04685211	-103.3431396
-26.52178192	77.39157867	-74.33834076	-126.7337189	-36.35385132	79.19350433	-5.211201668	2.481622458	40.34806061	24.6639576	75.60984039	23.86820221	-10.58500099	56.6897316	89.59700775	80.38491821	51.91308594	99.61379242	-34.35335922	164.8267975	91.16021729	-137.50602719999998	19.47940445	-100.38211059999999	-9.838709831000001	8.54431057	93.99019623	11.91684914
53.39486313	-75.50941467	99.77990723	99.13721466	28.58122826	85.88552094	12.6235733	-4.520457745	92.29602051	84.95410156	145.2608032	49.91258621	95.42243195	-1.673277259	78.17864990000001	38.16150284	157.3155365	123.91692350000001	51.60371017	-11.09883595	85.93894958	140.3496246	55.25907516	-16.37583351	-18.70343208	-34.14755249	3.961210728	27.67049599
2.508808374	15.62218475	-72.52109528	35.90487671	68.28925323	194.9264679	-3.274872541	-61.39047623	13.15958214	46.33953857	85.22952271	60.80626678	38.29498291	-63.34599304	20.81064034	46.16229248	-110.3653946	-61.70601273	-10.02138138	81.04258728	-22.47474861	74.65159607	-77.46050262	2.226799488	90.92381287	23.556427	78.80260468	4.419789791
97.19966888	100.35260009999999	80.86432648	-11.47454453	21.27894783	52.29780579	-12.52607155	-58.69105911	110.13587949999999	72.75078583	128.0627747	66.4572525	45.2840271	-0.04693314433	-17.80982399	35.85055542	182.2120056	91.83235168	68.77836609	20.20501328	-8.079571724	1.922068834	15.80859089	43.63314438	43.17362213	14.38614273	72.98333740000001	5.281188965
69.66914368	-66.9178009	77.96502686	204.030365	-24.96763992	2.262079	3.087447643	-40.51927948	94.96947479	92.06340027	136.40090940000002	84.06707764	108.47651670000002	72.31565857	75.29143524	42.45265579	121.84896090000002	82.03321838	223.8254089	101.97876740000001	62.34899521	65.35466766	27.02147484	28.89616394	49.59957123	17.50757217	59.63666916	-59.78413773
35.67016983	-215.0229645	123.47415159999998	70.36390686	70.80488586	136.8262177	-59.1031723	9.201796532000001	7.856562137999999	62.64101028	137.1333466	69.3657608	50.33712387	-18.32800865	28.01689529	114.15918729999999	45.36761856	140.6897888	113.83451840000001	-4.292404175	305.23452760000004	148.4330139	39.40763855	71.35916138	87.54538727	-48.96302795	28.90378761	8.871038437000001
153.7172699	25.61927986	143.5029907	52.24368668	-16.14442062	112.3495178	28.00081444	3.801484346	66.17720795	16.44520378	202.33058169999998	79.31072235	42.94218063	3.478582859	27.948635100000004	62.61177826	86.37548065	177.75028989999998	-23.80405426	30.94062996	25.49045181	60.65387344	15.857038500000002	35.36875153	10.14622784	44.02308273	70.88556671	-8.266860962
-51.68199921	-85.43997955	-27.81421089	-70.20805359	-1.2002882959999999	83.59553528	-89.73888397	-47.34601974	39.95290756	45.50965881	66.21675110000001	45.47855377	19.72611427	-97.88691711	-19.93888474	-5.7355470660000005	63.18283844	-57.09920883	41.44741058	52.29922104	-55.86075211	-119.57209009999998	-51.27066803	4.313035011	17.279094699999998	36.90771103	27.47027016	-16.41744232
-62.77952194	-26.40796852	59.41347885	228.33012390000002	13.75551128	65.06942749	34.36203766	20.27767181	82.47800446	-5.526043892000001	180.874115	72.736763	58.64479828	-91.5162735	4.337026119	22.48533249	1.4821062090000001	84.54566956	17.37538338	89.4828186	65.11769867	40.71956253	-72.25340271	-40.16142273	77.56911469	23.04423904	10.76329613	0.2143577784
-99.9305191	-89.18576813	-8.414975166	25.34695244	-23.63005829	-36.18663025	-91.98667908	-45.38568878	-28.48037148	-33.87969589	-14.76651096	6.066586018	3.265222311	-38.46660995	68.50376129	56.81585693	-137.4776459	-20.62931824	210.5451813	72.75116729999999	-72.06060028	11.40977383	-184.7580872	-34.72616196	16.41606903	0.34418872	12.32890129	-32.05220795
-241.225235	-116.6312332	8.930220604	-2.183063745	4.336599827	41.67449570000001	-108.02804569999999	-73.66175842	-47.58388901	26.42682648	144.76272580000003	81.7151413	51.42747116	8.006248474	173.5019684	206.5248718	43.55957413	-82.65962219	30.99539566	32.62013245	-80.3118515	-99.62007141	-111.8390656	-132.5679321	-6.511998177000001	39.07898712	168.84703059999998	-11.14899921
-16.896282199999998	-10.21277618	-63.47366333	-117.5506821	-50.689525599999996	25.06713867	-132.29251100000002	-113.6606369	27.09453392	30.44824791	-12.23937798	-39.12023544	6.290338039	5.658599853999999	-24.38146782	-143.4657898	1.3215036390000001	50.99758911	123.1929398	-41.53297043	23.56093979	-115.2956848	6.279300213	115.4257507	44.64670563	4.353789806	19.64308167	-0.4002636075
-109.612793	-4.572122574	69.77594757	-35.2115593	10.26032448	4.166079998	52.55657196	-8.461909294	-33.77480698	117.6542587	110.9707794	4.625098228	37.40388107	-44.52374268	77.90018463	63.75963211	133.879303	136.7716064	43.44350433	-304.7308655	12.53524113	-70.12686157	19.502958300000003	23.91736603	90.88100433	15.23038387	179.31221010000002	38.05580521
24.8724823	-21.96423912	66.53209686	-72.47849274	-57.128269200000005	89.3598175	-65.74212646	-121.09734340000001	-12.50261402	17.75961113	-21.82556915	-34.00681305	22.81120682	11.72121811	-40.29597092	-64.11003113	113.10565190000001	114.043663	120.73626709999999	25.12066078	-12.44509411	19.86608696	9.859928131	14.35357571	-20.95936012	-32.279224400000004	110.4927902	21.70154381
-37.22429657	-64.47199249	-155.5396271	-60.88589859	-36.54907227	167.3761597	-115.91639709999998	-138.3736267	-28.87979317	-95.12679291	153.01136780000002	62.83738708	2.16002965	-84.83876801	-58.57410049	49.95544815	-147.7853241	-141.51422119999998	102.5690689	16.29097557	-54.0790062	10.12000656	-217.10992430000002	-105.54570009999999	-92.52952576	-31.19524574	-14.88754559	-70.28379822
-98.64352417	-60.59336853	44.98418045	146.8167267	-117.3989716	-81.83436584	-93.31139374	-29.927974699999996	-104.5439758	57.62308884	11.69066906	-13.00344753	20.74267006	-47.96182632	-12.39624691	-76.78288269	-29.59967422	-13.410624499999999	58.71182251	-22.61127853	-10.20352173	-36.94118881	41.55286789	99.12540436	49.10771942	85.45162964	149.0210571	21.00310516
-110.4549408	77.17430115	-114.88232420000001	-3.650698185	-86.82813263	72.69124603	-108.4692001	-96.65904999	-44.75948715	-114.5379639	69.83117676	59.70886612	-31.63995171	-109.06216429999999	5.684294223999999	-42.44145584	-82.16209412	29.33577156	156.993988	-89.26654053	86.29799652	-133.495697	-40.63682556	-17.73848534	-24.2405014	-78.71433258	85.62095642	4.411500454
-29.81490135	-0.3262716532	-34.11874771	151.4050751	-74.27726746	81.2602005	69.82944489	153.10548400000002	27.14892769	7.256634235	-92.39102173	-25.69040871	-28.274164199999998	-105.9725342	16.9515152	-114.1340561	-146.4618835	8.984580994	391.2060242	127.4204483	-1.777740359	211.25367740000002	-181.1035004	-229.0569	13.22487259	-54.03378296	-32.23738098	-90.75647736
-149.3109283	-249.4450378	-92.00150299	-198.05058290000002	-13.82260704	-85.08303070000001	-190.83230590000002	-280.768158	-113.2448959	-63.74586487	14.01336956	7.934308529	20.37314987	-47.74482727	106.43693540000001	-2.072994471	207.31282040000002	130.02862549999998	-23.294849399999997	2.51732111	-70.73166656	-18.09721947	220.17837519999998	79.20336914	19.93266869	-21.87267303	285.6403503	57.45191956
-36.58219528	-16.18631554	11.60599327	-144.1652679	-103.5142593	50.67261505	-147.8818207	-210.83537290000004	-37.21398544	21.91262245	15.96149349	-53.95117569	108.01277920000001	-18.55245018	93.02349091	132.86834720000002	56.00746918	-139.5666351	-34.2898941	-3.717038393	46.10291289999999	-70.89830017	115.7013702	13.51525021	25.05789185	-12.05147266	131.8616028	28.63160896
-193.2448425	87.943573	-20.65673637	258.6917725	-129.473175	33.18584442	-34.05249786	3.86383009	17.62744331	-29.04205894	66.2257309	-5.583869934	12.83669853	-86.15645599	37.79249954	-48.63500977	-113.3845291	-35.60095596	-43.67638016	299.3872375	79.77831268	-52.54279709	-74.72873688	58.96969986	22.94148445	14.39251137	108.9250412	-33.42383957
-63.18457413	-17.69731331	-107.0270233	-159.73214719999999	-55.23521423	17.39691353	-196.0920105	-101.0069427	-117.3793182	-102.7588196	-60.09647751	-20.15785408	15.59449768	-19.94547272	-49.07653809	-137.1306	61.41957474	41.00305939	-95.93218231	0.3375180066	92.03578186	52.28269958	29.70582581	100.3818359	-7.298851967	-31.342063899999996	180.062973	49.679039
-269.6974487	-29.0008297	-4.655617714	-127.84228519999999	27.08208656	42.08802032	-83.18049622	-103.3473511	-33.99608231	-63.57704544	88.8932724	44.70778275	20.52663231	-37.60238647	110.80429840000002	49.46110916	-14.30069351	-11.67834091	4.7058796880000004	48.91992188	-36.97229004	67.79999542	13.85060406	4.197635651000001	6.064671992999999	23.03240585	189.0213776	8.416604042000001
-258.41860959999997	-130.2954865	4.272948742	-154.37640380000002	-144.5856628	29.26068497	-137.02793880000002	-187.9132538	-52.8900032	-48.46728516	32.98284149	-41.40576172	-13.14954472	-67.13861084	-2.55627656	-58.10218048	59.79047012	-23.820158	-44.02928925	85.16781616	-24.23532295	-38.26129913	-99.50088501	14.64096165	-13.90240669	-10.56853867	61.78956223	69.1918335
-200.66328430000002	-106.2275696	-208.48365780000003	-95.81178284	-22.3355217	67.92375946	-118.08673859999999	-127.76702879999999	-74.38362885	-72.34806061	78.24336243	4.917901516000001	-21.808815	-126.8496475	-0.7943281531	98.03399658	-81.0271225	-177.4965363	-122.63399509999999	81.44538879	-9.909290314	37.26515961	-113.733078	-76.52709961	-4.673041344	-18.65922928	67.90391541	59.74555969
13.345112799999999	-152.5515747	-170.2025146	-160.861969	-51.82781219	117.64566040000001	-214.404129	-62.28278732	-42.91664886	-58.80260086	-1.27302444	13.03032684	-43.46819305	-51.24207687	5.5594339370000005	10.0360899	108.71684270000002	112.37792209999999	16.80384064	1.331825256	110.03047179999999	-115.06755829999999	14.2746954	73.63799286	46.00123978	43.32420349	116.7898254	-8.544372559
-126.7403717	-31.120431899999996	8.448900222999999	-116.1325226	-43.87944412	27.65624237	-127.19372560000001	-80.92856598	-50.07027817	-42.81317139	-48.17735291	-40.73035812	-21.28657722	-97.36853027	-67.99721527	-28.13432693	87.08435822	122.5889587	-143.73448180000003	78.71095276	27.73681068	-114.76987460000001	46.92338943	193.20437619999998	33.62865067	0.24200724070000001	51.76027679	63.34590912
-5.001258373	-88.19371033	-72.97016144	15.16142845	83.03672028	163.9932251	-202.0628815	-214.2780151	-27.06340027	-29.13121414	73.09873962	10.54401207	23.21938705	-62.22678757	71.26004028	46.47071457	-8.99731636	-62.00671768	-267.7641602	32.32103729	24.71868324	-102.62335209999999	106.93012240000002	46.90773392	-24.6209259	4.404682636	30.2397213	13.76063538
-53.15665436	-38.68392563	-71.33576202	-27.41025925	-4.175829887	-4.236433029	-33.01024628	-117.9390564	19.65676498	38.82404327	52.80620575	-18.83764458	4.651837826	-115.5912628	-43.9079361	-30.17941856	8.677154541	-47.68032074	-22.04127884	-3.885647297	51.23611832	-132.6445312	-88.00760651	-19.93032265	-38.50072861	-13.80288601	-12.07128239	-32.52961349
34.87412643	49.3539772	81.07570648	144.3942719	-27.81166267	-36.98867035	9.447948456	-78.57670593	17.91361427	-11.37337399	9.940032959	-21.08452225	11.62506485	-150.04356380000002	-11.40903091	24.75192833	24.0877552	113.90997309999999	23.21791267	3.194978476	137.8998566	-40.03272247	-34.59893417	-18.59042549	-45.53921127	-9.608644485	64.87719727	38.7049675
-46.08422852	12.50714207	-110.4172821	-221.243576	-10.31016541	50.24097824	-95.9551239	-125.2360001	-65.16190338	-65.28156281	1.7428977490000002	0.0026958433449999998	30.44861794	-74.30529785	28.54918861	23.95089912	81.29613495	36.9510498	-185.4855347	-207.5009613	-33.7204628	-268.1942749	23.08330154	-1.6124796869999998	-53.16056442	-50.95072937	35.08481979	-16.77030373
-195.3951874	-196.60914609999998	-14.22158337	52.12844849	-124.6699295	-89.97349548	-3.951698303	-144.6770325	71.09155273	39.62211227	-58.00374222	-30.63562012	5.210532665	-70.71138763	-106.2311172	-124.8287582	45.29044342	-24.00994682	76.4413147	-49.05632782	-45.40940094	-185.74507140000003	-17.33828163	55.34523773	17.75710106	-4.6147408489999995	-26.80305099	-21.93383598
-134.8247375	-15.13713741	100.49859620000001	54.32342529	63.32082367	92.61237335	-32.20368195	21.19882011	19.27918243	16.34642029	10.68688869	7.656235218	-2.330910206	-98.16824341	49.67390442	68.93006134	-111.09277340000001	62.14533234	99.09807587	-117.1456375	140.75431819999997	-104.7006302	-112.5373993	-24.94420433	-32.93072128	-67.69896698	-56.08516693	-30.03780174
-5.819470406000001	53.01773834	-1.330250025	322.2542725	100.2070541	65.88243103	25.30861664	-144.58143619999998	-18.24915123	-2.822444677	-51.83556366	-34.15662384	-41.66169357	-305.1723938	43.17712402	51.23006058	-109.1981812	-139.12896730000003	277.16336060000003	-6.896199703	-9.955715179	82.79529572	-191.32191469999998	151.5691528	-120.735405	-31.59925461	89.24816895	-40.87552261
260.0004883	95.06208038	89.489151	366.3804016	-15.99345684	95.29232025	213.75613399999997	143.92543030000002	99.99825287	-40.10211945	121.7050247	67.66529846	-67.29389954	-67.95040131	-17.02604866	13.59184837	-100.0771255	-45.02581024	508.40896610000004	339.2279358	338.441925	415.67990110000005	-149.3501892	-468.86499019999997	31.23607826	57.96857071	-88.20149994	-71.96599579
-180.59667969999998	-180.6675873	-87.3158493	-151.67660519999998	-26.95315552	85.69487762	-276.5862732	-264.2871704	-96.28328705	-69.48466492	67.04343414	15.88413334	-3.924002409	-64.62024689	86.82067108	142.91584780000002	-2.304792881	-7.502639771	-499.3900757	-200.2883148	-96.00352478	-374.6010437	139.26289369999998	-41.11668396	-0.9933873415000001	-20.42333412	119.76127620000001	63.88106918
-157.531662	-60.56119537	-90.07441711	-101.86869809999999	-71.88977051	57.01538086	-176.8357239	-259.572937	-83.57674408	-41.55426407	1.758705974	-66.85180664	18.51080322	-77.60155487	-54.45674896	-21.10456085	133.6801453	33.45558929	-344.67242430000005	26.04936028	31.96320915	-216.2348938	13.26990795	-33.76389694	-69.31264496	-82.94825745	125.66095729999999	56.02917099
231.1335754	-1.984381437	-154.5978851	-47.83205032	51.77486038	119.31148529999999	-44.99195099	-365.3624573	-79.2260437	-30.68226624	-25.31807137	43.72722244	-19.35996628	-301.1661377	-48.63556671	-51.8337059	-290.3373108	-210.4252625	-239.22073360000002	-129.6281433	-359.5335693	-59.7559166	-270.7659607	-114.7856903	-104.2584229	-74.99569702	-151.1421967	-15.2739172
-261.8248901	-43.44054031	-122.03916170000001	-136.39056399999998	53.34906006	85.6499176	-155.99331669999998	-52.67160416	-88.81039429	-39.714077	-16.48499107	-59.32942963	-23.11572266	47.99126053	75.66873169	-27.79200745	-4.716360569	-120.06282809999999	-267.1822815	123.35131840000001	156.5540009	-53.04721069	42.40076828	84.56404114	-53.07517242	-14.49604893	187.3131561	4.661962508999999
30.93061638	-19.77939034	13.56506157	-19.81004143	-33.9382515	23.78236008	-138.41714480000002	-189.13769530000002	-29.46170425	28.63503838	153.53048710000002	38.81184006	0.8954204917	12.94846249	-64.36780548	31.63093758	16.85933304	134.9832916	-136.4802856	-86.35251617	-92.08457184	-59.50052261	-15.59253502	-64.70225525	-19.076463699999998	33.04436493	-47.27981567	-2.8989050389999997
-4.639605522	71.74307251	16.51522827	69.77214813	-11.34763145	-12.59959793	12.3876791	-34.81521606	-58.23672867	-10.30272961	-15.89920807	22.41545105	-40.48394394	-125.71343229999998	131.4311981	70.07759094	3.578620195	-0.26640746	-184.0855255	147.93386840000002	15.28051186	39.57239151	-33.52286911	-172.5090332	-39.38566208	-25.11083031	136.7861481	34.091362
41.82404327	43.46165466	27.81306076	170.02449040000002	-25.89862251	7.98164463	30.4416256	-0.5966417789	-18.59032631	-14.54051495	53.54898834	32.28427124	-16.37084007	-120.29031370000001	-61.67832947	-23.30825043	-37.50829697	51.90558624	210.3490753	28.80355453	-135.8766785	104.06951140000001	-239.63810730000003	-10.90101337	-36.114151	57.30186462	5.096388817	-52.24961472
-218.2894745	-40.76431656	-67.86965179	102.1126556	35.68504333	50.49526596	-17.91376495	-51.32571793	-75.73284149	-90.45381927	43.44712448	-9.999700546	-62.02967072	-76.55756378	-23.102808	18.47966003	-129.51762390000002	-77.86533356	-103.9871902	226.2722168	133.2220764	106.948555	-81.99729156	-56.87982559	-106.4794312	-83.55057526	-33.11803436	-36.1724472
-73.81777191	4.404748917	31.11370659	149.0280609	-126.1934433	3.204119444	-39.86420059	-23.53836632	0.07802898437000001	12.63168049	65.92544556	31.20120049	-18.26269722	-90.36011505	-65.37220764	-81.45464325	32.46522903	33.5480423	143.3258057	-31.53141594	11.609815600000001	-35.83723831	28.332147600000003	18.49782372	20.550146100000003	-3.847050667	-7.064455509	-8.900212287999999
-154.44175719999998	-177.08035280000001	-57.884265899999995	-91.06198883	81.83007049999999	32.69464493	15.67594433	-188.0542755	21.62434006	18.32707977	-41.52680588	-12.96872711	21.59199333	-78.04649353	3.812720299	-5.716185092999999	62.39488983	-22.60174179	-196.0688934	-16.02369499	-17.79265022	-162.72036740000001	155.9809418	-39.56632996	-34.45654297	-55.73346329	26.39163589	83.07138062
-292.6803284	-237.7572784	-26.41972351	-125.23471070000001	8.187304497000001	-31.23526192	-162.24731450000002	-124.33857730000001	-0.9380461574	99.44652557	77.65510559	39.41853333	134.8035736	-8.484055519	137.1639252	135.6336975	56.76575851	47.00657272	-167.9940796	-198.3040009	-160.58990480000003	-426.6782227	205.9871368	219.80139159999996	60.93908691	15.58300686	103.4121094	88.61242676
204.2923279	-75.84985352	-47.44887161	102.396637	-12.72990227	3.08548665	-89.57362366	24.46748543	73.66031647	0.24350212510000002	188.7586975	60.27045441	-12.29395962	-16.60470009	-9.673985481	41.06055069	-139.2896881	-86.98342896	216.1607208	48.986892700000006	39.28138733	-126.73753359999999	20.03991318	-63.80810928	60.69655991	-11.53057575	-58.19268417	-62.9241333
-184.58468630000002	-174.8803864	-42.60693741	-124.0035324	5.680599213	2.234791279	-49.85576629999999	-28.07187843	15.58027554	120.6226044	18.54564476	-10.11221981	60.84784698	31.24350357	21.77532768	65.30985260000001	39.13205719	6.349054337	-263.5763855	-176.75131230000002	-26.373313899999996	-219.9554443	17.32471085	105.975647	29.68730545	27.21101379	-16.13169861	48.12856293
-207.05513	-99.08278656	65.93981171	72.27381134	42.88436508	169.69216919999997	-46.70804596	-60.51961136	92.28092957	150.81770319999998	118.6575165	32.20691299	-19.89071274	-37.45101166	-101.4439621	-3.257535696	-71.99407196	64.253479	-34.78407288	-208.1219635	62.19059753	-75.46628571	-57.91120911	169.2727356	-21.57736969	-4.0396771430000005	-19.5765419	11.18298912
-49.0415535	-16.62467957	-38.37650299	-75.38539886	17.19892311	142.1180725	-52.82356262	-136.61218259999998	-94.17481995	-57.87854767	45.48806763	10.8267374	50.258255	-110.9231415	-77.05172729	31.01703262	187.5601196	85.95592499	-93.17990112	-14.93490124	-82.46412659	18.87841225	145.00340269999998	37.80043411	-85.50197601	-13.13894081	5.69120121	17.56908035
-171.7045593	-81.55187225	-80.91191864	-20.59602928	-15.84012794	-84.91171265	-58.85593033	-61.98584366	-16.36274338	-65.13844299	-119.22273249999999	-54.938720700000005	-23.76496124	-166.2466431	-68.28961945	-129.2277527	-53.50222015	-34.13216782	157.0141449	-47.56251526	-278.5184021	-8.335158348	-17.54687881	37.5068779	-51.74597931	-68.02809143	25.98039818	52.18588257
-276.74118039999996	19.97332001	-20.51840019	-19.19550705	-31.248104100000003	35.81486893	-136.0684967	-133.6154022	9.859962462999999	64.27503967	19.34305	22.80721664	10.7741394	-18.91062927	-62.85102844	-11.896879199999999	-73.92185974	-58.77037048	-216.0033569	-47.3193779	83.57466888	-326.5715942	38.35474396	126.1115112	15.35646152	35.98258972	-41.00793076	84.59302521
-201.743576	-185.7619019	8.13307476	58.1853447	-139.2577667	-103.78692629999999	-220.51174930000002	-94.64031982	-62.12916565	-84.86467743	-85.38891602	-14.72726345	12.11907864	-138.4546356	-122.43304440000001	-124.10186770000001	-109.01713559999999	21.17702103	38.25901794	116.9692535	-223.04171749999998	-235.11087039999998	-182.342804	-23.35989189	-120.0368652	38.24523163	-49.81760788	3.8265392780000003
-78.60295105	-122.31335449999999	-19.33105469	23.37098122	-0.34941750759999995	131.7937622	-80.21564484	-129.4930115	-1.74057579	14.78918552	14.86348343	-53.84235382	-14.37396526	-82.05713654	-2.953104019	-51.63343048	-5.565742016000001	3.4970009330000003	-97.08784485	-119.3191986	-37.04949188	-101.54898829999999	-82.36686707	4.032954693	-3.200480461	-40.46521378	-7.595864296	33.6398201
-257.365509	-196.499588	68.73937988	73.27416229	-15.9278326	-57.9236412	-80.94052124	-106.28418729999999	-23.05420494	38.67713165	-52.52569962	-40.97750473	14.21612644	-0.9189404248999999	7.53322649	-78.03585815	13.26380634	-30.08962631	-117.472641	-2.457159758	-123.8318253	-270.96185299999996	19.2321682	-18.34965515	17.93976974	-9.379968643	74.32823944	44.09065247
-146.8589478	-116.41357420000001	6.406465054	49.99552155	-33.10518646	46.53091049	-2.442297697	-52.72746277	55.30930328	25.23890686	111.2449875	83.3421936	0.5779905318999999	-112.04036709999998	-81.27304840000001	-30.14742851	-108.22195430000001	-80.86989594	-120.4237061	10.87713528	-3.1784772869999998	-155.562912	-29.37401199	-71.76008606	-31.96521378	47.52322388	32.49072266	5.492801666
-52.46846008	-45.54505157	-24.09833527	-46.48658752	-5.469519138	-48.7169838	-31.54258347	-42.34098434	-9.202835083	-13.07025623	0.8570076823	-19.26848793	19.4442482	-77.90702057	18.226797100000002	84.8524704	-20.35523987	44.74775696	-183.0831146	125.7370682	16.8072052	10.17658806	-70.48706818	-36.66552353	-1.808640003	0.5026603936999999	44.84920883	17.81092072
-110.700325	-98.88219452	-36.28787613	-69.03794861	65.67082977	46.54066467	-61.11021042	-172.8288574	0.8000787497	-39.29090118	84.57565308	25.656795499999998	17.82550812	-104.09349820000001	11.8341198	-20.17349052	124.55171200000001	-27.33175659	55.95405197	22.68813324	-55.18470001	-100.4875793	237.01507569999998	37.40673065	-17.98455811	-12.50591087	82.19351196	-5.097083092
-272.4654236	-180.6371918	-126.31475829999998	-246.53160099999997	-60.30198288	117.67144009999998	-136.4756775	-227.4826508	-26.55486679	-107.4607544	-54.43988419	-7.389834404	25.93349838	-156.1374359	35.88008499	83.68262482	-51.48806381	-29.82308197	-180.946991	-25.48073006	43.81801224	-210.7015381	96.20574188	-51.12765884	-48.65056992	22.44656563	-31.96937561	17.12697792
99.42075348	62.36890793	46.80968094	51.44837952	2.0906038280000003	50.18166351	-45.64388657	-50.69046402	33.59729767	37.43927383	145.62359619999998	45.05636215	60.984607700000005	-52.59815216	-13.8003006	41.94700241	64.07222748	71.58538055	-115.82551570000001	148.2961884	31.90158844	-45.70861816	145.700119	-19.560215	-8.310879707	-80.46222687	-27.86001396	6.484747887
-99.31255341	-67.789505	68.45507049999999	154.9090729	-79.84648132	-2.708723783	-116.7260056	-52.65177155	33.8967247	13.46896935	61.20493317	39.28059387	43.86982727	-25.12929726	15.96493435	-31.94613457	92.41184235	129.2563934	35.54552841	166.48031619999998	66.62643433	-31.06948662	-19.24179268	87.46401215	-14.49815464	-17.65529251	100.3631134	11.96048927
69.01248932	40.68977356	112.9307938	288.9197388	59.85030746	34.10189056	-20.82876778	33.29420089999999	69.70384979	84.28870392	138.0415802	89.31163788	63.47922897	57.45119858	11.93335056	-9.775501251	-9.074825287000001	95.1129303	16.49992371	225.8387756	117.48744199999999	102.2539673	56.77355576	36.12527847	55.25159454	15.27645493	16.54035378	75.87332153
-0.23341828579999999	-72.13559723	85.79228973	160.1630707	-5.515673637000001	22.2765789	0.6086708903	14.15565777	63.10519791	40.90888977	17.68127823	5.941791058	46.6202774	-25.18822479	59.25970078	34.76816177	62.29484558	99.6446991	117.09331509999998	102.26655579999999	69.22945404	80.43495178	34.16223145	8.725120544	13.16456604	69.13462829999999	78.34961700000001	-26.76784515
-173.0482483	-58.80907059	-128.9886475	-66.70320892	-52.39517212	40.96628189	-131.2982635	-207.0808716	-58.88131332	-40.06806564	153.4073486	25.13100815	44.19956207	5.084202766000001	-17.01394844	37.19264603	-24.15705872	10.33679008	-65.55464172	99.96464539	-97.2698288	-363.3191833	75.73336029	-44.75511551	56.97333145	-28.45605087	41.31367874	-19.83006668
-94.159729	-3.6798543930000003	-28.19809723	106.9274368	4.276391506	19.32530594	30.71502495	74.65854645	51.81483841	18.2476387	31.43650818	49.90529251	20.283403399999997	-121.68910220000001	6.3128380779999995	-26.29066467	-12.76827049	32.54914093	23.03752518	-23.12235832	-102.7175064	104.0767441	-162.84494019999997	-72.67453766	11.26296234	15.71450043	-23.04685211	-103.3431396
-156.6747284	-80.72250366	133.94894409999998	229.88081359999998	31.72723007	10.52397537	-24.95565224	30.93836021	86.06106567	-18.87415314	128.3192139	64.13317108	46.06098175	-71.60810852	10.67179775	56.15319061	89.04319	115.10141750000001	109.7439728	233.9653168	174.131012	178.02314760000002	-67.24547577	-50.09628677	45.93691254	45.87838745	46.09852219	-26.98848534
2.508808374	15.62218475	-72.52109528	35.90487671	68.28925323	194.9264679	-3.274872541	-61.39047623	13.15958214	46.33953857	85.22952271	60.80626678	38.29498291	-63.34599304	20.81064034	46.16229248	-110.3653946	-61.70601273	-10.02138138	81.04258728	-22.47474861	74.65159607	-77.46050262	2.226799488	90.92381287	23.556427	78.80260468	4.419789791
97.19966888	100.35260009999999	80.86432648	-11.47454453	21.27894783	52.29780579	-12.52607155	-58.69105911	110.13587949999999	72.75078583	128.0627747	66.4572525	45.2840271	-0.04693314433	-17.80982399	35.85055542	182.2120056	91.83235168	68.77836609	20.20501328	-8.079571724	1.922068834	15.80859089	43.63314438	43.17362213	14.38614273	72.98333740000001	5.281188965
69.66914368	-66.9178009	77.96502686	204.030365	-24.96763992	2.262079	3.087447643	-40.51927948	94.96947479	92.06340027	136.40090940000002	84.06707764	108.47651670000002	72.31565857	75.29143524	42.45265579	121.84896090000002	82.03321838	223.8254089	101.97876740000001	62.34899521	65.35466766	27.02147484	28.89616394	49.59957123	17.50757217	59.63666916	-59.78413773
-5.198183537	140.42167659999998	3.0468015669999997	104.1198502	-18.701152800000003	-133.51051329999999	-72.7491684	-72.02194214	30.69900513	67.71954346	58.77111053	24.88124847	40.97500229	-119.81261440000002	-2.952318192	-30.67861176	-68.65878296	15.56109333	-38.22360992	54.06925964	67.29019165	-1.394526601	-18.63017654	20.64881325	-1.7669857740000001	9.643665314	37.07271957	39.23139191
153.7172699	25.61927986	143.5029907	52.24368668	-16.14442062	112.3495178	28.00081444	3.801484346	66.17720795	16.44520378	202.33058169999998	79.31072235	42.94218063	3.478582859	27.948635100000004	62.61177826	86.37548065	177.75028989999998	-23.80405426	30.94062996	25.49045181	60.65387344	15.857038500000002	35.36875153	10.14622784	44.02308273	70.88556671	-8.266860962
-183.03048710000002	-73.69172668	70.62122345	160.318924	-13.85011864	42.41042709	-35.52681351	-118.4617538	43.17561722	-59.44334793	85.8246994	70.82273102	67.85936737	-0.9603095054999999	-13.31826496	-26.372612	152.65124509999998	129.4160004	-82.307724	185.3245087	83.37509918	47.03065872	85.81989288	71.96685791	-58.80931854	32.2131691	37.83456421	-29.71219254
-62.77952194	-26.40796852	59.41347885	228.33012390000002	13.75551128	65.06942749	34.36203766	20.27767181	82.47800446	-5.526043892000001	180.874115	72.736763	58.64479828	-91.5162735	4.337026119	22.48533249	1.4821062090000001	84.54566956	17.37538338	89.4828186	65.11769867	40.71956253	-72.25340271	-40.16142273	77.56911469	23.04423904	10.76329613	0.2143577784
-14.00878906	-204.1167145	-32.57431793	94.09547424	100.3376007	10.33390999	-2.282581329	-11.13354301	10.38095856	77.60490417	116.4807205	69.97941589	56.90362929999999	-44.94058228	37.55439758	67.10686493	18.46146393	66.02498627	116.3259888	32.02792358	230.26707459999997	78.60099792	85.63861847	18.53502846	-31.30628204	-31.11483192	69.67163849	0.3774873614
-99.9305191	-89.18576813	-8.414975166	25.34695244	-23.63005829	-36.18663025	-91.98667908	-45.38568878	-28.48037148	-33.87969589	-14.76651096	6.066586018	3.265222311	-38.46660995	68.50376129	56.81585693	-137.4776459	-20.62931824	210.5451813	72.75116729999999	-72.06060028	11.40977383	-184.7580872	-34.72616196	16.41606903	0.34418872	12.32890129	-32.05220795
-241.225235	-116.6312332	8.930220604	-2.183063745	4.336599827	41.67449570000001	-108.02804569999999	-73.66175842	-47.58388901	26.42682648	144.76272580000003	81.7151413	51.42747116	8.006248474	173.5019684	206.5248718	43.55957413	-82.65962219	30.99539566	32.62013245	-80.3118515	-99.62007141	-111.8390656	-132.5679321	-6.511998177000001	39.07898712	168.84703059999998	-11.14899921
-109.612793	-4.572122574	69.77594757	-35.2115593	10.26032448	4.166079998	52.55657196	-8.461909294	-33.77480698	117.6542587	110.9707794	4.625098228	37.40388107	-44.52374268	77.90018463	63.75963211	133.879303	136.7716064	43.44350433	-304.7308655	12.53524113	-70.12686157	19.502958300000003	23.91736603	90.88100433	15.23038387	179.31221010000002	38.05580521
24.8724823	-21.96423912	66.53209686	-72.47849274	-57.128269200000005	89.3598175	-65.74212646	-121.09734340000001	-12.50261402	17.75961113	-21.82556915	-34.00681305	22.81120682	11.72121811	-40.29597092	-64.11003113	113.10565190000001	114.043663	120.73626709999999	25.12066078	-12.44509411	19.86608696	9.859928131	14.35357571	-20.95936012	-32.279224400000004	110.4927902	21.70154381
-273.4692688	-44.19539261	10.15741444	35.84547424	-73.48684692	-18.24130821	-131.30050659999998	-94.86742401	11.84156418	-32.05616379	6.8209609989999995	-11.07162094	11.28148746	-74.93182373	10.99585629	-33.30607986	-29.38142014	29.78789902	-148.61450200000002	179.8335724	45.83600998	-73.50605774	-3.5544850830000003	50.43380737	30.08024979	34.69574738	150.88026430000002	87.46865845
-98.64352417	-60.59336853	44.98418045	146.8167267	-117.3989716	-81.83436584	-93.31139374	-29.927974699999996	-104.5439758	57.62308884	11.69066906	-13.00344753	20.74267006	-47.96182632	-12.39624691	-76.78288269	-29.59967422	-13.410624499999999	58.71182251	-22.61127853	-10.20352173	-36.94118881	41.55286789	99.12540436	49.10771942	85.45162964	149.0210571	21.00310516
-227.70455930000003	-80.70791626	18.89403725	21.73676682	-86.13858795	26.74732399	-159.3401031	-170.90301509999998	-28.91426468	-26.71789551	73.10462952	24.04152107	28.24206352	8.237213135	-13.74122906	-34.74952316	96.48551941	97.85532379	-82.02313995	49.11511993	37.88945389	-138.3488159	38.36392593	111.2835312	32.05691528	17.77472687	49.07368851	73.65222931
-149.3109283	-249.4450378	-92.00150299	-198.05058290000002	-13.82260704	-85.08303070000001	-190.83230590000002	-280.768158	-113.2448959	-63.74586487	14.01336956	7.934308529	20.37314987	-47.74482727	106.43693540000001	-2.072994471	207.31282040000002	130.02862549999998	-23.294849399999997	2.51732111	-70.73166656	-18.09721947	220.17837519999998	79.20336914	19.93266869	-21.87267303	285.6403503	57.45191956
-36.58219528	-16.18631554	11.60599327	-144.1652679	-103.5142593	50.67261505	-147.8818207	-210.83537290000004	-37.21398544	21.91262245	15.96149349	-53.95117569	108.01277920000001	-18.55245018	93.02349091	132.86834720000002	56.00746918	-139.5666351	-34.2898941	-3.717038393	46.10291289999999	-70.89830017	115.7013702	13.51525021	25.05789185	-12.05147266	131.8616028	28.63160896
-193.2448425	87.943573	-20.65673637	258.6917725	-129.473175	33.18584442	-34.05249786	3.86383009	17.62744331	-29.04205894	66.2257309	-5.583869934	12.83669853	-86.15645599	37.79249954	-48.63500977	-113.3845291	-35.60095596	-43.67638016	299.3872375	79.77831268	-52.54279709	-74.72873688	58.96969986	22.94148445	14.39251137	108.9250412	-33.42383957
-278.99575810000005	-147.286499	83.38948059	28.96380997	-46.85328674	97.97763062	-194.58862299999998	-132.878067	15.95653248	-18.23232079	106.19563290000002	56.72149277	1.30034852	0.6495152115999999	43.646411900000004	-64.27137756	9.303872108	149.3739929	-98.09156799	465.1443176	153.7141571	6.2750706670000005	37.90127563	125.1114273	13.80639553	32.28410721	89.78677368	15.23883057
-258.41860959999997	-130.2954865	4.272948742	-154.37640380000002	-144.5856628	29.26068497	-137.02793880000002	-187.9132538	-52.8900032	-48.46728516	32.98284149	-41.40576172	-13.14954472	-67.13861084	-2.55627656	-58.10218048	59.79047012	-23.820158	-44.02928925	85.16781616	-24.23532295	-38.26129913	-99.50088501	14.64096165	-13.90240669	-10.56853867	61.78956223	69.1918335
-129.3061371	-225.44702149999998	-83.32723999	-27.71835327	-76.30142975	-28.868537899999996	-202.15425109999998	-150.9789429	-31.73651695	-45.09427643	-13.17830086	-5.090723991	0.1790934652	-69.46841431	-77.33963013	-39.7892189	-1.3824743030000002	-20.80097389	48.31873703	39.49302673	-80.03238678	-148.3878479	-99.78005219	51.58419037	-15.01955795	-78.21265411	26.14245224	-39.9457016
13.345112799999999	-152.5515747	-170.2025146	-160.861969	-51.82781219	117.64566040000001	-214.404129	-62.28278732	-42.91664886	-58.80260086	-1.27302444	13.03032684	-43.46819305	-51.24207687	5.5594339370000005	10.0360899	108.71684270000002	112.37792209999999	16.80384064	1.331825256	110.03047179999999	-115.06755829999999	14.2746954	73.63799286	46.00123978	43.32420349	116.7898254	-8.544372559
-250.2382355	-142.17579650000002	-53.88621139999999	-86.77011108	-73.04424286	17.77374077	-144.08964540000002	-210.31259159999996	-52.31326294	-24.36610031	-150.38162230000003	-72.40106201	39.29782486	-26.67361641	-97.64211273	-86.40833282	11.62512875	115.1947784	-159.6012268	135.1716614	93.30143738	-125.2943497	51.81061935	173.07373049999998	-34.62852859	-40.43272018	164.75883480000002	90.91335297
-126.7403717	-31.120431899999996	8.448900222999999	-116.1325226	-43.87944412	27.65624237	-127.19372560000001	-80.92856598	-50.07027817	-42.81317139	-48.17735291	-40.73035812	-21.28657722	-97.36853027	-67.99721527	-28.13432693	87.08435822	122.5889587	-143.73448180000003	78.71095276	27.73681068	-114.76987460000001	46.92338943	193.20437619999998	33.62865067	0.24200724070000001	51.76027679	63.34590912
-5.001258373	-88.19371033	-72.97016144	15.16142845	83.03672028	163.9932251	-202.0628815	-214.2780151	-27.06340027	-29.13121414	73.09873962	10.54401207	23.21938705	-62.22678757	71.26004028	46.47071457	-8.99731636	-62.00671768	-267.7641602	32.32103729	24.71868324	-102.62335209999999	106.93012240000002	46.90773392	-24.6209259	4.404682636	30.2397213	13.76063538
34.87412643	49.3539772	81.07570648	144.3942719	-27.81166267	-36.98867035	9.447948456	-78.57670593	17.91361427	-11.37337399	9.940032959	-21.08452225	11.62506485	-150.04356380000002	-11.40903091	24.75192833	24.0877552	113.90997309999999	23.21791267	3.194978476	137.8998566	-40.03272247	-34.59893417	-18.59042549	-45.53921127	-9.608644485	64.87719727	38.7049675
-46.08422852	12.50714207	-110.4172821	-221.243576	-10.31016541	50.24097824	-95.9551239	-125.2360001	-65.16190338	-65.28156281	1.7428977490000002	0.0026958433449999998	30.44861794	-74.30529785	28.54918861	23.95089912	81.29613495	36.9510498	-185.4855347	-207.5009613	-33.7204628	-268.1942749	23.08330154	-1.6124796869999998	-53.16056442	-50.95072937	35.08481979	-16.77030373
-122.423378	48.64671707	-108.8919449	-23.29451752	180.31573490000002	-4.2240448	-122.0836716	-71.23668671	-41.68074417	-24.76571465	-45.37466431	-63.34381485	-17.41610146	-99.21979523	31.35469627	80.13040924	17.49657249	-97.58285522	-153.3832245	30.08131599	51.18298721	-172.2944336	42.34854889	-100.1617432	-75.57535553	-55.32088852	95.05158234	95.64142609
-134.8247375	-15.13713741	100.49859620000001	54.32342529	63.32082367	92.61237335	-32.20368195	21.19882011	19.27918243	16.34642029	10.68688869	7.656235218	-2.330910206	-98.16824341	49.67390442	68.93006134	-111.09277340000001	62.14533234	99.09807587	-117.1456375	140.75431819999997	-104.7006302	-112.5373993	-24.94420433	-32.93072128	-67.69896698	-56.08516693	-30.03780174
40.50303268	84.90813446	-25.72266006	181.81147769999998	7.31242609	-14.36279011	59.75868225	26.63735008	-9.541249275	66.43419647	-50.9008255	-21.40160751	-40.84603119	-188.2016602	-58.61568832	-78.10804749	-51.52651978	102.75027469999999	182.7038116	54.2706871	-85.59531403	233.3419037	-219.1484985	56.01667023	-18.41934586	34.54469681	-136.1131439	-110.89663700000001
-180.59667969999998	-180.6675873	-87.3158493	-151.67660519999998	-26.95315552	85.69487762	-276.5862732	-264.2871704	-96.28328705	-69.48466492	67.04343414	15.88413334	-3.924002409	-64.62024689	86.82067108	142.91584780000002	-2.304792881	-7.502639771	-499.3900757	-200.2883148	-96.00352478	-374.6010437	139.26289369999998	-41.11668396	-0.9933873415000001	-20.42333412	119.76127620000001	63.88106918
-157.531662	-60.56119537	-90.07441711	-101.86869809999999	-71.88977051	57.01538086	-176.8357239	-259.572937	-83.57674408	-41.55426407	1.758705974	-66.85180664	18.51080322	-77.60155487	-54.45674896	-21.10456085	133.6801453	33.45558929	-344.67242430000005	26.04936028	31.96320915	-216.2348938	13.26990795	-33.76389694	-69.31264496	-82.94825745	125.66095729999999	56.02917099
231.1335754	-1.984381437	-154.5978851	-47.83205032	51.77486038	119.31148529999999	-44.99195099	-365.3624573	-79.2260437	-30.68226624	-25.31807137	43.72722244	-19.35996628	-301.1661377	-48.63556671	-51.8337059	-290.3373108	-210.4252625	-239.22073360000002	-129.6281433	-359.5335693	-59.7559166	-270.7659607	-114.7856903	-104.2584229	-74.99569702	-151.1421967	-15.2739172
-63.51843262	-36.74928284	-107.1698761	-33.04191589	-30.90657425	132.2205505	-71.94976807	-142.24426269999998	39.01167297	-33.62401962	-93.45128632	-65.56400299	14.40006447	-153.9980927	-25.84810638	-13.98956966	78.66534424	-66.34127045	-62.30138016	-54.60584641	-20.58399773	-200.4438782	-3.217787504	10.84631538	-3.7879092689999996	-50.50153351	-38.33880234	-25.72952461
-4.639605522	71.74307251	16.51522827	69.77214813	-11.34763145	-12.59959793	12.3876791	-34.81521606	-58.23672867	-10.30272961	-15.89920807	22.41545105	-40.48394394	-125.71343229999998	131.4311981	70.07759094	3.578620195	-0.26640746	-184.0855255	147.93386840000002	15.28051186	39.57239151	-33.52286911	-172.5090332	-39.38566208	-25.11083031	136.7861481	34.091362
124.60964969999999	96.07748413	-52.59276962	-167.075943	52.5939064	-21.20121956	23.40681839	-0.7716768384	-38.80801392	12.67751217	30.52091217	7.074281216	8.906957626	-48.73597336	7.891275406	30.08040047	-67.93057251	-86.63314056	74.1448822	-14.98680305	-60.71054459	28.74735069	-120.52171329999999	-18.81264877	28.92583466	13.30779266	-79.99206543	4.66892767
-218.2894745	-40.76431656	-67.86965179	102.1126556	35.68504333	50.49526596	-17.91376495	-51.32571793	-75.73284149	-90.45381927	43.44712448	-9.999700546	-62.02967072	-76.55756378	-23.102808	18.47966003	-129.51762390000002	-77.86533356	-103.9871902	226.2722168	133.2220764	106.948555	-81.99729156	-56.87982559	-106.4794312	-83.55057526	-33.11803436	-36.1724472
-53.40104675	-3.2088160510000003	-9.418409347999999	-22.37168503	-43.20681763	-80.49401855	2.023696899	-25.12650871	-2.141721725	-66.59553528	-198.454361	-51.49654388	19.09092712	-76.17324829	-16.50336075	-50.6414032	-97.1325531	-25.33764267	-18.705591199999997	-91.28779602	-106.7901459	-59.22601318	-118.0306396	-24.97733879	-73.34127045	22.17912483	-38.710495	-7.05964756
-73.81777191	4.404748917	31.11370659	149.0280609	-126.1934433	3.204119444	-39.86420059	-23.53836632	0.07802898437000001	12.63168049	65.92544556	31.20120049	-18.26269722	-90.36011505	-65.37220764	-81.45464325	32.46522903	33.5480423	143.3258057	-31.53141594	11.609815600000001	-35.83723831	28.332147600000003	18.49782372	20.550146100000003	-3.847050667	-7.064455509	-8.900212287999999
-154.44175719999998	-177.08035280000001	-57.884265899999995	-91.06198883	81.83007049999999	32.69464493	15.67594433	-188.0542755	21.62434006	18.32707977	-41.52680588	-12.96872711	21.59199333	-78.04649353	3.812720299	-5.716185092999999	62.39488983	-22.60174179	-196.0688934	-16.02369499	-17.79265022	-162.72036740000001	155.9809418	-39.56632996	-34.45654297	-55.73346329	26.39163589	83.07138062
204.2923279	-75.84985352	-47.44887161	102.396637	-12.72990227	3.08548665	-89.57362366	24.46748543	73.66031647	0.24350212510000002	188.7586975	60.27045441	-12.29395962	-16.60470009	-9.673985481	41.06055069	-139.2896881	-86.98342896	216.1607208	48.986892700000006	39.28138733	-126.73753359999999	20.03991318	-63.80810928	60.69655991	-11.53057575	-58.19268417	-62.9241333
-184.58468630000002	-174.8803864	-42.60693741	-124.0035324	5.680599213	2.234791279	-49.85576629999999	-28.07187843	15.58027554	120.6226044	18.54564476	-10.11221981	60.84784698	31.24350357	21.77532768	65.30985260000001	39.13205719	6.349054337	-263.5763855	-176.75131230000002	-26.373313899999996	-219.9554443	17.32471085	105.975647	29.68730545	27.21101379	-16.13169861	48.12856293
-179.0002136	-238.2298126	-161.8386383	-327.1759033	37.35744095	106.20163729999999	-139.3995514	-168.18241880000002	12.33856392	32.27880096	79.134552	20.62073898	-10.92236805	-109.4629822	94.58795166	-8.919935226	-11.89494419	2.303476334	-206.31985469999998	-276.321991	-203.9745483	-386.1845703	30.39057159	-40.98302460000001	45.14017105	-0.2202151865	9.768949509	34.56827164
-49.0415535	-16.62467957	-38.37650299	-75.38539886	17.19892311	142.1180725	-52.82356262	-136.61218259999998	-94.17481995	-57.87854767	45.48806763	10.8267374	50.258255	-110.9231415	-77.05172729	31.01703262	187.5601196	85.95592499	-93.17990112	-14.93490124	-82.46412659	18.87841225	145.00340269999998	37.80043411	-85.50197601	-13.13894081	5.69120121	17.56908035
112.61427309999999	-17.79344368	10.20028114	-35.84313965	-11.78264523	163.39167790000002	-36.95904541	-132.0246429	-9.425010681	59.28328705	81.54303741	-1.7945355180000002	27.95703506	-86.28710175	50.81267166	92.55691528	-7.891047955	-62.28252029	-74.1966095	86.73615265	65.80608368	88.94642639	65.63206482	-47.9019165	43.02468872	-9.858055115	147.7986755	-13.48355103
-201.743576	-185.7619019	8.13307476	58.1853447	-139.2577667	-103.78692629999999	-220.51174930000002	-94.64031982	-62.12916565	-84.86467743	-85.38891602	-14.72726345	12.11907864	-138.4546356	-122.43304440000001	-124.10186770000001	-109.01713559999999	21.17702103	38.25901794	116.9692535	-223.04171749999998	-235.11087039999998	-182.342804	-23.35989189	-120.0368652	38.24523163	-49.81760788	3.8265392780000003
-78.60295105	-122.31335449999999	-19.33105469	23.37098122	-0.34941750759999995	131.7937622	-80.21564484	-129.4930115	-1.74057579	14.78918552	14.86348343	-53.84235382	-14.37396526	-82.05713654	-2.953104019	-51.63343048	-5.565742016000001	3.4970009330000003	-97.08784485	-119.3191986	-37.04949188	-101.54898829999999	-82.36686707	4.032954693	-3.200480461	-40.46521378	-7.595864296	33.6398201
-257.365509	-196.499588	68.73937988	73.27416229	-15.9278326	-57.9236412	-80.94052124	-106.28418729999999	-23.05420494	38.67713165	-52.52569962	-40.97750473	14.21612644	-0.9189404248999999	7.53322649	-78.03585815	13.26380634	-30.08962631	-117.472641	-2.457159758	-123.8318253	-270.96185299999996	19.2321682	-18.34965515	17.93976974	-9.379968643	74.32823944	44.09065247
5.4667849539999995	-95.66629028	-34.06586838	-184.11450200000002	-20.16397476	77.28452301	-130.0290222	-136.63442990000001	43.15904999	-27.91143227	33.70970154	-31.94927216	28.86262131	-80.19921875	20.93074036	6.249298096	75.19054413	70.88696289	-53.538024899999996	-116.12200929999999	-31.70573807	-166.0484314	33.89156723	-47.88779068	9.376691818	32.37174988	25.56496811	26.54189873
-52.46846008	-45.54505157	-24.09833527	-46.48658752	-5.469519138	-48.7169838	-31.54258347	-42.34098434	-9.202835083	-13.07025623	0.8570076823	-19.26848793	19.4442482	-77.90702057	18.226797100000002	84.8524704	-20.35523987	44.74775696	-183.0831146	125.7370682	16.8072052	10.17658806	-70.48706818	-36.66552353	-1.808640003	0.5026603936999999	44.84920883	17.81092072
-8.819703102	-49.36305618	-16.51569939	-50.25866318	56.82249832	140.8118744	-111.5750961	-114.66242220000001	42.79077911	120.1915207	15.59706306	-13.51342297	-19.12099838	-60.69979858	-87.09598541	23.45941925	-97.16762543	17.39562798	-172.785202	-125.96826170000001	-124.42520900000001	-29.12907982	29.06657982	85.11482239	17.56682014	40.05477905	-8.614406586	10.19860649
-272.4654236	-180.6371918	-126.31475829999998	-246.53160099999997	-60.30198288	117.67144009999998	-136.4756775	-227.4826508	-26.55486679	-107.4607544	-54.43988419	-7.389834404	25.93349838	-156.1374359	35.88008499	83.68262482	-51.48806381	-29.82308197	-180.946991	-25.48073006	43.81801224	-210.7015381	96.20574188	-51.12765884	-48.65056992	22.44656563	-31.96937561	17.12697792
-78.36346436	-6.391642094	-2.476455688	-92.75125885	9.093775749	37.38025665	-92.16803741	-9.427400589	-22.86800575	-0.3700465858	-60.02949524	-28.18927193	-10.24171543	-92.47264862	-147.2521057	-161.621933	-14.90949249	66.95127869	-118.15238190000001	-133.5898132	-98.2256546	-179.91304019999998	-103.268425	57.33800125	-12.26030827	25.26254272	-13.8679409	19.425561899999998
