110.85165409999999	-6.0693058970000004	-31.81635094	-64.54528809	-12.26060963	-47.59616852	41.89564514	131.6198578	-3.38426733	53.87878036	69.82369232	120.9341812	-27.5382328	-34.29602814	15.72229576	15.49693108	-84.26730347	12.30485249	116.5411606	101.2767258	148.7871246	295.4185486	-3.513842583	0.7916023731	17.85048103	-10.70338345	6.952165127000001	-2.153557062
164.7385864	38.57095337	60.9993515	-8.893275261	13.8606739	27.62942886	-77.13852692	-62.77307510000001	-33.37174606	10.13319588	93.85337829999999	81.04885101	19.9298172	-35.38743591	37.7989769	23.59966087	-16.88149643	-30.27802849	20.47492981	203.87219240000002	25.30856514	107.17310330000001	14.84015942	9.044320107	13.68207169	-25.69109726	-23.97883987	9.729829788
-55.79130936	-107.99589540000001	-105.9645462	-71.60853577	34.71089172	37.94241714	42.73658371	-44.17369843	-2.105266094	58.56084442	37.41915131	96.61894989	-66.01070404	-51.59418488	108.68756869999999	157.7411804	-64.67028809	-97.3863678	-120.17527009999999	103.0800629	-27.24948502	-17.73732948	-4.889185905	-49.028862	-9.266075134	-16.36872101	22.05399132	-81.18911743
51.82553482	-72.61753082	29.30297279	57.24420547	-6.589542866	-32.23604202	-54.35680771	-4.5289168360000005	-14.51904106	-6.765992165	39.39399338	83.59436035	-41.66882706	-14.43830109	26.47238159	-50.12371826	14.92779064	-34.64897919	25.71448326	129.5876465	66.17099762	-38.12127686	-22.45208549	23.86121941	9.289958954	-3.592968225	-24.69739532	-12.6473465
93.01143646	42.77851868	265.95108030000006	26.00751877	125.1477737	57.84545517	5.579024315	-3.557808399	16.86791039	96.87409973	172.97319030000003	161.3960419	-15.09346771	11.61084175	77.15685272	187.2436371	127.0957413	208.4033966	134.0013733	-1.382685423	65.31300354	102.5407791	133.5330811	53.55799866	60.23786163	103.1352005	224.58882140000003	115.1553879
76.17205048	154.13412480000002	115.6400375	22.784805300000002	64.33716583	3.532948256	26.36213875	82.50566101	34.82832336	88.36851501	77.9684906	77.52024078	-22.07228851	-4.343679905	63.01246262	-15.14827442	7.316141129	-9.56025219	41.64531326	107.8212814	8.701052666	82.19303131	38.69609451	52.30038071	66.08042145	34.58039093	-0.2066497505	16.64783096
101.5776443	-143.94824219999998	123.6085587	62.22579575	22.01688194	49.96731186	-11.93292332	-102.9336929	-16.19124603	59.54453659	130.12313840000002	157.1282501	-13.67599297	-13.3814764	63.71175003	38.55435562	126.22776029999999	30.63498116	-30.28067589	209.0222626	59.42441559	43.96278381	38.30050659	-25.19272232	63.30250168	50.39052963	48.38811874	58.1125145
44.13075638	-28.74420166	97.87884521	62.64538193	35.83155823	-22.07018471	-52.55057526	-48.23472977	21.08153343	67.56358337	127.86983490000001	180.98834230000003	-24.19599152	-27.25151062	57.39540482	-47.77755356	125.38369750000001	74.16640472	82.0123291	89.36769104	-107.64781950000001	-57.87633133	43.823349	32.6839447	-0.45008349420000004	18.21286011	103.28530119999999	58.51950455
55.85180664	36.27630997	58.51424408	-27.19486046	-22.48165321	-45.29702759	-37.14923477	-15.48394775	-3.0225520130000003	34.1948967	192.52445980000002	194.2677155	-45.16114807	-38.89347839	-4.221667767	50.71649551	-75.49509429999999	7.152875422999999	145.96560669999997	118.42074579999999	1.7346302269999998	64.03343201	19.18526268	49.40311432	9.463176727	23.81155014	16.13748932	8.531317711
85.06482697	-79.55141449	33.31785583	18.628686899999998	-57.53820419	-5.936461926000001	-33.16320419	-57.99276352	-14.28091526	63.07328796	-3.542090178	-10.12713242	-43.27265549	-3.07021451	77.89006805	124.053299	-127.577446	-114.4166412	-103.4419403	19.85819435	-82.34445190000001	-77.19615936	-43.84684372	-14.61177349	-14.98032665	-22.23907661	-64.0113678	-30.63271141
312.9248962	52.84474945	157.8753357	43.3491478	71.87285614	84.41940308	69.79743195	32.48864365	-2.0648720259999997	133.3578949	122.7931213	111.8627396	17.19801903	7.95745945	49.47169113	59.92741394	17.029121399999998	82.35829926	106.68906399999999	95.27693939	206.3564148	215.4520264	27.61938858	50.88959885	92.09129333	41.52210236	-83.69195557	55.11605453
111.5610733	-74.58382416	52.67596054	78.49425507	81.87182617	32.46716309	-66.10464478	-24.96178818	55.12394714	100.06192779999999	132.6577606	214.7701874	-23.45406723	-15.17638302	92.62797546	144.1539612	-64.05091858	-7.987581252999999	61.56070328	208.08644099999998	-76.79013824	162.5130463	6.508548737000001	6.272093296	41.59878922	37.90685654	88.39403534	120.53971100000001
259.36477659999997	-15.94947815	141.94764709999998	136.0555267	80.29208374	-10.31270313	35.51135635	-54.38854599	21.50995827	88.53241729999999	77.92176819	95.26158905	-23.43449974	9.076580048	73.02017212	98.93347168	1.6723682880000001	118.57804109999998	76.71694946	156.2636414	34.97127533	155.78218080000002	-8.377013206	2.614891768	79.88581085	80.17425537	-38.24682999	74.97193146
175.4395294	-128.1034698	83.55592346	125.45132450000001	35.42589951	58.44141388	52.50489807	-4.973065376	56.60548019	27.41757774	173.97970580000003	165.254303	28.54220772	32.0081749	35.74693298	117.8129272	-77.36559296	-7.661728382000001	82.27954102	255.19223019999995	92.12653351	121.9686203	70.33444214	6.181964874	43.55413055	77.87187958	99.46302795	-5.874388217999999
-74.04458618	-152.9933929	-19.38732529	-24.89432335	-127.185585	-5.205563545	-101.7156982	-97.48519897	7.637180805	14.99878311	92.91225433	37.96662903	-65.95877075	-2.367170095	20.78483391	-42.5668335	-92.61100769	34.65045166	-92.0710907	-75.42959595	-68.98473358	-10.73861027	53.98477936	72.66329193	-17.01891518	-0.584884882	-118.0757294	-62.16284561
51.8637352	28.21540451	-23.79600334	39.31507111	39.48168945	0.6362690329999999	-93.76754761	2.69802475	-20.03900337	7.621960163	108.69745640000001	145.5342407	-10.43529224	-8.35791111	43.8691864	19.77650452	12.25895786	49.68531036	154.269928	231.0779114	-57.59210587	99.99991608	61.09441376	37.31601334	20.07478714	48.22457123	-10.19283104	17.71307373
1.172896743	-94.87135315	181.43357849999998	188.6739044	24.98923874	35.02086639	33.24418259	-13.61475754	-13.34463692	35.62981415	168.27070619999998	208.27182009999999	-5.323705196000001	12.50702667	31.51368141	77.64855957	33.44266129	155.79251100000002	22.01267624	-14.20133591	20.82430267	132.3769836	26.79450798	41.35927582	60.72781372	-14.78619289	-42.21842957	-35.93403244
7.541118622000001	-123.579895	130.87677	17.93370056	-44.64419174	-23.61001015	-6.280014037999999	4.323692799	-0.281283021	0.37417459490000005	145.35495	108.5271301	-15.24334812	6.353976727	30.25423241	2.291184664	-35.60858536	185.00396730000003	41.00406647	155.57991030000002	0.15991573039999998	165.0568695	58.8415451	74.79345703	-17.4704628	12.58492756	20.79454803	46.68268967
43.4186554	14.38755322	32.24090576	53.18442917	-41.15772247	-48.98767853	-81.86051178	11.99699783	11.49674702	-13.45926094	39.2087822	66.52619171	-43.18385696	-0.3765557408	-32.95850372	-68.61283112	-42.51171494	41.79541779	-136.41755680000003	-71.39031982	-45.2873764	58.29330063	-29.85003662	-43.40504837	-56.19128799	-24.46836281	-60.94173813	-129.696991
67.82183838	17.02618217	109.36927800000001	15.76174068	8.269366264	69.65556335	-42.08781433	80.70385742	19.50411415	58.35643005	76.12580109	147.791626	0.2911513448	36.82255554	83.74820709	124.74101259999999	-25.20516205	121.6703949	268.4167786	185.2838135	70.25933838	72.62574768	-19.18493652	54.17537689	47.15309143	57.11338425	6.559222221000001	-0.6726060509999999
137.39202880000002	-80.95640564	-65.51795197	98.06300354	25.09235954	-19.33899879	9.287734032000001	-33.86586761	24.59421921	40.16798019	92.23069	83.28827667	-12.04686642	32.620094300000005	-39.68869019	-97.89614868	-113.13417050000001	-71.05316925	-27.32514572	-87.54811859	80.78070068	93.86450958	-88.37521362	4.755582809	36.74980927	15.67188168	-119.59886170000001	-31.65660858
-13.64154339	37.16670609	-49.7641449	-38.13438797	-38.15169907	-40.08875275	1.006697536	-21.71589661	-10.34049606	-67.67373657	93.45983124	96.02087402	-25.37811279	6.655438423	-14.29497051	25.43503189	-104.0522995	-13.20303059	93.97850037	-17.24182892	35.65764999	62.61614609	-88.01998901	-35.00231934	-40.25798416	-38.26935196	-43.89458847	-32.71347046
102.4125977	-132.9239655	-6.62290144	70.996315	-116.8846588	68.05531311	-57.59334183	-74.64732361	67.37316895	9.601615906000001	140.68624880000002	173.40800480000001	25.86111069	-7.524878025	72.44490051	55.24816895	-10.78898716	11.36710644	153.02862549999998	83.08775329999999	-57.75714874	-9.522420882999999	9.93674469	44.26464844	35.1951828	-31.11266327	-52.97021866	-29.11527252
136.7621918	-48.93922043	28.23383904	39.92532349	29.25365448	-4.069952488	-20.00217247	32.06172943	8.536437988	15.77213287	110.1054535	97.85609436	-34.16805267	9.862845421	18.58519936	-62.01268387	-109.50769040000002	58.33262253	214.1133881	113.55341340000001	93.80410767	161.2056885	11.61098194	56.69372559	25.08198357	4.091858387	-117.25028229999998	-33.87295914
38.17710876	56.90106964	-35.38264465	160.178009	89.56760406	33.7484169	38.13687515	3.491134882	6.501019955	79.66410065	86.8587265	169.8548279	-16.69389343	10.68352604	12.06729603	109.24078370000001	-122.81887820000001	40.89289474	-281.3650208	-93.23842621	221.4500122	372.4070129	-117.86260220000001	-87.37746429	-2.1119883059999998	27.50062561	-8.486231803999999	-4.593846798
29.44228745	4.115972519	-41.54734802	38.05382919	24.38773346	-13.83377934	21.48229599	-6.402737141	19.473188399999998	18.08743858	84.54965209999999	83.1827774	-23.75607109	13.938278200000001	11.67703152	-117.02116389999999	27.34176254	45.86460495	-3.035200834	15.92845631	7.905257225	93.98195648	-38.85481262	44.10670471	18.65297318	-10.21052456	-115.53860470000001	-68.73459625
125.2359238	-28.57020187	56.39668655	-5.929289817999999	-6.81965971	48.46519089	20.70929909	-39.50336838	30.767364500000003	40.96195984	190.1255493	220.8019714	66.30554199	-5.003960609	57.07035828	73.77764893	-13.779691699999999	6.315057277999999	184.2947693	166.24737549999998	-104.990921	19.34647179	2.437915802	84.51914215	41.16508865	1.060698748	-113.381897	5.076134205
-69.62740326	-69.18575287	-155.0387115	-28.02083588	-47.93352127	-83.95919037	-39.49459839	-61.87559891	-56.29171753	-64.75369263	-3.258450985	42.496055600000005	-74.24302673	-45.09516525	-35.42647171	-34.93564224	-75.94688416	-116.6070709	-188.573822	115.56464390000001	50.52764511	-203.3915863	-60.06034088	-27.56122208	-21.5449543	-95.94137573	-68.26098633	-28.39357758
97.39199829	132.30715940000002	-90.34257507	-20.14426041	-27.42150307	-1.549505234	52.78787231	14.96290874	-12.02575397	30.26535034	108.22016909999999	138.3008575	-22.7121582	-45.89625549	-6.286039829	98.07682037	-1.058047891	47.86334229	104.3316574	233.43905640000003	60.73225784	85.80465698	-65.21584320000001	3.8346910480000003	19.03060913	10.21419048	-37.27270126	-39.71519089
8.80784893	119.02231599999999	102.6086426	163.20654299999998	-1.5357167719999998	49.2580719	33.95979691	41.96752548	26.96871376	51.11400223	148.97616580000002	141.107666	23.77061844	-30.73039055	-45.38328552	89.49917603	28.51226425	87.85848999	-68.86265564	-113.7399216	33.58457947	11.78252411	5.954872608	27.26360893	16.01931572	1.02937746	-59.05315018	-23.41382217
-19.84833336	-114.72995759999999	-0.09343705326	-5.800635337999999	-55.97977066	-102.7095108	-105.7264862	-66.53197479	-30.55267525	-11.72541904	72.35817719	122.10417179999999	-55.94339371	4.782428741	-68.08720398	-98.38250732	-25.15467262	-31.62135696	-77.89730072	158.9300995	-140.3536835	-51.73423386	23.97644234	31.42645645	-6.02981472	-96.92089081	-118.22853090000001	-25.26543045
-84.16193390000001	-149.83570859999998	-40.11615372	-18.73574066	-33.21250534	9.472977638	-95.25604248	-150.5050201	-96.62076569	-117.56516270000002	138.3491974	102.3964233	2.510695934	-32.3376503	-152.3871002	-87.45907593	-113.57725520000001	-51.70861435	-233.75868230000003	28.12805939	-27.86551476	1.014004946	-104.95716090000002	-20.13584328	-76.76139069	-46.33433914	-55.28201294	-235.0199127
67.0628891	106.6062088	-96.72775269	67.85504913	-24.27937698	-20.49446678	5.0209174160000005	61.85335159	27.41405869	67.2143631	150.7033081	151.4891815	-50.1422348	-33.02954483	-87.06938934	-32.41340637	-28.52123642	58.27465439	50.73249435	15.8581953	56.815147399999994	26.77202606	-33.22887802	14.93389988	10.53319073	-23.84612846	-136.6934204	57.18167114
294.1985168	7.030669212	9.185757637	101.07650759999999	70.90015411	86.48248291	29.6749382	22.15612602	35.30741882	76.53044128	388.04357910000004	382.84405519999996	18.23764801	54.39297867	-81.14376831	14.36472225	105.3610611	145.51152040000002	-11.45375538	21.687994	-167.3444061	-33.86976624	210.67420959999998	94.27163696	42.10219955	-21.09190369	-151.0461426	-64.54555511
3.4284226889999996	58.04462051	-22.49899483	-22.1296196	9.369253159	21.27578926	-3.8470017910000003	-13.17055225	4.4238038060000004	33.90934753	131.04422	165.5791931	4.2662644389999995	-15.54401588	3.2145519260000004	131.7119293	-1.55986774	94.84942627	-76.20239258	13.77919197	106.7903519	180.1545715	-13.76309204	6.314371586	29.41821861	34.88913727	9.272965431	30.23786926
52.42350769	127.9651108	-200.6208649	-110.91564939999999	-51.78280258	-64.23195648	-76.51530457	19.55640984	-47.7413063	-36.38719559	-174.8382111	-102.02086640000002	-3.575994015	-15.20105362	38.58028793	-74.3102417	-67.79404449	-61.45779037	-103.2899704	129.7162933	-48.13377379999999	-80.10652924	-162.5997162	-45.24501419	6.838131428	-7.662209988	-70.20765686	-40.11849976
48.27105713	3.653776407	-32.69176865	-38.9216156	-48.20878601	47.3079834	43.93013763	64.00966644	46.03425598	43.54027939	196.8191071	186.89059450000002	-28.88880539	11.37326145	-58.81402206	77.5065918	-6.07341814	94.04320526	-98.29285431	10.89333153	5.844441413999999	-13.00988007	6.177830696	13.690756799999999	30.94540024	14.6258049	-111.9954453	-44.66173935
7.744029522000001	-119.65115359999999	131.1680298	81.07669067	13.66727924	53.26977921	59.99173737	25.11410332	-8.208968163	35.38287735	150.362915	164.8925323	22.01940346	-13.40319252	-41.46990585	63.14802170000001	24.623312	64.33709717	-0.09300641716	21.88913155	33.92589951	108.95004270000001	14.16278362	30.52092552	-33.42708588	17.24682808	56.43088149999999	30.73055649
12.38355541	-43.49322891	-149.0926514	-38.86411667	-51.8584404	-35.42860413	-165.031662	-272.0979614	-94.22242737	-46.39745331	244.5121155	202.220047	-22.02946091	0.45240587	53.57421494	219.06021119999997	-86.01379395	-141.4179382	-8.183964729	2.580476761	-31.98284912	-88.88291168	-6.573900223	22.647035600000002	4.1414694789999995	19.43975258	-194.0274353	-169.7525787
209.7624207	181.64602659999997	81.78160858	111.5761871	9.72435379	54.94258499	28.92917061	-53.23045731	-5.88527298	79.53630066	56.62776947	123.9107971	44.20748138	12.20069408	168.1358643	165.93019099999998	-129.39331049999998	169.6169128	103.70392609999999	72.72233582	86.31209564	38.675457	71.92282104	17.07176018	138.5426788	64.23688507	84.69761658	-19.92243004
81.98636627	-18.14671135	85.54918671	67.65155792	-30.13097191	46.96150208	0.4249801636	-65.56459808	16.12809944	109.8377686	112.9877472	152.5221558	11.75146389	-33.66304016	26.41150665	258.8557434	-29.73508072	58.97904205	28.04373169	129.06134029999998	76.41506195	156.3491821	-41.30440903	56.97092056	57.57426453	26.23766708	-59.36423111	59.624713899999996
78.45130920000001	137.5996399	-76.77980042	-41.48427963	29.92811966	-6.484152317	71.24966431	160.6375885	-53.54519272	-52.19263839999999	127.859848	194.82156369999998	1.086795688	-49.25627518	12.03407764	169.64668269999999	-177.49217219999997	-60.79090881	165.6932068	70.54885864	92.00999451	160.03659059999998	-18.00802803	18.88426018	28.88289452	2.28839159	-29.67755699	-71.59910583
-16.15047646	-73.62766266	-52.87393188	-47.15144348	-10.75602341	58.43758774	-110.0269623	-119.92160030000001	-68.87467957	-45.4288063	91.24640656	103.3677673	-25.6649189	-21.364694600000004	-23.319767000000002	8.928738594	-100.5441284	-170.4739227	217.3194122	123.224884	-61.57333755	-137.73890690000002	-75.6495285	-43.78192902	-36.78750992	-82.76757049999999	-66.38722229	-119.3926315
57.80280685	-7.71480608	5.836040497000001	98.74723816	56.24983597	-12.6298933	51.67333984	45.42848206	45.79305649	53.35548019	153.9704895	227.65980530000002	-29.26334763	-52.74514008	45.05325699	160.08956909999998	-20.26308632	30.87760925	216.318924	295.3847046	49.74501419	120.6803284	-9.615592003	63.45374298	9.193889618	-4.768765926	82.80874634	86.70344543
187.7555237	187.5439606	45.91910934	64.45795441	-3.461357355	26.85372353	-14.03167534	-25.91179848	-11.05246639	80.80705261	232.88880919999997	281.6154785	-51.99446487	6.065532684	71.69519806	75.76812744	-117.785881	49.1046524	211.0507355	320.9105835	110.44628909999999	231.6950989	-108.6953354	-6.691691875	50.6810112	-8.324584961000001	-34.48335648	-46.60956573
126.41374209999998	59.26428986	52.84838104	117.9271393	-38.699646	33.72782516	59.130451199999996	26.40894699	-52.46619797	31.80683899	65.07410431	173.76422119999998	25.57262993	5.696835995	67.21672821	90.92697906	89.52256012	13.48837566	117.6250229	187.74139399999999	103.0432434	50.92075348	-25.40938377	10.13372135	-9.593176842	3.2232341769999997	61.62485123	29.43595314
-122.26327509999999	-71.89211273	18.49910164	22.08052444	-13.10978889	-28.40159798	27.08265305	17.35507202	13.233452800000002	60.48604202	197.5387878	143.0842896	-2.569941044	40.77456284	40.47951126	100.8974228	-173.4781494	117.20612340000002	31.95418549	-57.51634598	-182.27993769999998	94.77783203	50.41852951	95.4921875	8.549213409	38.55395508	-171.725296	-45.87881470000001
-2.373726606	-2.724271059	-157.3654175	-128.655365	-17.40618515	-30.22466278	-114.00465390000001	-60.24394226	-108.84111019999999	-80.25965118	138.71543880000002	70.11669159	-38.65563202	-91.68421936	-53.39859772	114.6551971	-102.71435550000001	21.79824829	-111.345665	-160.6644897	247.25450130000002	69.10619354	-36.48402023	2.212530851	-65.00533295	-107.68635559999998	40.97062302	-68.81343842
113.4881058	22.24437714	107.6539307	163.54454040000002	109.37506869999999	72.76642609	41.3350563	-53.23981857	56.66767120000001	81.77815247	139.1863403	205.1343231	13.24123001	-22.543552399999996	66.01828766	53.07196426	-6.821356773	97.29290009	206.6448669	299.6075439	72.95343781	81.69852448	-11.29382038	64.42410278	64.33532715	47.57883072	118.90316010000001	-3.0817649360000003
57.32928085	92.69458008	70.57987213	-7.769134045	34.16906357	144.8368073	-34.27944946	45.75136566	11.52737141	86.45559692	205.418335	201.23191830000002	13.67340088	13.75837994	-21.378295899999998	86.45304871	-12.76544094	61.7493515	187.1401825	174.0176544	13.11652088	172.1851959	40.78069687	66.60263062	23.56797409	66.52100372	-76.23264313	-50.64354706
74.41886139	-95.48209381	71.28905487	-24.64265251	-3.737585068	13.06478882	-74.49903107	-128.3267059	-58.30519867	56.34333801	191.6677399	151.2428894	-27.86291122	2.403766632	-9.092299461	64.28547668	-40.99573517	94.56393433	96.11534119	99.3793335	-20.63837242	67.09042358	30.48305321	46.59593582	-17.91298676	30.97342873	39.48410034	-33.19515991
14.20768452	40.50137711	-125.6347656	-61.3116188	-120.1127396	46.62237929999999	-27.76198769	-20.30242729	-27.69818306	39.13578415	141.9776611	175.8061829	-2.580874205	23.55242729	-107.32763670000001	37.47467804	-119.6925125	-134.04655459999998	-39.33225632	33.15477753	4.8697371480000005	139.9903717	-68.78153992	11.02938366	-8.738614082	-6.761590957999999	-158.3328247	-7.748289585
110.85165409999999	-6.0693058970000004	-31.81635094	-64.54528809	-12.26060963	-47.59616852	41.89564514	131.6198578	-3.38426733	53.87878036	69.82369232	120.9341812	-27.5382328	-34.29602814	15.72229576	15.49693108	-84.26730347	12.30485249	116.5411606	101.2767258	148.7871246	295.4185486	-3.513842583	0.7916023731	17.85048103	-10.70338345	6.952165127000001	-2.153557062
-55.79130936	-107.99589540000001	-105.9645462	-71.60853577	34.71089172	37.94241714	42.73658371	-44.17369843	-2.105266094	58.56084442	37.41915131	96.61894989	-66.01070404	-51.59418488	108.68756869999999	157.7411804	-64.67028809	-97.3863678	-120.17527009999999	103.0800629	-27.24948502	-17.73732948	-4.889185905	-49.028862	-9.266075134	-16.36872101	22.05399132	-81.18911743
39.51319885	113.03652949999999	36.94666289999999	-21.073349	-30.72904587	-103.1414566	37.36228561	57.82204056	-2.50220418	-1.326133966	30.73191071	41.93148422	-90.19918823	-33.17561722	-52.84501648	23.94367218	8.44643116	44.5414238	-57.66872787	195.47917180000002	8.214552879	55.46590424	12.22718143	52.70543289	-4.867058753999999	-34.33258057	-86.20747375	44.14554214
76.17205048	154.13412480000002	115.6400375	22.784805300000002	64.33716583	3.532948256	26.36213875	82.50566101	34.82832336	88.36851501	77.9684906	77.52024078	-22.07228851	-4.343679905	63.01246262	-15.14827442	7.316141129	-9.56025219	41.64531326	107.8212814	8.701052666	82.19303131	38.69609451	52.30038071	66.08042145	34.58039093	-0.2066497505	16.64783096
179.8111572	128.2422791	182.5569611	42.169487	45.49744797	-47.62403488	7.715047836	51.69264603	-12.37482452	66.41426849	28.7078228	96.46733093	-25.55820084	-7.686087132000001	37.00275803	43.28851318	84.32920837	181.18130490000001	44.81521225	382.2132568	22.85137177	216.16293330000002	74.14051819	70.05444336	-4.929708004	7.356556892	-48.62221527	60.65369034
184.54968259999998	149.7751007	-1.9084892269999998	24.92960548	-15.54922676	-31.61885262	21.78515625	192.8621368	31.89601707	5.1240510939999995	-59.42263412	-33.9852562	-99.14350891	34.75070572	30.49663544	57.85240173	-47.56352997	-42.780159000000005	-93.43428802	67.58279419	-9.210502625	127.19851680000001	15.24824333	-26.24508667	27.6592617	64.14846802	-7.38293314	0.6650897861
154.7169495	86.65153503	94.0141983	75.85507202	74.74465942	-2.264074326	-3.657655239	68.94637299	1.059076667	81.87451172	114.6888962	117.54702759999998	-7.180697918	-36.37461472	32.94696808	108.50584409999999	-81.43332672	3.209264517	-85.11683655	-65.85407257	86.97515106	32.06482697	-39.02583694	30.69919586	54.18857193	54.07263184	-44.60507584	-1.7086838480000002
101.5776443	-143.94824219999998	123.6085587	62.22579575	22.01688194	49.96731186	-11.93292332	-102.9336929	-16.19124603	59.54453659	130.12313840000002	157.1282501	-13.67599297	-13.3814764	63.71175003	38.55435562	126.22776029999999	30.63498116	-30.28067589	209.0222626	59.42441559	43.96278381	38.30050659	-25.19272232	63.30250168	50.39052963	48.38811874	58.1125145
167.8255615	-2.221175432	11.368225099999998	-59.0616951	-1.586360812	-67.63781738	-1.8445003030000002	-46.61188889	-7.540537833999999	17.79957771	-73.13935089	-32.38524246	-104.86270900000001	-13.63514233	21.86049843	-8.35222435	15.38327026	-6.089540958	-93.83932495	-113.4151611	-30.81467438	-66.45987701	33.97018433	-33.95389557	57.92937469	20.98883629	-192.40362549999998	-52.99887085
44.13075638	-28.74420166	97.87884521	62.64538193	35.83155823	-22.07018471	-52.55057526	-48.23472977	21.08153343	67.56358337	127.86983490000001	180.98834230000003	-24.19599152	-27.25151062	57.39540482	-47.77755356	125.38369750000001	74.16640472	82.0123291	89.36769104	-107.64781950000001	-57.87633133	43.823349	32.6839447	-0.45008349420000004	18.21286011	103.28530119999999	58.51950455
132.9116974	-29.68312263	-45.64737701	-6.793460846	45.43232346	-52.59449768	69.3241272	74.44647217	46.97241211	45.71250916	-31.93988609	-3.990204573	-52.77278137	-38.68902588	35.90834808	33.69641876	-24.24401855	53.58657455	-2.424636841	189.133194	154.37844850000002	130.1930695	-40.06971359	-0.354794383	1.6579409840000001	52.32175446	202.60041809999998	19.55129814
168.0663605	119.3610535	244.09889219999997	62.96507263	16.98750687	34.51504517	-2.851432323	94.56578827	28.14525604	44.34468079	95.76186371	122.25588229999998	10.4435854	9.929375647999999	76.97319031	44.17878723	-34.63625336	40.36801529	-38.04684067	168.9045105	-0.8209564090000001	93.02953339	25.110906600000003	43.03355789	-2.350495338	-2.629645586	38.28561783	-5.592143536
-136.4004059	-32.91846085	-17.21822357	-81.09353638	-78.63666534	-97.64680481	-113.3052139	-133.00241090000003	-39.45979309	-56.92998505	-43.24031448	-46.22257233	-85.16435242	-50.5632782	-29.33806038	-87.62492371	-56.48679352	-93.00558472	-52.26677704	-91.97044373	-36.85944748	-84.47885132	23.11223984	85.40457153	-35.70265198	-87.71030426	-41.96296692	-56.08098602
175.4395294	-128.1034698	83.55592346	125.45132450000001	35.42589951	58.44141388	52.50489807	-4.973065376	56.60548019	27.41757774	173.97970580000003	165.254303	28.54220772	32.0081749	35.74693298	117.8129272	-77.36559296	-7.661728382000001	82.27954102	255.19223019999995	92.12653351	121.9686203	70.33444214	6.181964874	43.55413055	77.87187958	99.46302795	-5.874388217999999
51.8637352	28.21540451	-23.79600334	39.31507111	39.48168945	0.6362690329999999	-93.76754761	2.69802475	-20.03900337	7.621960163	108.69745640000001	145.5342407	-10.43529224	-8.35791111	43.8691864	19.77650452	12.25895786	49.68531036	154.269928	231.0779114	-57.59210587	99.99991608	61.09441376	37.31601334	20.07478714	48.22457123	-10.19283104	17.71307373
211.1059418	183.7064667	-8.902896881	49.80580521	60.51312637	31.42913246	19.54990959	142.9908295	104.75563050000001	92.13456726	80.30683899	181.388504	-19.44657707	-7.0392646789999995	34.16516876	32.42040634	-97.8093338	78.82180023	14.3461113	72.83406067	148.9347839	91.55915833	-36.80546951	-12.95385265	42.9642334	15.94917679	72.04994965	32.9847641
43.4186554	14.38755322	32.24090576	53.18442917	-41.15772247	-48.98767853	-81.86051178	11.99699783	11.49674702	-13.45926094	39.2087822	66.52619171	-43.18385696	-0.3765557408	-32.95850372	-68.61283112	-42.51171494	41.79541779	-136.41755680000003	-71.39031982	-45.2873764	58.29330063	-29.85003662	-43.40504837	-56.19128799	-24.46836281	-60.94173813	-129.696991
-65.42993164	-28.51115227	-86.7831192	7.908780097999999	54.36106873	58.12250519	-18.654018399999998	52.98924637	-45.50297546	-17.53102303	88.01976013	118.56866459999999	-31.6417675	-32.0876503	-33.80895996	-98.88695526	-102.2925644	-98.71089935	-50.28029633	65.98842621	-11.55177975	46.23777008	-2.651798964	-22.50407791	-56.88188934	-79.26585388	-88.21133423	-171.2394714
153.79290769999997	-5.825529099	199.3336182	112.7944946	73.02507782	17.8277607	87.25344849	48.40445709	10.53752232	5.754568099999999	254.7081451	228.68588259999999	-12.64084911	-16.88578606	135.93109130000002	250.37670899999998	-33.35239792	255.0158691	90.06542206	222.8902893	40.59645462	331.121521	12.38248158	5.306375504	22.51164436	2.772841454	-10.19893456	97.06629944
53.71578598	-20.33183861	-78.78707886	2.878969669	1.060673356	-42.61027145	-55.46424103	-162.42442319999998	42.87900925	-4.641411304	146.0501709	172.10597230000002	-20.10379791	6.358469486000001	38.82807922	48.13182449	5.188211918	73.75676727	102.8248825	138.1312256	-30.90676498	-27.40770721	3.480273247	58.668579099999995	-11.02334976	-5.483702182999999	-120.47040559999999	-31.82525444
67.82183838	17.02618217	109.36927800000001	15.76174068	8.269366264	69.65556335	-42.08781433	80.70385742	19.50411415	58.35643005	76.12580109	147.791626	0.2911513448	36.82255554	83.74820709	124.74101259999999	-25.20516205	121.6703949	268.4167786	185.2838135	70.25933838	72.62574768	-19.18493652	54.17537689	47.15309143	57.11338425	6.559222221000001	-0.6726060509999999
53.19202423	-72.02798462	141.019165	78.93940735	-68.67684937	20.44809723	6.37391901	6.937019825	32.6955452	73.89821625	219.35429380000002	202.2610626	36.1814003	13.35421944	1.9801934959999998	87.53514099	-7.883842945	91.87750244	147.4003906	60.87163162	7.107480526	107.43006129999999	15.866187099999998	-28.79470253	72.98267365	25.80444908	-114.6686172	-15.66903496
137.39202880000002	-80.95640564	-65.51795197	98.06300354	25.09235954	-19.33899879	9.287734032000001	-33.86586761	24.59421921	40.16798019	92.23069	83.28827667	-12.04686642	32.620094300000005	-39.68869019	-97.89614868	-113.13417050000001	-71.05316925	-27.32514572	-87.54811859	80.78070068	93.86450958	-88.37521362	4.755582809	36.74980927	15.67188168	-119.59886170000001	-31.65660858
-27.09051895	-68.57609558	0.2221412361	17.21718597	-27.06880951	-39.90544891	-122.30638119999999	12.88370132	-14.70093441	52.35515213	134.27088930000002	147.3617249	-10.669746400000001	14.37600231	27.91215706	-25.358881	-60.58132935	-75.47354126	56.66994858	203.90609740000002	-100.742012	-303.07104489999995	45.88259506	34.36780167	28.66005325	-12.44479847	-42.2154541	-18.33440018
10.42525101	-33.37805176	51.61240768	-80.46379089	-27.15167236	33.78377914	-48.6831665	-27.97556686	47.04678345	39.31404495	192.7921295	174.9238892	-29.23156548	2.554432631	75.13463593	-1.3891345259999999	-84.25891876	78.12222290000001	28.67048264	326.2704773	-148.27157590000002	-46.63572311	9.315711021	-2.271914721	-3.931317806	57.43413544	-47.06442261	15.74102497
-23.79411507	-155.9014435	-68.45771027	-12.55776024	-3.137838364	-11.85667706	-81.10597992	-21.90724754	11.36699963	21.20463181	16.47763062	79.93280792	-54.42967224	-10.44159412	63.36622238	79.08693695	27.48337746	-16.95509911	126.30288700000001	22.64457512	-115.15743259999999	-58.26766968	7.073825836	-30.60139465	10.58531189	-7.7803058620000005	-61.42530441	-4.253931046
125.2359238	-28.57020187	56.39668655	-5.929289817999999	-6.81965971	48.46519089	20.70929909	-39.50336838	30.767364500000003	40.96195984	190.1255493	220.8019714	66.30554199	-5.003960609	57.07035828	73.77764893	-13.779691699999999	6.315057277999999	184.2947693	166.24737549999998	-104.990921	19.34647179	2.437915802	84.51914215	41.16508865	1.060698748	-113.381897	5.076134205
97.39199829	132.30715940000002	-90.34257507	-20.14426041	-27.42150307	-1.549505234	52.78787231	14.96290874	-12.02575397	30.26535034	108.22016909999999	138.3008575	-22.7121582	-45.89625549	-6.286039829	98.07682037	-1.058047891	47.86334229	104.3316574	233.43905640000003	60.73225784	85.80465698	-65.21584320000001	3.8346910480000003	19.03060913	10.21419048	-37.27270126	-39.71519089
-120.27829740000001	-41.14083862	-292.78771969999997	-217.73138430000003	-47.97398376	6.442472935	-98.7312088	-115.65031429999999	-59.88624573	-126.7566757	-107.6285019	-15.28555107	-25.90037537	-40.07012939	12.8780489	-78.12499237	-81.00182343	-104.5426712	-407.88287349999996	-124.8866043	-38.09958267	-116.5559235	-34.48587036	-12.8521595	-78.00308228	-72.49814606	-69.8923645	-182.006546
-84.16193390000001	-149.83570859999998	-40.11615372	-18.73574066	-33.21250534	9.472977638	-95.25604248	-150.5050201	-96.62076569	-117.56516270000002	138.3491974	102.3964233	2.510695934	-32.3376503	-152.3871002	-87.45907593	-113.57725520000001	-51.70861435	-233.75868230000003	28.12805939	-27.86551476	1.014004946	-104.95716090000002	-20.13584328	-76.76139069	-46.33433914	-55.28201294	-235.0199127
91.22383118	11.49863243	-184.4503632	-128.9770813	-69.63095093	6.907271862000001	-55.95373917	7.645483494	-57.95526886	37.28401947	96.31809235	163.2736053	1.996335864	-41.98199844	-61.7483139	47.97367477	-70.91777039	-36.48195648	-261.5265198	-162.7835693	10.17924595	-50.65037155	22.38360405	-51.64840698	-39.57160187	-37.7534523	-28.38819504	-50.36932373
11.923392300000001	-86.83171082	-24.01415443	36.64167023	-34.87266159	-82.59156036	-79.40510559	-80.57990265	-61.42612839	-63.93186569	-119.7037506	-113.0803604	-37.82528305	-32.89929581	-36.20681763	-76.42298889	-84.15672302	-74.3848877	-187.6707001	-138.293869	-50.12607193	-14.55229092	6.0871095660000005	-13.08255672	3.063873768	-60.50854874	-50.44797897	-43.98475647
60.13348007	-4.323528767	-76.78090668	-124.2207108	0.9247230887000001	39.54579544	-29.17904663	-56.36445236	-86.14717865	-43.48715973	73.43496704	114.6742172	51.25538635	26.29630852	61.58104324	184.5620117	-58.27479553	-33.60054398	-239.46508790000001	10.68611526	46.97521591	23.081577300000003	-34.1857605	52.93652344	3.39767909	-11.05433083	-30.86250114	-98.56881714
67.0628891	106.6062088	-96.72775269	67.85504913	-24.27937698	-20.49446678	5.0209174160000005	61.85335159	27.41405869	67.2143631	150.7033081	151.4891815	-50.1422348	-33.02954483	-87.06938934	-32.41340637	-28.52123642	58.27465439	50.73249435	15.8581953	56.815147399999994	26.77202606	-33.22887802	14.93389988	10.53319073	-23.84612846	-136.6934204	57.18167114
-13.21290398	-223.04057310000002	-110.19008640000001	-28.12468147	-73.70816803	-17.40713501	-32.14437103	-104.179985	9.744413376	-1.8530303240000001	37.68619156	30.05361176	34.87036514	-30.93764687	-70.49624634	-170.4718475	-19.21546936	-97.24059296	-143.05328369999998	112.99304199999999	-148.6598969	-79.20152283	44.33316803	3.09548831	18.22814178	12.05542278	-49.12792587	-101.7859802
294.1985168	7.030669212	9.185757637	101.07650759999999	70.90015411	86.48248291	29.6749382	22.15612602	35.30741882	76.53044128	388.04357910000004	382.84405519999996	18.23764801	54.39297867	-81.14376831	14.36472225	105.3610611	145.51152040000002	-11.45375538	21.687994	-167.3444061	-33.86976624	210.67420959999998	94.27163696	42.10219955	-21.09190369	-151.0461426	-64.54555511
106.8922577	88.50105286	-61.2000351	23.18949318	-154.33421330000002	-27.51851082	5.448456287000001	0.7680986524	-6.045126915	-15.25317383	47.49704742	27.75852203	-35.57230377	-59.45497894	-3.1657149789999997	2.498001575	-81.06009674	-147.140274	-53.6462326	125.1285553	-34.5810318	-93.01757812	-26.81744766	-5.338973998999999	-43.44966507	-30.675743100000005	-85.99543762	-7.296179771
120.02456670000001	105.8976669	34.40556717	13.30095482	12.1829977	59.30913162	51.478302	-48.66626358	-6.189857006	-21.09121704	157.6455231	136.9154968	3.480077744	-16.13707924	-46.41794968	0.732640326	11.62619972	-17.59421349	-37.82243729	90.22621155	-95.2647171	-48.40394974	-7.101418972	22.25881195	47.42482376	18.95447731	-69.95111847	-85.41004944
-13.1121397	-150.739624	-116.77031709999999	-96.65508270000001	-64.61532593	-7.326768875	-72.97886658	-28.224199300000002	-95.23883057	11.01829243	6.135222435	74.31179809999999	41.96287537	-76.4334259	-34.40029907	68.50026703	-154.7793121	-60.06028366	-211.4228821	85.69485474	130.0947723	-21.27958679	-15.01522446	-23.47027588	-106.22997279999998	-75.16703033	-24.35934639	72.47692871
209.7624207	181.64602659999997	81.78160858	111.5761871	9.72435379	54.94258499	28.92917061	-53.23045731	-5.88527298	79.53630066	56.62776947	123.9107971	44.20748138	12.20069408	168.1358643	165.93019099999998	-129.39331049999998	169.6169128	103.70392609999999	72.72233582	86.31209564	38.675457	71.92282104	17.07176018	138.5426788	64.23688507	84.69761658	-19.92243004
78.45130920000001	137.5996399	-76.77980042	-41.48427963	29.92811966	-6.484152317	71.24966431	160.6375885	-53.54519272	-52.19263839999999	127.859848	194.82156369999998	1.086795688	-49.25627518	12.03407764	169.64668269999999	-177.49217219999997	-60.79090881	165.6932068	70.54885864	92.00999451	160.03659059999998	-18.00802803	18.88426018	28.88289452	2.28839159	-29.67755699	-71.59910583
126.78807830000001	73.78463745	148.8400116	96.65349579	-47.30528259	-3.1452147960000003	13.83049011	10.16144466	-22.22533035	94.21855164	169.2045746	145.68757630000002	-31.64365959	4.865310668999999	8.171277046	160.453598	-169.4365082	105.52159879999999	128.8537903	-40.80618286	179.9916992	290.7146912	-2.210104942	53.92849350000001	103.04098509999999	91.32846832	-35.45952225	11.88095093
187.7555237	187.5439606	45.91910934	64.45795441	-3.461357355	26.85372353	-14.03167534	-25.91179848	-11.05246639	80.80705261	232.88880919999997	281.6154785	-51.99446487	6.065532684	71.69519806	75.76812744	-117.785881	49.1046524	211.0507355	320.9105835	110.44628909999999	231.6950989	-108.6953354	-6.691691875	50.6810112	-8.324584961000001	-34.48335648	-46.60956573
-40.23796082	0.7938858270999999	-176.43168640000002	-86.56316376	-6.9003095629999995	-9.54524231	-100.1676407	-36.07413864	-47.95642471	-43.5643425	36.74049377	26.23318863	-43.06016159	-56.02354431	-4.191179276000001	57.88075256	-33.21861649	-60.93764114	-85.10892487	-99.77996063	-41.32183075	22.606494899999998	-26.61853027	4.2027144430000005	10.52020741	-2.325048208	-75.32978821	-130.4118195
139.92001340000002	109.18498989999999	152.7288666	150.4726868	37.86253738	59.54961777	16.81160736	22.343515399999998	-30.08435822	42.29066467	71.67191315	126.2948761	11.165491099999999	26.85694313	83.04538727	117.0653763	-155.246994	-7.78061676	78.84443665	237.0830688	45.45947647	6.374338627	-41.8168869	-13.55171394	63.87170029	45.10055161	-66.10401154	62.76891327
118.38380430000001	-66.45697784	75.26928711	60.55688095	-83.33491516	-60.27672577	-81.71875	26.77349854	-48.24008942	76.59106445	153.9877625	127.57666019999999	-6.65939045	-20.61561203	-30.30144882	149.23925780000002	12.80110359	58.05644226	-223.4134369	21.08682632	26.73359299	59.96687317	-1.7734076980000002	96.84999847	-33.0769577	-52.82406616	13.67196751	41.50796127
126.41374209999998	59.26428986	52.84838104	117.9271393	-38.699646	33.72782516	59.130451199999996	26.40894699	-52.46619797	31.80683899	65.07410431	173.76422119999998	25.57262993	5.696835995	67.21672821	90.92697906	89.52256012	13.48837566	117.6250229	187.74139399999999	103.0432434	50.92075348	-25.40938377	10.13372135	-9.593176842	3.2232341769999997	61.62485123	29.43595314
37.47991562	-16.36017036	9.828790665	-17.79768753	71.47046661	-37.73543167	-75.15267944	-24.03554344	46.40593338	19.09559631	107.7589645	59.43244934	-53.31209946	-36.0352211	-51.79755783	151.55432130000003	-167.008728	1.082018614	150.5582886	-81.3090744	91.40940094	129.04454040000002	-57.49486160000001	54.29057693	-21.03623772	-39.21621323	38.79291534	-28.16342545
-122.26327509999999	-71.89211273	18.49910164	22.08052444	-13.10978889	-28.40159798	27.08265305	17.35507202	13.233452800000002	60.48604202	197.5387878	143.0842896	-2.569941044	40.77456284	40.47951126	100.8974228	-173.4781494	117.20612340000002	31.95418549	-57.51634598	-182.27993769999998	94.77783203	50.41852951	95.4921875	8.549213409	38.55395508	-171.725296	-45.87881470000001
71.39565277	112.4865112	54.79772949	37.44972992	-52.31498718	84.92965698	-51.5013237	-119.64980320000001	14.69446278	102.0722733	80.62844086	181.72315980000002	25.79326057	42.73987579	1.9843189719999998	204.82250980000003	-89.71298981	-107.88553619999999	-27.75612068	81.6479187	-29.90001678	26.93860435	-73.47653961	13.51525307	16.27062607	19.79794693	-24.51536179	173.8466034
-25.86666107	-43.17193222	-68.18256378	-38.19354248	-4.60183239	-1.206186175	-23.68341637	-3.109066248	-50.43098068	9.598828316	67.81543732	79.95714569	-60.37251663	-36.41960526	38.51064301	221.0979767	-104.6943665	-84.67208099	32.26336288	-2.0495030880000003	110.24887079999999	-16.28712463	-128.7043152	-18.30484962	-24.50870323	-76.04881287	-65.18799591	15.4686451
19.93527985	-51.64480209	-5.879253387	11.92824364	-34.09405518	-4.152511597	-7.266907215	-21.82354927	-9.426818848	37.80876923	107.18059540000002	126.9736328	-4.753304005	-18.94343567	57.81237793	15.77765179	-81.22039795	-4.921108723	147.4249725	61.38904572	-54.86723328	16.90545845	-41.50120926	24.61262321	-25.91589165	3.149998903	-13.81612492	0.548720777
110.85165409999999	-6.0693058970000004	-31.81635094	-64.54528809	-12.26060963	-47.59616852	41.89564514	131.6198578	-3.38426733	53.87878036	69.82369232	120.9341812	-27.5382328	-34.29602814	15.72229576	15.49693108	-84.26730347	12.30485249	116.5411606	101.2767258	148.7871246	295.4185486	-3.513842583	0.7916023731	17.85048103	-10.70338345	6.952165127000001	-2.153557062
-55.79130936	-107.99589540000001	-105.9645462	-71.60853577	34.71089172	37.94241714	42.73658371	-44.17369843	-2.105266094	58.56084442	37.41915131	96.61894989	-66.01070404	-51.59418488	108.68756869999999	157.7411804	-64.67028809	-97.3863678	-120.17527009999999	103.0800629	-27.24948502	-17.73732948	-4.889185905	-49.028862	-9.266075134	-16.36872101	22.05399132	-81.18911743
93.01143646	42.77851868	265.95108030000006	26.00751877	125.1477737	57.84545517	5.579024315	-3.557808399	16.86791039	96.87409973	172.97319030000003	161.3960419	-15.09346771	11.61084175	77.15685272	187.2436371	127.0957413	208.4033966	134.0013733	-1.382685423	65.31300354	102.5407791	133.5330811	53.55799866	60.23786163	103.1352005	224.58882140000003	115.1553879
76.17205048	154.13412480000002	115.6400375	22.784805300000002	64.33716583	3.532948256	26.36213875	82.50566101	34.82832336	88.36851501	77.9684906	77.52024078	-22.07228851	-4.343679905	63.01246262	-15.14827442	7.316141129	-9.56025219	41.64531326	107.8212814	8.701052666	82.19303131	38.69609451	52.30038071	66.08042145	34.58039093	-0.2066497505	16.64783096
179.8111572	128.2422791	182.5569611	42.169487	45.49744797	-47.62403488	7.715047836	51.69264603	-12.37482452	66.41426849	28.7078228	96.46733093	-25.55820084	-7.686087132000001	37.00275803	43.28851318	84.32920837	181.18130490000001	44.81521225	382.2132568	22.85137177	216.16293330000002	74.14051819	70.05444336	-4.929708004	7.356556892	-48.62221527	60.65369034
184.54968259999998	149.7751007	-1.9084892269999998	24.92960548	-15.54922676	-31.61885262	21.78515625	192.8621368	31.89601707	5.1240510939999995	-59.42263412	-33.9852562	-99.14350891	34.75070572	30.49663544	57.85240173	-47.56352997	-42.780159000000005	-93.43428802	67.58279419	-9.210502625	127.19851680000001	15.24824333	-26.24508667	27.6592617	64.14846802	-7.38293314	0.6650897861
154.7169495	86.65153503	94.0141983	75.85507202	74.74465942	-2.264074326	-3.657655239	68.94637299	1.059076667	81.87451172	114.6888962	117.54702759999998	-7.180697918	-36.37461472	32.94696808	108.50584409999999	-81.43332672	3.209264517	-85.11683655	-65.85407257	86.97515106	32.06482697	-39.02583694	30.69919586	54.18857193	54.07263184	-44.60507584	-1.7086838480000002
55.85180664	36.27630997	58.51424408	-27.19486046	-22.48165321	-45.29702759	-37.14923477	-15.48394775	-3.0225520130000003	34.1948967	192.52445980000002	194.2677155	-45.16114807	-38.89347839	-4.221667767	50.71649551	-75.49509429999999	7.152875422999999	145.96560669999997	118.42074579999999	1.7346302269999998	64.03343201	19.18526268	49.40311432	9.463176727	23.81155014	16.13748932	8.531317711
85.06482697	-79.55141449	33.31785583	18.628686899999998	-57.53820419	-5.936461926000001	-33.16320419	-57.99276352	-14.28091526	63.07328796	-3.542090178	-10.12713242	-43.27265549	-3.07021451	77.89006805	124.053299	-127.577446	-114.4166412	-103.4419403	19.85819435	-82.34445190000001	-77.19615936	-43.84684372	-14.61177349	-14.98032665	-22.23907661	-64.0113678	-30.63271141
168.0663605	119.3610535	244.09889219999997	62.96507263	16.98750687	34.51504517	-2.851432323	94.56578827	28.14525604	44.34468079	95.76186371	122.25588229999998	10.4435854	9.929375647999999	76.97319031	44.17878723	-34.63625336	40.36801529	-38.04684067	168.9045105	-0.8209564090000001	93.02953339	25.110906600000003	43.03355789	-2.350495338	-2.629645586	38.28561783	-5.592143536
276.9861755	75.09487152	-37.19775772	68.36177063	18.23478508	-51.18005371	53.25979996	-2.3805537219999997	20.13934708	108.4001465	115.0382462	124.9650955	-7.650053501	-36.62835693	60.34565353	57.48753357	23.77421379	8.559894562	-38.30431366	171.4325409	99.49713135	98.40103149	-114.5764084	7.361741543	-17.49194908	6.768282413	-32.22951889	17.15961456
127.3258591	-161.49676509999998	41.46920776	4.699985027	-0.1429348439	32.416423800000004	8.13862133	11.13921642	14.28231907	40.54896545	33.4246254	123.90174099999999	-93.81278992	-10.04242039	67.93653107	24.18477631	-12.23786449	40.84439087	10.94855213	173.125946	85.19150543	69.11691284	55.96477127	38.97885513	-5.534478188	5.868141174	42.32590866	90.18252563
259.36477659999997	-15.94947815	141.94764709999998	136.0555267	80.29208374	-10.31270313	35.51135635	-54.38854599	21.50995827	88.53241729999999	77.92176819	95.26158905	-23.43449974	9.076580048	73.02017212	98.93347168	1.6723682880000001	118.57804109999998	76.71694946	156.2636414	34.97127533	155.78218080000002	-8.377013206	2.614891768	79.88581085	80.17425537	-38.24682999	74.97193146
175.4395294	-128.1034698	83.55592346	125.45132450000001	35.42589951	58.44141388	52.50489807	-4.973065376	56.60548019	27.41757774	173.97970580000003	165.254303	28.54220772	32.0081749	35.74693298	117.8129272	-77.36559296	-7.661728382000001	82.27954102	255.19223019999995	92.12653351	121.9686203	70.33444214	6.181964874	43.55413055	77.87187958	99.46302795	-5.874388217999999
51.8637352	28.21540451	-23.79600334	39.31507111	39.48168945	0.6362690329999999	-93.76754761	2.69802475	-20.03900337	7.621960163	108.69745640000001	145.5342407	-10.43529224	-8.35791111	43.8691864	19.77650452	12.25895786	49.68531036	154.269928	231.0779114	-57.59210587	99.99991608	61.09441376	37.31601334	20.07478714	48.22457123	-10.19283104	17.71307373
7.541118622000001	-123.579895	130.87677	17.93370056	-44.64419174	-23.61001015	-6.280014037999999	4.323692799	-0.281283021	0.37417459490000005	145.35495	108.5271301	-15.24334812	6.353976727	30.25423241	2.291184664	-35.60858536	185.00396730000003	41.00406647	155.57991030000002	0.15991573039999998	165.0568695	58.8415451	74.79345703	-17.4704628	12.58492756	20.79454803	46.68268967
43.4186554	14.38755322	32.24090576	53.18442917	-41.15772247	-48.98767853	-81.86051178	11.99699783	11.49674702	-13.45926094	39.2087822	66.52619171	-43.18385696	-0.3765557408	-32.95850372	-68.61283112	-42.51171494	41.79541779	-136.41755680000003	-71.39031982	-45.2873764	58.29330063	-29.85003662	-43.40504837	-56.19128799	-24.46836281	-60.94173813	-129.696991
-65.42993164	-28.51115227	-86.7831192	7.908780097999999	54.36106873	58.12250519	-18.654018399999998	52.98924637	-45.50297546	-17.53102303	88.01976013	118.56866459999999	-31.6417675	-32.0876503	-33.80895996	-98.88695526	-102.2925644	-98.71089935	-50.28029633	65.98842621	-11.55177975	46.23777008	-2.651798964	-22.50407791	-56.88188934	-79.26585388	-88.21133423	-171.2394714
153.79290769999997	-5.825529099	199.3336182	112.7944946	73.02507782	17.8277607	87.25344849	48.40445709	10.53752232	5.754568099999999	254.7081451	228.68588259999999	-12.64084911	-16.88578606	135.93109130000002	250.37670899999998	-33.35239792	255.0158691	90.06542206	222.8902893	40.59645462	331.121521	12.38248158	5.306375504	22.51164436	2.772841454	-10.19893456	97.06629944
53.71578598	-20.33183861	-78.78707886	2.878969669	1.060673356	-42.61027145	-55.46424103	-162.42442319999998	42.87900925	-4.641411304	146.0501709	172.10597230000002	-20.10379791	6.358469486000001	38.82807922	48.13182449	5.188211918	73.75676727	102.8248825	138.1312256	-30.90676498	-27.40770721	3.480273247	58.668579099999995	-11.02334976	-5.483702182999999	-120.47040559999999	-31.82525444
-13.64154339	37.16670609	-49.7641449	-38.13438797	-38.15169907	-40.08875275	1.006697536	-21.71589661	-10.34049606	-67.67373657	93.45983124	96.02087402	-25.37811279	6.655438423	-14.29497051	25.43503189	-104.0522995	-13.20303059	93.97850037	-17.24182892	35.65764999	62.61614609	-88.01998901	-35.00231934	-40.25798416	-38.26935196	-43.89458847	-32.71347046
102.4125977	-132.9239655	-6.62290144	70.996315	-116.8846588	68.05531311	-57.59334183	-74.64732361	67.37316895	9.601615906000001	140.68624880000002	173.40800480000001	25.86111069	-7.524878025	72.44490051	55.24816895	-10.78898716	11.36710644	153.02862549999998	83.08775329999999	-57.75714874	-9.522420882999999	9.93674469	44.26464844	35.1951828	-31.11266327	-52.97021866	-29.11527252
10.42525101	-33.37805176	51.61240768	-80.46379089	-27.15167236	33.78377914	-48.6831665	-27.97556686	47.04678345	39.31404495	192.7921295	174.9238892	-29.23156548	2.554432631	75.13463593	-1.3891345259999999	-84.25891876	78.12222290000001	28.67048264	326.2704773	-148.27157590000002	-46.63572311	9.315711021	-2.271914721	-3.931317806	57.43413544	-47.06442261	15.74102497
5.342499256	-6.500657082000001	13.21116638	23.00040245	-88.50971222	-43.65907288	-18.09728241	-5.53254652	16.48588562	-1.852925062	149.36495969999999	82.70241547	-40.24344635	24.47884178	6.3331851960000005	-104.92765049999998	-33.44242477	137.2167969	4.391634464	-80.76509857	-135.52851869999998	10.50377846	42.50302124	59.47040558	-50.93999481	50.375103	-176.1629486	-45.08943176
80.15958405	35.05986023	17.0848732	-20.01195717	1.9137091640000001	38.24560928	-9.541264534	-51.8911705	36.54085541	33.82035828	75.71742249	162.7850494	4.924513817	-0.922514081	149.85043330000002	153.60171509999998	-21.07901955	120.43590549999999	-141.74960330000002	-65.10145569	-4.867085457	69.70779419	-18.19443893	71.11690521	53.95454407	44.25098419	-44.90029144	94.06965637
29.44228745	4.115972519	-41.54734802	38.05382919	24.38773346	-13.83377934	21.48229599	-6.402737141	19.473188399999998	18.08743858	84.54965209999999	83.1827774	-23.75607109	13.938278200000001	11.67703152	-117.02116389999999	27.34176254	45.86460495	-3.035200834	15.92845631	7.905257225	93.98195648	-38.85481262	44.10670471	18.65297318	-10.21052456	-115.53860470000001	-68.73459625
125.2359238	-28.57020187	56.39668655	-5.929289817999999	-6.81965971	48.46519089	20.70929909	-39.50336838	30.767364500000003	40.96195984	190.1255493	220.8019714	66.30554199	-5.003960609	57.07035828	73.77764893	-13.779691699999999	6.315057277999999	184.2947693	166.24737549999998	-104.990921	19.34647179	2.437915802	84.51914215	41.16508865	1.060698748	-113.381897	5.076134205
97.39199829	132.30715940000002	-90.34257507	-20.14426041	-27.42150307	-1.549505234	52.78787231	14.96290874	-12.02575397	30.26535034	108.22016909999999	138.3008575	-22.7121582	-45.89625549	-6.286039829	98.07682037	-1.058047891	47.86334229	104.3316574	233.43905640000003	60.73225784	85.80465698	-65.21584320000001	3.8346910480000003	19.03060913	10.21419048	-37.27270126	-39.71519089
-19.84833336	-114.72995759999999	-0.09343705326	-5.800635337999999	-55.97977066	-102.7095108	-105.7264862	-66.53197479	-30.55267525	-11.72541904	72.35817719	122.10417179999999	-55.94339371	4.782428741	-68.08720398	-98.38250732	-25.15467262	-31.62135696	-77.89730072	158.9300995	-140.3536835	-51.73423386	23.97644234	31.42645645	-6.02981472	-96.92089081	-118.22853090000001	-25.26543045
-84.16193390000001	-149.83570859999998	-40.11615372	-18.73574066	-33.21250534	9.472977638	-95.25604248	-150.5050201	-96.62076569	-117.56516270000002	138.3491974	102.3964233	2.510695934	-32.3376503	-152.3871002	-87.45907593	-113.57725520000001	-51.70861435	-233.75868230000003	28.12805939	-27.86551476	1.014004946	-104.95716090000002	-20.13584328	-76.76139069	-46.33433914	-55.28201294	-235.0199127
91.22383118	11.49863243	-184.4503632	-128.9770813	-69.63095093	6.907271862000001	-55.95373917	7.645483494	-57.95526886	37.28401947	96.31809235	163.2736053	1.996335864	-41.98199844	-61.7483139	47.97367477	-70.91777039	-36.48195648	-261.5265198	-162.7835693	10.17924595	-50.65037155	22.38360405	-51.64840698	-39.57160187	-37.7534523	-28.38819504	-50.36932373
11.923392300000001	-86.83171082	-24.01415443	36.64167023	-34.87266159	-82.59156036	-79.40510559	-80.57990265	-61.42612839	-63.93186569	-119.7037506	-113.0803604	-37.82528305	-32.89929581	-36.20681763	-76.42298889	-84.15672302	-74.3848877	-187.6707001	-138.293869	-50.12607193	-14.55229092	6.0871095660000005	-13.08255672	3.063873768	-60.50854874	-50.44797897	-43.98475647
60.13348007	-4.323528767	-76.78090668	-124.2207108	0.9247230887000001	39.54579544	-29.17904663	-56.36445236	-86.14717865	-43.48715973	73.43496704	114.6742172	51.25538635	26.29630852	61.58104324	184.5620117	-58.27479553	-33.60054398	-239.46508790000001	10.68611526	46.97521591	23.081577300000003	-34.1857605	52.93652344	3.39767909	-11.05433083	-30.86250114	-98.56881714
3.4284226889999996	58.04462051	-22.49899483	-22.1296196	9.369253159	21.27578926	-3.8470017910000003	-13.17055225	4.4238038060000004	33.90934753	131.04422	165.5791931	4.2662644389999995	-15.54401588	3.2145519260000004	131.7119293	-1.55986774	94.84942627	-76.20239258	13.77919197	106.7903519	180.1545715	-13.76309204	6.314371586	29.41821861	34.88913727	9.272965431	30.23786926
52.42350769	127.9651108	-200.6208649	-110.91564939999999	-51.78280258	-64.23195648	-76.51530457	19.55640984	-47.7413063	-36.38719559	-174.8382111	-102.02086640000002	-3.575994015	-15.20105362	38.58028793	-74.3102417	-67.79404449	-61.45779037	-103.2899704	129.7162933	-48.13377379999999	-80.10652924	-162.5997162	-45.24501419	6.838131428	-7.662209988	-70.20765686	-40.11849976
120.02456670000001	105.8976669	34.40556717	13.30095482	12.1829977	59.30913162	51.478302	-48.66626358	-6.189857006	-21.09121704	157.6455231	136.9154968	3.480077744	-16.13707924	-46.41794968	0.732640326	11.62619972	-17.59421349	-37.82243729	90.22621155	-95.2647171	-48.40394974	-7.101418972	22.25881195	47.42482376	18.95447731	-69.95111847	-85.41004944
8.564837456000001	-116.90294650000001	-75.79506683	-21.51776314	1.142175198	-63.00419617	-51.8294487	-60.52983093	-29.44444466	-35.78952026	16.24150848	-37.81342316	-16.86903	-5.638845443999999	8.807047844	-95.68832397	-36.21582794	30.55122757	114.78297420000001	-5.020442009	-37.81348801	3.7174191469999998	0.3758206964	48.21837616	5.823213099999999	-2.247632742	-71.56478882	-13.36660576
129.2903137	40.7239151	-31.87969398	23.54286575	-72.39189148	55.4329071	22.69217682	74.28709412	-10.0121212	28.75543976	267.7640076	180.43795780000002	14.91491604	7.519529819	25.59866333	183.4332886	98.772789	58.37597275	-104.5328064	161.85609440000002	19.40127182	77.65945435	40.92879105	41.07723618	7.666204453	60.81637192	-47.7708931	47.53158951
12.38355541	-43.49322891	-149.0926514	-38.86411667	-51.8584404	-35.42860413	-165.031662	-272.0979614	-94.22242737	-46.39745331	244.5121155	202.220047	-22.02946091	0.45240587	53.57421494	219.06021119999997	-86.01379395	-141.4179382	-8.183964729	2.580476761	-31.98284912	-88.88291168	-6.573900223	22.647035600000002	4.1414694789999995	19.43975258	-194.0274353	-169.7525787
209.7624207	181.64602659999997	81.78160858	111.5761871	9.72435379	54.94258499	28.92917061	-53.23045731	-5.88527298	79.53630066	56.62776947	123.9107971	44.20748138	12.20069408	168.1358643	165.93019099999998	-129.39331049999998	169.6169128	103.70392609999999	72.72233582	86.31209564	38.675457	71.92282104	17.07176018	138.5426788	64.23688507	84.69761658	-19.92243004
78.45130920000001	137.5996399	-76.77980042	-41.48427963	29.92811966	-6.484152317	71.24966431	160.6375885	-53.54519272	-52.19263839999999	127.859848	194.82156369999998	1.086795688	-49.25627518	12.03407764	169.64668269999999	-177.49217219999997	-60.79090881	165.6932068	70.54885864	92.00999451	160.03659059999998	-18.00802803	18.88426018	28.88289452	2.28839159	-29.67755699	-71.59910583
57.80280685	-7.71480608	5.836040497000001	98.74723816	56.24983597	-12.6298933	51.67333984	45.42848206	45.79305649	53.35548019	153.9704895	227.65980530000002	-29.26334763	-52.74514008	45.05325699	160.08956909999998	-20.26308632	30.87760925	216.318924	295.3847046	49.74501419	120.6803284	-9.615592003	63.45374298	9.193889618	-4.768765926	82.80874634	86.70344543
187.7555237	187.5439606	45.91910934	64.45795441	-3.461357355	26.85372353	-14.03167534	-25.91179848	-11.05246639	80.80705261	232.88880919999997	281.6154785	-51.99446487	6.065532684	71.69519806	75.76812744	-117.785881	49.1046524	211.0507355	320.9105835	110.44628909999999	231.6950989	-108.6953354	-6.691691875	50.6810112	-8.324584961000001	-34.48335648	-46.60956573
-40.23796082	0.7938858270999999	-176.43168640000002	-86.56316376	-6.9003095629999995	-9.54524231	-100.1676407	-36.07413864	-47.95642471	-43.5643425	36.74049377	26.23318863	-43.06016159	-56.02354431	-4.191179276000001	57.88075256	-33.21861649	-60.93764114	-85.10892487	-99.77996063	-41.32183075	22.606494899999998	-26.61853027	4.2027144430000005	10.52020741	-2.325048208	-75.32978821	-130.4118195
139.92001340000002	109.18498989999999	152.7288666	150.4726868	37.86253738	59.54961777	16.81160736	22.343515399999998	-30.08435822	42.29066467	71.67191315	126.2948761	11.165491099999999	26.85694313	83.04538727	117.0653763	-155.246994	-7.78061676	78.84443665	237.0830688	45.45947647	6.374338627	-41.8168869	-13.55171394	63.87170029	45.10055161	-66.10401154	62.76891327
118.38380430000001	-66.45697784	75.26928711	60.55688095	-83.33491516	-60.27672577	-81.71875	26.77349854	-48.24008942	76.59106445	153.9877625	127.57666019999999	-6.65939045	-20.61561203	-30.30144882	149.23925780000002	12.80110359	58.05644226	-223.4134369	21.08682632	26.73359299	59.96687317	-1.7734076980000002	96.84999847	-33.0769577	-52.82406616	13.67196751	41.50796127
-2.373726606	-2.724271059	-157.3654175	-128.655365	-17.40618515	-30.22466278	-114.00465390000001	-60.24394226	-108.84111019999999	-80.25965118	138.71543880000002	70.11669159	-38.65563202	-91.68421936	-53.39859772	114.6551971	-102.71435550000001	21.79824829	-111.345665	-160.6644897	247.25450130000002	69.10619354	-36.48402023	2.212530851	-65.00533295	-107.68635559999998	40.97062302	-68.81343842
113.4881058	22.24437714	107.6539307	163.54454040000002	109.37506869999999	72.76642609	41.3350563	-53.23981857	56.66767120000001	81.77815247	139.1863403	205.1343231	13.24123001	-22.543552399999996	66.01828766	53.07196426	-6.821356773	97.29290009	206.6448669	299.6075439	72.95343781	81.69852448	-11.29382038	64.42410278	64.33532715	47.57883072	118.90316010000001	-3.0817649360000003
-25.86666107	-43.17193222	-68.18256378	-38.19354248	-4.60183239	-1.206186175	-23.68341637	-3.109066248	-50.43098068	9.598828316	67.81543732	79.95714569	-60.37251663	-36.41960526	38.51064301	221.0979767	-104.6943665	-84.67208099	32.26336288	-2.0495030880000003	110.24887079999999	-16.28712463	-128.7043152	-18.30484962	-24.50870323	-76.04881287	-65.18799591	15.4686451
112.6004105	112.03965759999998	-39.96022415	138.3979492	-41.15390396	52.90329742	6.324899197000001	21.20135689	1.252987504	36.95408629999999	223.9180756	222.07324219999998	-27.93187332	20.72520447	-12.35095596	100.7573395	-20.23376465	-28.26835442	28.75963402	181.1448669	-23.63786125	116.1671982	-96.53598785	9.448890686	42.65089798	41.48139191	1.989377856	45.13198471
49.22325516	103.4430313	77.64892578	81.1374588	11.83106804	4.554192543	30.77094841	25.03329659	-6.884320259	67.2228775	24.20722198	80.02068329	-23.90093803	-34.64958954	56.03296661	65.03983307	44.14508438	51.84569168	148.27645869999998	191.53977969999997	30.22070312	180.9108429	7.038061619	27.12745094	68.45309448	-1.290001631	1.6045757530000002	-21.14746475
14.20768452	40.50137711	-125.6347656	-61.3116188	-120.1127396	46.62237929999999	-27.76198769	-20.30242729	-27.69818306	39.13578415	141.9776611	175.8061829	-2.580874205	23.55242729	-107.32763670000001	37.47467804	-119.6925125	-134.04655459999998	-39.33225632	33.15477753	4.8697371480000005	139.9903717	-68.78153992	11.02938366	-8.738614082	-6.761590957999999	-158.3328247	-7.748289585
110.85165409999999	-6.0693058970000004	-31.81635094	-64.54528809	-12.26060963	-47.59616852	41.89564514	131.6198578	-3.38426733	53.87878036	69.82369232	120.9341812	-27.5382328	-34.29602814	15.72229576	15.49693108	-84.26730347	12.30485249	116.5411606	101.2767258	148.7871246	295.4185486	-3.513842583	0.7916023731	17.85048103	-10.70338345	6.952165127000001	-2.153557062
-55.79130936	-107.99589540000001	-105.9645462	-71.60853577	34.71089172	37.94241714	42.73658371	-44.17369843	-2.105266094	58.56084442	37.41915131	96.61894989	-66.01070404	-51.59418488	108.68756869999999	157.7411804	-64.67028809	-97.3863678	-120.17527009999999	103.0800629	-27.24948502	-17.73732948	-4.889185905	-49.028862	-9.266075134	-16.36872101	22.05399132	-81.18911743
93.01143646	42.77851868	265.95108030000006	26.00751877	125.1477737	57.84545517	5.579024315	-3.557808399	16.86791039	96.87409973	172.97319030000003	161.3960419	-15.09346771	11.61084175	77.15685272	187.2436371	127.0957413	208.4033966	134.0013733	-1.382685423	65.31300354	102.5407791	133.5330811	53.55799866	60.23786163	103.1352005	224.58882140000003	115.1553879
0.282317698	-129.0873871	-188.080719	-229.7272186	-2.961855173	-20.24949265	-16.51305199	1.64810884	-15.61445904	-10.49048901	3.212394476	56.68890762	-14.50365543	-10.01890373	76.23632049999999	-94.88471985	-31.99264336	2.779409885	-163.59863280000002	69.1151123	-113.99735259999999	-90.94324493	26.49320412	47.80384827	-33.98931122	-73.40806579999999	-129.489624	-32.10683441
167.8255615	-2.221175432	11.368225099999998	-59.0616951	-1.586360812	-67.63781738	-1.8445003030000002	-46.61188889	-7.540537833999999	17.79957771	-73.13935089	-32.38524246	-104.86270900000001	-13.63514233	21.86049843	-8.35222435	15.38327026	-6.089540958	-93.83932495	-113.4151611	-30.81467438	-66.45987701	33.97018433	-33.95389557	57.92937469	20.98883629	-192.40362549999998	-52.99887085
132.9116974	-29.68312263	-45.64737701	-6.793460846	45.43232346	-52.59449768	69.3241272	74.44647217	46.97241211	45.71250916	-31.93988609	-3.990204573	-52.77278137	-38.68902588	35.90834808	33.69641876	-24.24401855	53.58657455	-2.424636841	189.133194	154.37844850000002	130.1930695	-40.06971359	-0.354794383	1.6579409840000001	52.32175446	202.60041809999998	19.55129814
312.9248962	52.84474945	157.8753357	43.3491478	71.87285614	84.41940308	69.79743195	32.48864365	-2.0648720259999997	133.3578949	122.7931213	111.8627396	17.19801903	7.95745945	49.47169113	59.92741394	17.029121399999998	82.35829926	106.68906399999999	95.27693939	206.3564148	215.4520264	27.61938858	50.88959885	92.09129333	41.52210236	-83.69195557	55.11605453
111.5610733	-74.58382416	52.67596054	78.49425507	81.87182617	32.46716309	-66.10464478	-24.96178818	55.12394714	100.06192779999999	132.6577606	214.7701874	-23.45406723	-15.17638302	92.62797546	144.1539612	-64.05091858	-7.987581252999999	61.56070328	208.08644099999998	-76.79013824	162.5130463	6.508548737000001	6.272093296	41.59878922	37.90685654	88.39403534	120.53971100000001
168.0663605	119.3610535	244.09889219999997	62.96507263	16.98750687	34.51504517	-2.851432323	94.56578827	28.14525604	44.34468079	95.76186371	122.25588229999998	10.4435854	9.929375647999999	76.97319031	44.17878723	-34.63625336	40.36801529	-38.04684067	168.9045105	-0.8209564090000001	93.02953339	25.110906600000003	43.03355789	-2.350495338	-2.629645586	38.28561783	-5.592143536
276.9861755	75.09487152	-37.19775772	68.36177063	18.23478508	-51.18005371	53.25979996	-2.3805537219999997	20.13934708	108.4001465	115.0382462	124.9650955	-7.650053501	-36.62835693	60.34565353	57.48753357	23.77421379	8.559894562	-38.30431366	171.4325409	99.49713135	98.40103149	-114.5764084	7.361741543	-17.49194908	6.768282413	-32.22951889	17.15961456
-12.11826992	142.46118159999997	-49.70191193	-49.04768372	26.44860649	-54.4318161	-13.62159348	71.69405365	-62.70112991	-75.00730133	-63.99557114	14.41447735	-121.9763489	-17.41157913	46.52201462	-40.98446274	8.272899628	4.9261827469999995	-141.6283417	21.89452934	-128.9473419	-0.534312427	1.757213712	17.30602646	-90.99278259	-35.14826202	13.55047894	-36.26563263
175.4395294	-128.1034698	83.55592346	125.45132450000001	35.42589951	58.44141388	52.50489807	-4.973065376	56.60548019	27.41757774	173.97970580000003	165.254303	28.54220772	32.0081749	35.74693298	117.8129272	-77.36559296	-7.661728382000001	82.27954102	255.19223019999995	92.12653351	121.9686203	70.33444214	6.181964874	43.55413055	77.87187958	99.46302795	-5.874388217999999
51.8637352	28.21540451	-23.79600334	39.31507111	39.48168945	0.6362690329999999	-93.76754761	2.69802475	-20.03900337	7.621960163	108.69745640000001	145.5342407	-10.43529224	-8.35791111	43.8691864	19.77650452	12.25895786	49.68531036	154.269928	231.0779114	-57.59210587	99.99991608	61.09441376	37.31601334	20.07478714	48.22457123	-10.19283104	17.71307373
7.541118622000001	-123.579895	130.87677	17.93370056	-44.64419174	-23.61001015	-6.280014037999999	4.323692799	-0.281283021	0.37417459490000005	145.35495	108.5271301	-15.24334812	6.353976727	30.25423241	2.291184664	-35.60858536	185.00396730000003	41.00406647	155.57991030000002	0.15991573039999998	165.0568695	58.8415451	74.79345703	-17.4704628	12.58492756	20.79454803	46.68268967
23.00839615	5.888473987999999	5.749062061	75.32209015	20.48668861	-36.73714447	22.9277668	8.095129967	13.28569412	16.25226784	76.86049652	80.73979187	-32.00180435	20.13183022	78.03652191	55.08892822	-44.91625595	0.8050188422	22.83206558	-21.571064	-32.292930600000005	78.27230072	-4.188594818	61.19223022	30.92404747	10.56209087	-51.92454147	-3.317922592
53.19202423	-72.02798462	141.019165	78.93940735	-68.67684937	20.44809723	6.37391901	6.937019825	32.6955452	73.89821625	219.35429380000002	202.2610626	36.1814003	13.35421944	1.9801934959999998	87.53514099	-7.883842945	91.87750244	147.4003906	60.87163162	7.107480526	107.43006129999999	15.866187099999998	-28.79470253	72.98267365	25.80444908	-114.6686172	-15.66903496
-27.09051895	-68.57609558	0.2221412361	17.21718597	-27.06880951	-39.90544891	-122.30638119999999	12.88370132	-14.70093441	52.35515213	134.27088930000002	147.3617249	-10.669746400000001	14.37600231	27.91215706	-25.358881	-60.58132935	-75.47354126	56.66994858	203.90609740000002	-100.742012	-303.07104489999995	45.88259506	34.36780167	28.66005325	-12.44479847	-42.2154541	-18.33440018
136.7621918	-48.93922043	28.23383904	39.92532349	29.25365448	-4.069952488	-20.00217247	32.06172943	8.536437988	15.77213287	110.1054535	97.85609436	-34.16805267	9.862845421	18.58519936	-62.01268387	-109.50769040000002	58.33262253	214.1133881	113.55341340000001	93.80410767	161.2056885	11.61098194	56.69372559	25.08198357	4.091858387	-117.25028229999998	-33.87295914
38.17710876	56.90106964	-35.38264465	160.178009	89.56760406	33.7484169	38.13687515	3.491134882	6.501019955	79.66410065	86.8587265	169.8548279	-16.69389343	10.68352604	12.06729603	109.24078370000001	-122.81887820000001	40.89289474	-281.3650208	-93.23842621	221.4500122	372.4070129	-117.86260220000001	-87.37746429	-2.1119883059999998	27.50062561	-8.486231803999999	-4.593846798
10.42525101	-33.37805176	51.61240768	-80.46379089	-27.15167236	33.78377914	-48.6831665	-27.97556686	47.04678345	39.31404495	192.7921295	174.9238892	-29.23156548	2.554432631	75.13463593	-1.3891345259999999	-84.25891876	78.12222290000001	28.67048264	326.2704773	-148.27157590000002	-46.63572311	9.315711021	-2.271914721	-3.931317806	57.43413544	-47.06442261	15.74102497
5.342499256	-6.500657082000001	13.21116638	23.00040245	-88.50971222	-43.65907288	-18.09728241	-5.53254652	16.48588562	-1.852925062	149.36495969999999	82.70241547	-40.24344635	24.47884178	6.3331851960000005	-104.92765049999998	-33.44242477	137.2167969	4.391634464	-80.76509857	-135.52851869999998	10.50377846	42.50302124	59.47040558	-50.93999481	50.375103	-176.1629486	-45.08943176
59.09880829	-9.03862381	156.11340330000002	111.6385269	-12.00222206	2.4258048530000003	-29.9952774	17.247509	14.57365036	32.63538361	182.42944340000003	174.131897	-14.00679111	-5.622399807000001	-10.50380516	-18.515781399999998	-6.14053297	72.31087494	137.42890930000002	60.90504456	46.165905	103.8826218	32.47076797	72.74869537	7.9651184079999995	29.66310692	40.26924133	-18.35460091
125.2359238	-28.57020187	56.39668655	-5.929289817999999	-6.81965971	48.46519089	20.70929909	-39.50336838	30.767364500000003	40.96195984	190.1255493	220.8019714	66.30554199	-5.003960609	57.07035828	73.77764893	-13.779691699999999	6.315057277999999	184.2947693	166.24737549999998	-104.990921	19.34647179	2.437915802	84.51914215	41.16508865	1.060698748	-113.381897	5.076134205
97.39199829	132.30715940000002	-90.34257507	-20.14426041	-27.42150307	-1.549505234	52.78787231	14.96290874	-12.02575397	30.26535034	108.22016909999999	138.3008575	-22.7121582	-45.89625549	-6.286039829	98.07682037	-1.058047891	47.86334229	104.3316574	233.43905640000003	60.73225784	85.80465698	-65.21584320000001	3.8346910480000003	19.03060913	10.21419048	-37.27270126	-39.71519089
-19.84833336	-114.72995759999999	-0.09343705326	-5.800635337999999	-55.97977066	-102.7095108	-105.7264862	-66.53197479	-30.55267525	-11.72541904	72.35817719	122.10417179999999	-55.94339371	4.782428741	-68.08720398	-98.38250732	-25.15467262	-31.62135696	-77.89730072	158.9300995	-140.3536835	-51.73423386	23.97644234	31.42645645	-6.02981472	-96.92089081	-118.22853090000001	-25.26543045
-9.516561507999999	-112.7029953	-17.21067238	-21.23779106	-87.08460236	-2.261578321	-72.95842743	-44.00717545	-35.51086807	53.24864197	68.68057251	88.52829742	-8.724657059	-23.97626686	104.6088638	38.47184372	-28.88075447	-92.54953766	-245.8585358	-2.52375102	-19.49830437	-60.7882309	-22.45078468	-1.107259035	20.16524887	7.111375332000001	5.844534874	79.34372711
-13.21290398	-223.04057310000002	-110.19008640000001	-28.12468147	-73.70816803	-17.40713501	-32.14437103	-104.179985	9.744413376	-1.8530303240000001	37.68619156	30.05361176	34.87036514	-30.93764687	-70.49624634	-170.4718475	-19.21546936	-97.24059296	-143.05328369999998	112.99304199999999	-148.6598969	-79.20152283	44.33316803	3.09548831	18.22814178	12.05542278	-49.12792587	-101.7859802
106.8922577	88.50105286	-61.2000351	23.18949318	-154.33421330000002	-27.51851082	5.448456287000001	0.7680986524	-6.045126915	-15.25317383	47.49704742	27.75852203	-35.57230377	-59.45497894	-3.1657149789999997	2.498001575	-81.06009674	-147.140274	-53.6462326	125.1285553	-34.5810318	-93.01757812	-26.81744766	-5.338973998999999	-43.44966507	-30.675743100000005	-85.99543762	-7.296179771
48.27105713	3.653776407	-32.69176865	-38.9216156	-48.20878601	47.3079834	43.93013763	64.00966644	46.03425598	43.54027939	196.8191071	186.89059450000002	-28.88880539	11.37326145	-58.81402206	77.5065918	-6.07341814	94.04320526	-98.29285431	10.89333153	5.844441413999999	-13.00988007	6.177830696	13.690756799999999	30.94540024	14.6258049	-111.9954453	-44.66173935
7.744029522000001	-119.65115359999999	131.1680298	81.07669067	13.66727924	53.26977921	59.99173737	25.11410332	-8.208968163	35.38287735	150.362915	164.8925323	22.01940346	-13.40319252	-41.46990585	63.14802170000001	24.623312	64.33709717	-0.09300641716	21.88913155	33.92589951	108.95004270000001	14.16278362	30.52092552	-33.42708588	17.24682808	56.43088149999999	30.73055649
120.02456670000001	105.8976669	34.40556717	13.30095482	12.1829977	59.30913162	51.478302	-48.66626358	-6.189857006	-21.09121704	157.6455231	136.9154968	3.480077744	-16.13707924	-46.41794968	0.732640326	11.62619972	-17.59421349	-37.82243729	90.22621155	-95.2647171	-48.40394974	-7.101418972	22.25881195	47.42482376	18.95447731	-69.95111847	-85.41004944
8.564837456000001	-116.90294650000001	-75.79506683	-21.51776314	1.142175198	-63.00419617	-51.8294487	-60.52983093	-29.44444466	-35.78952026	16.24150848	-37.81342316	-16.86903	-5.638845443999999	8.807047844	-95.68832397	-36.21582794	30.55122757	114.78297420000001	-5.020442009	-37.81348801	3.7174191469999998	0.3758206964	48.21837616	5.823213099999999	-2.247632742	-71.56478882	-13.36660576
-79.43296051	-93.61620331	-22.05575371	-28.495067600000002	-88.38985443	-6.262120247	10.41197777	-88.82294464	-62.59695053	-117.95372009999998	42.26779938	125.3382263	-59.91306305	-107.60170749999999	-187.00967409999998	-88.82491302	-232.29467769999997	-90.32250214	-210.23493959999996	-56.92849350000001	30.61130333	-193.9414062	-75.0549469	-48.73485947	-77.41944122	-114.5379639	-115.3270645	-110.06159209999998
209.7624207	181.64602659999997	81.78160858	111.5761871	9.72435379	54.94258499	28.92917061	-53.23045731	-5.88527298	79.53630066	56.62776947	123.9107971	44.20748138	12.20069408	168.1358643	165.93019099999998	-129.39331049999998	169.6169128	103.70392609999999	72.72233582	86.31209564	38.675457	71.92282104	17.07176018	138.5426788	64.23688507	84.69761658	-19.92243004
78.45130920000001	137.5996399	-76.77980042	-41.48427963	29.92811966	-6.484152317	71.24966431	160.6375885	-53.54519272	-52.19263839999999	127.859848	194.82156369999998	1.086795688	-49.25627518	12.03407764	169.64668269999999	-177.49217219999997	-60.79090881	165.6932068	70.54885864	92.00999451	160.03659059999998	-18.00802803	18.88426018	28.88289452	2.28839159	-29.67755699	-71.59910583
57.80280685	-7.71480608	5.836040497000001	98.74723816	56.24983597	-12.6298933	51.67333984	45.42848206	45.79305649	53.35548019	153.9704895	227.65980530000002	-29.26334763	-52.74514008	45.05325699	160.08956909999998	-20.26308632	30.87760925	216.318924	295.3847046	49.74501419	120.6803284	-9.615592003	63.45374298	9.193889618	-4.768765926	82.80874634	86.70344543
145.01144409999998	86.6678772	227.23213199999998	175.2788849	91.75530243	61.73017502	116.3321304	74.29538727	88.04881287	100.1558304	117.94014740000001	107.15722659999999	39.54514313	80.52544403	8.88147068	73.73004913	47.48980713	138.232666	490.70739749999996	74.11106109999999	63.3391304	147.33140559999998	50.38201904	48.748027799999996	109.76211550000001	121.5367966	-0.21927453579999998	119.1710892
37.47991562	-16.36017036	9.828790665	-17.79768753	71.47046661	-37.73543167	-75.15267944	-24.03554344	46.40593338	19.09559631	107.7589645	59.43244934	-53.31209946	-36.0352211	-51.79755783	151.55432130000003	-167.008728	1.082018614	150.5582886	-81.3090744	91.40940094	129.04454040000002	-57.49486160000001	54.29057693	-21.03623772	-39.21621323	38.79291534	-28.16342545
71.39565277	112.4865112	54.79772949	37.44972992	-52.31498718	84.92965698	-51.5013237	-119.64980320000001	14.69446278	102.0722733	80.62844086	181.72315980000002	25.79326057	42.73987579	1.9843189719999998	204.82250980000003	-89.71298981	-107.88553619999999	-27.75612068	81.6479187	-29.90001678	26.93860435	-73.47653961	13.51525307	16.27062607	19.79794693	-24.51536179	173.8466034
57.32928085	92.69458008	70.57987213	-7.769134045	34.16906357	144.8368073	-34.27944946	45.75136566	11.52737141	86.45559692	205.418335	201.23191830000002	13.67340088	13.75837994	-21.378295899999998	86.45304871	-12.76544094	61.7493515	187.1401825	174.0176544	13.11652088	172.1851959	40.78069687	66.60263062	23.56797409	66.52100372	-76.23264313	-50.64354706
74.41886139	-95.48209381	71.28905487	-24.64265251	-3.737585068	13.06478882	-74.49903107	-128.3267059	-58.30519867	56.34333801	191.6677399	151.2428894	-27.86291122	2.403766632	-9.092299461	64.28547668	-40.99573517	94.56393433	96.11534119	99.3793335	-20.63837242	67.09042358	30.48305321	46.59593582	-17.91298676	30.97342873	39.48410034	-33.19515991
-25.86666107	-43.17193222	-68.18256378	-38.19354248	-4.60183239	-1.206186175	-23.68341637	-3.109066248	-50.43098068	9.598828316	67.81543732	79.95714569	-60.37251663	-36.41960526	38.51064301	221.0979767	-104.6943665	-84.67208099	32.26336288	-2.0495030880000003	110.24887079999999	-16.28712463	-128.7043152	-18.30484962	-24.50870323	-76.04881287	-65.18799591	15.4686451
112.6004105	112.03965759999998	-39.96022415	138.3979492	-41.15390396	52.90329742	6.324899197000001	21.20135689	1.252987504	36.95408629999999	223.9180756	222.07324219999998	-27.93187332	20.72520447	-12.35095596	100.7573395	-20.23376465	-28.26835442	28.75963402	181.1448669	-23.63786125	116.1671982	-96.53598785	9.448890686	42.65089798	41.48139191	1.989377856	45.13198471
133.15414429999998	87.93866729999999	12.09267139	-31.52063179	-2.7969484330000003	68.51224518	-27.22834206	11.02375221	-61.49848175	-17.18368912	133.791214	175.4671631	35.96738052	10.36837482	13.62547874	167.00735469999998	-41.18506622	-54.22423935	106.9603119	258.99035640000005	47.89250946	-44.06911469	-77.71705627	-71.75083923	-40.79381179999999	-34.85818863	12.74307251	46.05049515
