-53.52643204	141.6950378	-137.903244	-113.3816528	-65.94460297	-180.993988	-117.98715209999999	195.42195130000002	-64.15921021	-208.9159088	1.142872453	-20.81610489	20.93509293	-57.96070862	-142.82524109999997	-170.027771	-167.4103851	-63.66806793	-319.3082886	-361.7444458	-603.1426392000001	-244.61088560000002	-238.160675	70.06346893	-7.356925963999999	30.18265724	-428.2372131	-205.77784730000002
123.08084109999999	86.18317413	-622.8917236000001	-556.9405517999999	-5.261081696000001	-359.93743900000004	-213.13536069999998	-266.4753113	-334.2549744	-189.0057068	-476.3365784	-389.5904846	-17.18470573	-257.37899780000004	-26.02938271	-106.993103	-990.1483765	-470.64331050000004	-238.00863650000002	-334.8223877	-243.8415222	-344.89822389999995	-684.5207519999999	-645.6104126	60.72232437	88.48734283	-672.7280272999999	-839.9337158
-71.26728058	-40.78175735	-79.02417755	-6.70140028	77.61225891	-17.80613327	-119.10846709999998	49.06042099	91.24394989	159.0050507	-110.92428590000002	-39.07036591	42.05574036	-9.60675621	26.04244423	69.8482132	-96.87029266	95.73027039	143.8276062	-358.6878662	-208.4716187	-326.4779663	-94.71678162	-55.239151	65.21665192	65.84198761	-55.16152573	-119.12396240000001
200.0439606	-47.94696045	102.27705379999999	181.38621519999998	21.20354652	1.4026925559999999	104.5063705	324.893158	64.5366745	130.6386414	-29.45648956	-8.616770744	6.632824897999999	-4.574912548	170.806839	79.92098999	236.37687680000002	284.9612732	-361.23590089999993	-148.7505951	-285.2695007	-12.03216839	64.46060944	-7.61564827	49.42152405	101.0851822	-163.0501251	-159.90336609999997
-279.66210939999996	109.33743290000001	-653.8875732000001	-170.1048889	-98.32847595	-172.5615845	-214.08613590000002	-123.13835139999999	-480.4247131	-275.16677860000004	-281.53411869999996	-292.78179930000005	-34.94091415	-106.5419617	-157.27041630000002	-92.72679138	-1023.032959	-620.7518311000001	-1288.654419	-868.1969604000001	-1021.078125	-568.6572266	-621.8012695	-458.0769348	-3.7140614989999996	-23.20419121	-832.6429443	-1003.804626
-41.83540726	198.9697113	-92.94591522	172.2010651	8.595087051	-17.14688492	-59.53869247	203.1046295	-169.45852659999997	-51.24785233	-121.17893980000001	-169.7691345	7.489051342000001	-61.05251694	-27.42724609	-42.53940201	-76.96163940000001	-119.2713852	-616.9721069	-532.7046508999999	-623.4017944	-55.00915527	-408.5723877	-217.0015869	24.83687782	61.1407547	-454.75241090000003	-500.73010250000004
30.36043549	-9.561789512999999	-189.9377136	-171.97366330000003	-82.64954376	95.26409912	10.98301697	273.6625671	-268.2175293	-237.64318849999998	-47.64850998	-95.75490570000001	2.568367481	-52.30873108	-179.648819	-120.85541529999999	-323.4909363	-363.2233276	-120.9831696	-200.7172546	-29.47535706	-211.9526825	-337.72451780000006	-240.3486176	-52.35894012	13.01191044	-582.1773682	-598.4522705
17.77085114	-160.1847992	-298.90698239999995	-176.3786621	-44.88686371	-348.889801	-255.21803280000003	-124.7719116	-369.6972046	-323.09103389999996	-389.4568481	-457.2014465	-16.67306328	-84.29120636	-237.7080841	-206.0906982	-258.4360352	-376.492981	-1058.872803	-802.9125977000001	-862.0317382999999	-577.5568237000001	-657.2608032	-328.4724731	-28.35939598	-30.53468132	-830.2911987000001	-784.1831665
-115.9687805	-107.5736008	-312.0996704	-44.36005783	-181.019928	-87.63655853	-118.63969420000001	-14.877544400000001	-272.56274410000003	-88.62136841	-99.40606689	-40.08980179	-25.19265747	-204.1860504	37.21606445	61.11113358	-337.85638430000006	-200.1144104	-591.5059204	-700.2901611000001	-477.3126221	-362.42141719999995	-268.5966797	-214.24739069999995	-3.8874742980000003	-13.97775269	-421.773407	-479.33953859999997
-15.85791588	-394.2704163	-161.7224274	232.5881042	67.86445618	7.283436775	-98.22453308	218.2814789	-159.35058590000003	-105.54983519999999	-26.75467682	-91.63758087	14.78246021	-68.83847809	90.34832001	47.49795532	-338.54373169999997	-164.3578186	-135.3181305	-54.68599701	-261.4076233	-237.10920719999996	-283.4651184	-185.6407166	15.57110882	5.857963562	-220.0693512	-361.2137146
-96.28255463	451.29913330000005	-417.2648315	-575.0448607999999	7.117682933999999	-226.8757629	-310.0656128	-127.84565729999998	-366.1820068	-279.80456539999994	-285.6026001	-277.02337650000004	-19.72636223	-124.92672730000001	-83.8427887	3.5903112889999997	-504.0874329	-425.1322937	-240.4167786	-1030.524048	-631.9750366000001	-637.3113403	-438.6146851	-397.2829895	-83.96239471	-43.50834274	-594.8624267999999	-747.4889526000001
-176.64576719999997	-84.66949463	-401.447113	-105.4184189	-73.74664307	-121.110817	-109.02339170000002	65.10820007	-288.5903625	-14.02928829	-230.0233765	-218.76063540000004	-20.08645248	-113.63366699999999	-167.0620575	-87.60181427	-647.6258545	-403.47985839999996	-189.4428864	-561.2290649	-404.6440125	-387.68124389999997	-417.87469480000004	-319.68563839999996	29.89528275	11.05741501	-312.603302	-380.6741943
183.85417180000002	177.5289612	278.72943119999996	144.65235900000002	0.51950109	33.02814865	-6.955996037	18.77949524	-57.54407883	-1.7700073719999998	-26.10281563	69.1120224	-43.64761734	-32.24459457	41.07794571	48.86026001	203.40296940000002	167.286972	206.9925385	-293.00314330000003	-212.65388489999998	86.14056396	20.45877838	53.00659943	13.60242558	-1.291042924	-101.7354965	-32.96557236
45.51525497	116.1543274	9.68273735	34.93022156	-27.60214424	-47.36649704	6.824990272999999	-146.1019135	-55.28741837	-43.45120239	27.36097336	98.4331131	-2.636610985	-17.86558151	-78.09542847	-0.32092833519999997	-285.9781494	26.89151573	-145.5735168	-86.96617889	-156.7103424	18.202762600000003	-106.7984085	-58.17327499	28.55958366	-12.84252739	-52.79020309	-159.57420349999998
-35.62629318	134.3891602	-174.9124298	-124.4740906	-71.17974854	-55.86056899999999	-95.32765198	-203.72143549999998	-155.4345245	-170.46170039999998	-69.18255615	-60.00838852	-16.29536819	-13.31194305	48.72676086	1.58242476	-308.4411926	-285.3558655	-77.75765991	-500.2041931	-323.3729858	-392.93493650000005	-392.56500239999997	-323.7880859	23.24446487	21.80675125	-446.80728150000004	-426.3605652
-51.75092697	166.1681976	2.057411671	24.45223999	-71.60418701	-12.53070736	-78.97281647	-178.50787350000002	-53.76113129	-57.96747971	-96.97577667	-91.26665497	1.016168475	-4.54473114	31.75829506	35.23796082	-125.5784149	99.20140839	169.14576719999997	-83.95250702	-98.02571106	-186.3379517	-211.0630188	-35.59981537	17.23974419	-25.91099167	-211.3752289	-180.36796569999998
-210.35308840000002	34.44237137	-89.73399353	-27.23637009	-48.91008759	-66.61854553	-109.7132187	0.2898609936	-142.85609440000002	-139.80474850000002	5.627251147999999	51.27737427	28.83453751	-39.06650925	-32.26744461	-3.048885107	-286.3672791	-71.61940765	-7.732019901	-157.3265381	-270.38961789999996	-229.9030151	-197.9792786	-62.61721802	-33.508098600000004	12.51756001	-199.4878387	-217.67196659999996
9.626211166000001	-140.3167877	-84.67385864	-98.07393646	-69.09659576	-91.39612579	4.34566927	-273.5721436	-123.39227290000001	-191.2611542	-131.75273130000002	-33.91783905	-51.50951385	-36.75404739	-13.02231693	-13.8959856	-166.082901	-72.12388611	-162.7289276	-430.3047791	-277.7309875	-130.5423279	-269.600769	-150.3188629	-33.20803833	8.461600304	-334.8554382	-321.6700745
139.9781036	155.7882538	220.5480804	82.35554504	29.46410179	50.93823242	9.936030387999999	-24.93099403	-20.113813399999998	2.094838858	68.19208527	188.1381989	36.87058258	-2.4193847180000003	4.683204174	81.37798309	64.81954956	134.0328064	280.81015010000004	-124.76898190000001	-32.79259872	132.39793400000002	60.82463837	-8.45208168	-12.43989086	26.44556046	-45.95412827	-157.1218719
-27.39957428	33.41020966	61.14181519	8.231456757	-2.234355211	-21.36178017	-93.16539764	-169.4658356	-43.25476074	-50.80906296	-28.70910835	51.570961	-39.82086182	-52.25056458	109.80953219999999	73.52574921	-29.02753067	35.01817703	150.2944336	-317.1564331	-153.23786930000003	-65.94520569	-131.0419769	-68.18916321	9.044530868999999	2.686260223	-189.9255676	-199.82888789999998
82.93274689	109.4937439	81.10543823	38.173900599999996	-72.81069183	113.992218	-26.49151421	-117.87934879999999	-96.17306519	-168.108017	39.6039505	92.33305359	1.659630895	27.14991951	-91.27729797	19.25893402	-427.61358640000003	-89.5512619	31.71056938	-196.1849976	-86.81702423	-83.33128357	-206.403183	-127.73511509999999	-5.020955086	-14.85081387	-298.65179439999997	-380.3157654
-102.37464140000002	246.56130980000003	-91.60262299	-156.7480774	-151.4315033	19.83387947	-50.89645767	-194.1756744	-159.44451899999999	-146.8293457	-13.32362366	58.24767685	-28.03890228	-49.91300201	38.18596649	5.920800686000001	-325.651886	-100.13673399999999	90.04217529	-255.67141719999998	-225.3404846	-179.2617645	-257.72586060000003	-70.89123535	-80.56023407	-52.63826752	-335.9993286	-264.08172609999997
53.18531418	223.30339049999998	131.85142520000002	130.91809080000002	-20.27282715	22.35838318	-60.92344284	-240.3162079	-25.36804008	-66.17476654	18.56191063	64.0045929	7.344522952999999	-42.17765808	-18.26032639	12.42815399	71.2204895	186.1717072	190.181488	-32.22671509	-79.76981354	-16.81087875	12.28217316	45.99015045	-22.638132100000004	39.28004456	-31.61413574	-72.51171112
-96.48472595	77.77009583	-194.7483521	-196.241745	-40.62890625	47.07505035	-50.10187149	-154.200882	-159.23211669999998	-210.5116425	-131.1105499	-254.90844730000003	17.25515938	-17.60385132	-119.55744170000001	-28.71393013	-408.0502014	-242.8941193	152.0991211	-359.13095089999996	-240.97415159999997	-259.2685242	-422.3234863	-296.0357971	-77.75866699	-31.68483734	-635.8753052000001	-673.0963135
-4.710159779	7.873287201	27.85581017	-25.17600441	-52.26197052	49.40188217	-52.7875061	4.10357666	-19.2021637	-55.88859558	48.15041351	53.53113556	32.96738052	-111.7368469	-36.87631226	34.84592056	29.96146965	56.98339081	-8.615647316	64.13387299	-35.32753372	-23.80165482	63.06428146	97.4178009	-32.9335289	13.37065125	20.62573051	-1.538862467
-53.91490173	-14.83153057	93.24026489	15.80489922	20.03730774	106.7746506	47.87641525	-26.41841698	-52.47080231	-116.08552549999999	21.40605927	-19.01603317	24.60853386	-135.7997894	37.5773201	18.92848778	110.9986267	-25.61454964	51.44591904	-112.22115330000001	127.44259640000001	43.37988663	-27.83638382	-74.83020782	15.10629082	-31.23215103	50.76003265	-35.40999222
-106.2069321	108.71700290000001	-183.16304019999998	-106.46208190000002	-49.11859894	-77.50063324	-11.48545265	-41.081058500000005	-64.83824921	-53.1227417	7.261799335	104.0070419	-7.046163559	-56.54033661	17.08911324	12.97404099	-220.2062225	-88.09341431	-22.13409996	-94.99795532	-151.88265990000002	-80.18888855	-74.57971191	-7.785806656	-35.51099777	-53.32883072	-168.4022064	-144.1773376
-199.2454376	37.42017365	-31.31996536	-30.675014500000003	-31.108675	-89.7297821	9.619477272000001	-79.43161011	8.353434562999999	-15.85121059	20.64460182	137.22456359999998	8.568069458	-115.4023743	-30.64498901	32.61875916	-76.8727417	82.44472504	68.0259552	-27.84214973	32.61334229	-1.6583272219999998	-26.42152023	-12.44168186	-34.22200775	-17.42339325	-59.37538528	3.1892290119999998
-141.4042206	-82.51619720000001	-72.10037994	-81.92605591	-17.96352196	-72.15407562	-91.78820801	-142.93524169999998	-93.98639679	-67.92414856	-6.962294102	-11.44581127	-10.61239529	-132.9681244	-22.43472481	4.717091084	-164.7553864	-167.6369781	-92.07470703	-146.1734314	-97.45333099	-123.36328119999999	-162.4301147	-110.3689041	1.044967175	-31.09391785	-183.8960114	-145.749176
-6.706439972	-71.15012359999999	-79.07481384	-84.50086975	-43.11275864	7.734789847999999	-115.23859409999999	-185.4294128	-113.7351913	-49.63796234	14.38037682	66.61180878	-12.89090061	-130.2770081	39.71322632	-9.429849625	-39.18554306	-57.20481873	-103.50209050000001	-130.3710327	-97.81615448	-120.4783783	-119.93788149999999	-96.78222656	-76.22431183	-41.39912796	-149.11604309999998	-58.31437683
-43.92407227	55.15592575	6.904213427999999	9.596398354	-4.164778709	-3.1257705689999997	-17.71532631	-100.3867416	-9.358592032999999	-82.92306519	9.336295128	8.494544982999999	-5.987799644	-109.2495193	54.55256271	-13.55975914	-68.13404083	57.07437134	-69.84151459	29.90792084	-27.98995399	-54.971138	7.355234622999999	21.20812035	-47.31218338	44.94974899	-47.56964874	-7.6425266270000005
-186.4903412	111.5842743	9.452138901	-23.11536598	-132.9228058	-159.5771637	-46.31022644	-63.04273605	-11.85173893	-22.19132423	3.2494752410000003	82.65015411	-31.35223007	-67.49139404	-26.74965668	-5.273743629	-76.89260101	30.09861374	-78.0072937	20.88951683	-85.8846817	-75.87050629	19.31539726	63.64170837	7.692346572999999	6.535304546	-90.88058472	-109.82267759999998
-375.848175	-21.92143822	-96.78796387	-40.95414734	-49.94764328	-51.90987015	-72.30447388	-128.4670715	-91.54471588	-70.72850799999999	-23.72713852	74.46990204	-65.24871063	-140.2272186	137.0706635	57.55171204	-190.6251678	-33.02767944	90.36977386	-74.48569489	-183.79573059999998	-59.60327911	-148.6135864	-91.4809494	-34.72936249	-16.198192600000002	-265.8501587	-198.1353149
-65.58486938	-27.69161224	71.54550934	57.04468155	65.78777313	-14.85628319	-3.2497859	-64.9478302	-62.85389709	-52.5134697	1.8908996580000001	2.572790861	16.37060928	-100.3770599	-48.8755722	5.0200891489999995	7.313578129	21.821870800000003	56.855144499999994	-84.21160126	5.196695805	-13.21389675	-26.20654297	-2.535866976	-53.58842468	51.47296906	-27.12002754	-54.51546478
-79.63934326	174.7013092	-152.3056793	-83.27455902	-12.82176781	-5.034417152	-50.14413834	-79.20990753	-94.11949158	-77.69625854	62.01172256	18.96023369	11.826165199999998	-29.70492172	59.10073853	36.94989014	-209.7907562	-14.88531303	-130.70765690000002	-210.12171940000002	-149.584198	-182.2017059	-128.1097565	-59.267105099999995	-43.36348343	-8.511359215	-132.28117369999998	-229.66583250000002
-57.32056046	271.4317017	14.81362724	51.72741318	93.20599365	-103.05957790000001	57.67619705	165.03332519999998	-27.00123787	-0.8794831037999999	35.80735397	137.0795593	3.5442640780000003	-17.71360588	109.49977109999999	49.76628113	-153.3479462	27.50055313	32.44506454	21.29350281	9.346716881	10.39929295	-11.97121716	-77.86313629	73.9673233	49.77516937	-28.5566597	-78.27563477
-116.2299347	241.6438141	-14.36308002	-30.08437729	25.17121696	-15.22564125	7.744093895	-243.76753230000003	-56.89064789	-132.3516846	-1.89254117	50.99779892	30.90089798	-160.776413	9.189558029	15.27393818	-181.9353333	21.14367485	-90.47149658	23.40090561	-175.9299469	54.64818954	-1.102714062	142.33938600000002	-27.2336235	22.89819717	-181.4669342	-241.75067140000002
-52.64866638	224.3625031	125.9280624	130.2854767	20.56940269	42.21844101	-40.18728256	-71.74996185	13.49292755	46.27880859	17.05997276	93.70159149	82.8651123	42.41888046	-89.41175842	-50.44082642	18.95641327	103.68759159999999	-23.24252892	-95.15424347	-146.0879211	65.67957306	-55.68391418	11.07411098	12.21467113	-6.344743252000001	18.34463501	-56.98193359
-18.82726669	-27.34644318	147.7671967	66.15836334	-23.75089836	31.95279884	118.47459409999999	129.3478241	-4.383459568	84.88169861	6.0668134689999995	20.66188622	5.242815495	-132.9385681	-96.65396881	-42.299366	-36.10013199	51.42243195	-55.12526321	-91.13651276	-33.43236160000001	204.7051392	88.21130371	209.1729736	-4.097222328	60.01052475	9.884318352000001	-62.29040146
54.48879623	130.5951691	-98.34554291	-73.64641571	18.1029377	-119.2168808	-59.92895508	-67.76120758	-39.68571091	-124.22607420000001	-31.19179535	10.12627125	-14.83249474	-176.6397552	-51.64761353	-30.52403259	-18.12390327	-59.71541214	-398.9094238	-60.85246277	-115.06206509999998	-28.42243958	-166.621048	-109.12363429999999	-66.59112549	-55.34395981	-169.8486023	-56.71584702
46.76135635	61.39461136	-21.43054771	74.07347107	-19.26962852	45.5977211	-162.7778931	-210.0696564	2.8080372810000003	9.035849571	65.08422089	94.13230896	11.194495199999999	-81.66847229	-17.76434517	8.825292587	-96.36191559	114.18569950000001	-105.1636963	8.106310844	-126.29876709999999	-128.460556	-32.04557419	32.07295227	13.64239883	22.48252678	38.99954224	93.98777771
-132.563446	219.40481569999997	-4.861885071000001	-48.46555328	-19.89739418	24.03723335	26.65076065	1.2878527640000001	-106.9160843	-113.7535782	-105.8420334	-76.0070343	-4.129739285	-124.0085297	29.0029068	-94.6418457	-230.00161740000001	-155.16687009999998	-40.19837570000001	-4.690418243	22.87363434	144.8005676	-71.9249115	3.2006266119999998	-50.48206329	-24.18593216	-172.6580505	-251.70043950000002
72.63555908	100.58429720000001	136.7695618	164.88595580000003	-32.35868835	69.71587372	27.22561646	-48.94865036	-10.25105762	26.18060493	70.29255676	102.212204	-19.8959198	-48.40008926	-25.17835426	-18.75490761	-120.0817032	-99.1967926	160.2539062	47.60440826	3.759203911	131.3699493	-24.41098213	63.30710983	-39.99291611	0.7094289064	-125.9334946	-68.62420654
-74.39656067	85.93432617	42.63233185	24.93169785	-36.9936676	14.96469784	-51.16414261	-200.89636230000002	-0.7394150495999999	-37.72279739	50.65026474	164.2020874	49.84976578	-133.6138916	-4.1883263589999995	-5.624818802	-42.25697708	22.71507263	-80.12513733	73.3089447	-77.39723969	-13.07723427	27.73344803	12.80747986	-39.82723999	3.308500051	-11.07713795	56.99840927
251.8042755	226.39640809999997	1.292914987	38.39607239	-37.94479752	66.6918335	81.48034668	146.77436830000002	41.36705017	0.43334552649999997	108.5217743	194.0436096	-4.377964973	-39.66285706	53.69649887	49.902538299999996	-2.513000011	51.45757675	91.8983078	260.3716431	115.6241608	38.80791473	45.84556961	108.34374240000001	43.04290009	69.40353394	34.00478745	20.27519035
-63.93642426	139.8703766	-75.69546509	-111.05549620000001	25.58467865	-20.65578079	-94.98137665	-337.0105591	-83.72888947	-195.51281740000002	-1.6851038930000002	34.21509552	47.35853577	-141.6077423	-20.05440712	-5.590174198	-39.71144485	60.444820400000005	-200.9021759	-126.10316470000001	-215.45060730000003	-126.6763	-48.28875732	22.27841568	-5.436787128	31.719373699999995	-219.77522280000002	-154.94139099999998
-9.008462906	39.65951157	-69.48255920000001	6.936367512	-5.798467636	68.49005127	10.93482113	26.90866661	-37.28377533	-20.87644768	2.289232731	53.40023041	29.09775925	104.4616776	-86.25096893	-16.26544189	-226.2770386	-90.68334961	-161.8061676	-120.6676712	-126.42167659999998	-8.032034873999999	-232.4080963	-185.5285034	-4.410324574	-24.08036613	-288.6765137	-244.27201839999998
108.47678379999999	96.84325409	-61.52137375	15.40540314	-29.85813141	35.7672348	-103.4801941	-30.08243561	-27.03365898	-18.19762802	31.33638	39.72481918	-23.83244896	-148.836792	-60.50798416	-13.24076176	52.867679599999995	20.13820076	18.92845726	-56.79369354	-116.83700559999998	-190.6464844	8.083690642999999	-63.93986511	-44.26714706	8.717968941	23.46406746	18.60028648
-42.04419327	185.9266968	-178.96054080000002	61.73722076	-102.4547272	-123.76721950000001	-13.84865379	467.3498230000001	-180.0405273	-31.99137306	-268.5470581	-415.1272583	-2.033279896	-113.73973079999999	-183.2908936	-157.9837799	-279.66635130000003	-190.5408783	-1019.5227050000001	-586.2526855000001	-607.5629272000001	-201.22264099999998	-416.93725589999997	-279.9076843	-38.89770508	-23.20514488	-403.49279789999997	-563.2973022000001
-53.52643204	141.6950378	-137.903244	-113.3816528	-65.94460297	-180.993988	-117.98715209999999	195.42195130000002	-64.15921021	-208.9159088	1.142872453	-20.81610489	20.93509293	-57.96070862	-142.82524109999997	-170.027771	-167.4103851	-63.66806793	-319.3082886	-361.7444458	-603.1426392000001	-244.61088560000002	-238.160675	70.06346893	-7.356925963999999	30.18265724	-428.2372131	-205.77784730000002
-279.66210939999996	109.33743290000001	-653.8875732000001	-170.1048889	-98.32847595	-172.5615845	-214.08613590000002	-123.13835139999999	-480.4247131	-275.16677860000004	-281.53411869999996	-292.78179930000005	-34.94091415	-106.5419617	-157.27041630000002	-92.72679138	-1023.032959	-620.7518311000001	-1288.654419	-868.1969604000001	-1021.078125	-568.6572266	-621.8012695	-458.0769348	-3.7140614989999996	-23.20419121	-832.6429443	-1003.804626
-41.83540726	198.9697113	-92.94591522	172.2010651	8.595087051	-17.14688492	-59.53869247	203.1046295	-169.45852659999997	-51.24785233	-121.17893980000001	-169.7691345	7.489051342000001	-61.05251694	-27.42724609	-42.53940201	-76.96163940000001	-119.2713852	-616.9721069	-532.7046508999999	-623.4017944	-55.00915527	-408.5723877	-217.0015869	24.83687782	61.1407547	-454.75241090000003	-500.73010250000004
17.77085114	-160.1847992	-298.90698239999995	-176.3786621	-44.88686371	-348.889801	-255.21803280000003	-124.7719116	-369.6972046	-323.09103389999996	-389.4568481	-457.2014465	-16.67306328	-84.29120636	-237.7080841	-206.0906982	-258.4360352	-376.492981	-1058.872803	-802.9125977000001	-862.0317382999999	-577.5568237000001	-657.2608032	-328.4724731	-28.35939598	-30.53468132	-830.2911987000001	-784.1831665
-96.28255463	451.29913330000005	-417.2648315	-575.0448607999999	7.117682933999999	-226.8757629	-310.0656128	-127.84565729999998	-366.1820068	-279.80456539999994	-285.6026001	-277.02337650000004	-19.72636223	-124.92672730000001	-83.8427887	3.5903112889999997	-504.0874329	-425.1322937	-240.4167786	-1030.524048	-631.9750366000001	-637.3113403	-438.6146851	-397.2829895	-83.96239471	-43.50834274	-594.8624267999999	-747.4889526000001
128.0402679	14.59333324	6.679479122	98.28475189	-11.98731518	-3.76273489	-77.89611816	7.597262859	-69.06961823	-34.67824936	-25.72495651	-59.13638306	-27.798769	-5.665306091000001	-51.37360764	-12.82248497	-209.3142395	-54.10286713	-970.3881226	-348.43038939999997	-647.5540771000001	68.47405243	-244.37350460000002	-37.44897079	11.24866772	46.11243057	-450.91766359999997	-402.6909485
-176.64576719999997	-84.66949463	-401.447113	-105.4184189	-73.74664307	-121.110817	-109.02339170000002	65.10820007	-288.5903625	-14.02928829	-230.0233765	-218.76063540000004	-20.08645248	-113.63366699999999	-167.0620575	-87.60181427	-647.6258545	-403.47985839999996	-189.4428864	-561.2290649	-404.6440125	-387.68124389999997	-417.87469480000004	-319.68563839999996	29.89528275	11.05741501	-312.603302	-380.6741943
-61.83678436	285.2428284	-235.80630490000001	-348.2999878	26.52869797	-95.61073303	-24.65463448	-66.73778534	-90.85118103	-147.8967438	-162.03372190000002	-168.26803590000003	-9.324449539	-61.57798004	-12.31906128	17.94207001	-236.6030426	-30.81056786	154.4299011	-286.72586060000003	-274.4578247	-259.7891846	-221.1859589	-236.1636505	-31.18451881	-33.91397476	-484.42477419999994	-486.7805786
183.85417180000002	177.5289612	278.72943119999996	144.65235900000002	0.51950109	33.02814865	-6.955996037	18.77949524	-57.54407883	-1.7700073719999998	-26.10281563	69.1120224	-43.64761734	-32.24459457	41.07794571	48.86026001	203.40296940000002	167.286972	206.9925385	-293.00314330000003	-212.65388489999998	86.14056396	20.45877838	53.00659943	13.60242558	-1.291042924	-101.7354965	-32.96557236
-210.35308840000002	34.44237137	-89.73399353	-27.23637009	-48.91008759	-66.61854553	-109.7132187	0.2898609936	-142.85609440000002	-139.80474850000002	5.627251147999999	51.27737427	28.83453751	-39.06650925	-32.26744461	-3.048885107	-286.3672791	-71.61940765	-7.732019901	-157.3265381	-270.38961789999996	-229.9030151	-197.9792786	-62.61721802	-33.508098600000004	12.51756001	-199.4878387	-217.67196659999996
9.626211166000001	-140.3167877	-84.67385864	-98.07393646	-69.09659576	-91.39612579	4.34566927	-273.5721436	-123.39227290000001	-191.2611542	-131.75273130000002	-33.91783905	-51.50951385	-36.75404739	-13.02231693	-13.8959856	-166.082901	-72.12388611	-162.7289276	-430.3047791	-277.7309875	-130.5423279	-269.600769	-150.3188629	-33.20803833	8.461600304	-334.8554382	-321.6700745
-27.39957428	33.41020966	61.14181519	8.231456757	-2.234355211	-21.36178017	-93.16539764	-169.4658356	-43.25476074	-50.80906296	-28.70910835	51.570961	-39.82086182	-52.25056458	109.80953219999999	73.52574921	-29.02753067	35.01817703	150.2944336	-317.1564331	-153.23786930000003	-65.94520569	-131.0419769	-68.18916321	9.044530868999999	2.686260223	-189.9255676	-199.82888789999998
-88.66950989	466.78668210000006	-29.12541008	-51.37550735	0.0049456814299999995	-115.00408940000001	-29.39286804	46.81403732	-111.33669280000001	-23.30640221	-89.16680145	78.74320221	-2.30428195	20.9734993	3.117099524	-108.4433975	-130.1301727	-141.47315980000002	142.5579071	-331.7651367	-326.2475891	-139.9116364	-156.98609919999998	-128.9810028	-65.29962158	25.05303192	-187.8586426	-329.61303710000004
-6.101057053	103.9194565	117.32405849999999	102.0457687	-21.94318199	22.73222351	-0.1024564877	-151.71688840000002	11.65175629	-42.21258163	40.01323318	75.49352264	-10.018830300000001	1.228824973	64.03977966	80.09431458	-33.15206528	101.6851196	117.952179	-98.21048737	-26.68010902	9.661981583	-98.69156647	-134.7188721	33.41174316	21.36428261	-132.52383419999998	-196.34213259999999
53.18531418	223.30339049999998	131.85142520000002	130.91809080000002	-20.27282715	22.35838318	-60.92344284	-240.3162079	-25.36804008	-66.17476654	18.56191063	64.0045929	7.344522952999999	-42.17765808	-18.26032639	12.42815399	71.2204895	186.1717072	190.181488	-32.22671509	-79.76981354	-16.81087875	12.28217316	45.99015045	-22.638132100000004	39.28004456	-31.61413574	-72.51171112
-27.66871262	399.93795780000005	-165.9501495	-141.20704650000002	-22.96697235	95.75605774	-27.04592514	67.3396225	-177.0137024	-176.2393341	-103.46549990000001	-71.98318481	-21.85259247	62.81874466	13.93441582	-0.4462866485	-425.9275208000001	-196.4245148	-56.53894424	-466.478241	-316.7615967	-307.02285770000003	-543.7232666	-328.3393555	3.2888286110000005	-22.14612579	-587.0858764999999	-551.9141846
-96.48472595	77.77009583	-194.7483521	-196.241745	-40.62890625	47.07505035	-50.10187149	-154.200882	-159.23211669999998	-210.5116425	-131.1105499	-254.90844730000003	17.25515938	-17.60385132	-119.55744170000001	-28.71393013	-408.0502014	-242.8941193	152.0991211	-359.13095089999996	-240.97415159999997	-259.2685242	-422.3234863	-296.0357971	-77.75866699	-31.68483734	-635.8753052000001	-673.0963135
-31.75408936	-182.66244509999999	-64.31559753	-81.42926025	-84.02496338	-48.68994522	-51.10996628	-198.96667480000002	-105.5635071	-100.8004761	4.078981876	-10.13814545	-50.33447647	-108.6855545	-57.85734177	-8.729849815	-64.94641113	-50.69197083	-7.57859087	-128.8932648	-120.70298770000001	-153.4837646	-87.81998444	-38.19721603	-60.10725784	-99.89080048	-103.69184109999999	-66.03638458
-4.710159779	7.873287201	27.85581017	-25.17600441	-52.26197052	49.40188217	-52.7875061	4.10357666	-19.2021637	-55.88859558	48.15041351	53.53113556	32.96738052	-111.7368469	-36.87631226	34.84592056	29.96146965	56.98339081	-8.615647316	64.13387299	-35.32753372	-23.80165482	63.06428146	97.4178009	-32.9335289	13.37065125	20.62573051	-1.538862467
-141.4042206	-82.51619720000001	-72.10037994	-81.92605591	-17.96352196	-72.15407562	-91.78820801	-142.93524169999998	-93.98639679	-67.92414856	-6.962294102	-11.44581127	-10.61239529	-132.9681244	-22.43472481	4.717091084	-164.7553864	-167.6369781	-92.07470703	-146.1734314	-97.45333099	-123.36328119999999	-162.4301147	-110.3689041	1.044967175	-31.09391785	-183.8960114	-145.749176
-6.706439972	-71.15012359999999	-79.07481384	-84.50086975	-43.11275864	7.734789847999999	-115.23859409999999	-185.4294128	-113.7351913	-49.63796234	14.38037682	66.61180878	-12.89090061	-130.2770081	39.71322632	-9.429849625	-39.18554306	-57.20481873	-103.50209050000001	-130.3710327	-97.81615448	-120.4783783	-119.93788149999999	-96.78222656	-76.22431183	-41.39912796	-149.11604309999998	-58.31437683
-186.4903412	111.5842743	9.452138901	-23.11536598	-132.9228058	-159.5771637	-46.31022644	-63.04273605	-11.85173893	-22.19132423	3.2494752410000003	82.65015411	-31.35223007	-67.49139404	-26.74965668	-5.273743629	-76.89260101	30.09861374	-78.0072937	20.88951683	-85.8846817	-75.87050629	19.31539726	63.64170837	7.692346572999999	6.535304546	-90.88058472	-109.82267759999998
-234.49468990000003	-31.85078049	-112.30793759999999	-127.36419679999999	15.581447599999999	-29.28907204	-75.37624359	-208.3531342	-74.50597382	70.49375916	-24.44969749	-16.29622841	-6.60775423	-67.80982208	90.43855286	-27.15469551	-129.1787567	100.3409042	-95.2786026	66.71092987	60.02313995	-122.44921880000001	-82.87464905	-53.04636002	-79.32811737	42.16043854	-32.26736069	-19.29697227
-375.399292	119.026123	-84.08280182	-73.4156723	176.48306269999998	168.7224274	9.859140396	150.15914919999997	-153.44937130000002	-59.61841202	141.7927856	89.77429199	-25.51626778	-48.84833527	167.5401764	35.58298874	-160.0243225	-146.82002260000002	-8.328707695	22.99970627	-138.4339294	-216.3987122	-160.9838409	-94.22142792	-45.96234512	-106.8066025	-177.5278931	-104.5094223
-79.63934326	174.7013092	-152.3056793	-83.27455902	-12.82176781	-5.034417152	-50.14413834	-79.20990753	-94.11949158	-77.69625854	62.01172256	18.96023369	11.826165199999998	-29.70492172	59.10073853	36.94989014	-209.7907562	-14.88531303	-130.70765690000002	-210.12171940000002	-149.584198	-182.2017059	-128.1097565	-59.267105099999995	-43.36348343	-8.511359215	-132.28117369999998	-229.66583250000002
-37.60532379	178.80307009999999	-64.71321869	-110.0484314	-66.72975159	-27.95293617	15.74887943	-64.12808989999999	-61.91834641	-2.381552219	53.83003998	163.4023132	16.08898163	-76.32776642	34.83288574	45.99317551	-84.01623535	122.65314479999999	-15.94975662	-20.9048233	21.20598793	18.59618568	-78.95619965	-8.845504761	-70.63904572	-28.16341972	-131.7337646	-30.91009903
-57.32056046	271.4317017	14.81362724	51.72741318	93.20599365	-103.05957790000001	57.67619705	165.03332519999998	-27.00123787	-0.8794831037999999	35.80735397	137.0795593	3.5442640780000003	-17.71360588	109.49977109999999	49.76628113	-153.3479462	27.50055313	32.44506454	21.29350281	9.346716881	10.39929295	-11.97121716	-77.86313629	73.9673233	49.77516937	-28.5566597	-78.27563477
-83.27342224	68.26396179	-6.878782749	-15.81627846	-32.78417587	14.00422478	-25.50018501	-130.8958435	-55.23303986	-80.51036072	0.3226029575	4.684195042	-3.7153980730000002	-138.3383331	-68.68367767	16.97866058	-79.87141418	-16.00857735	-14.71745491	98.73874664	-13.52574158	103.65508270000001	2.811607838	73.21786499	-17.15364075	-70.93615723	-56.69784164	-50.41033936
-116.2299347	241.6438141	-14.36308002	-30.08437729	25.17121696	-15.22564125	7.744093895	-243.76753230000003	-56.89064789	-132.3516846	-1.89254117	50.99779892	30.90089798	-160.776413	9.189558029	15.27393818	-181.9353333	21.14367485	-90.47149658	23.40090561	-175.9299469	54.64818954	-1.102714062	142.33938600000002	-27.2336235	22.89819717	-181.4669342	-241.75067140000002
46.76135635	61.39461136	-21.43054771	74.07347107	-19.26962852	45.5977211	-162.7778931	-210.0696564	2.8080372810000003	9.035849571	65.08422089	94.13230896	11.194495199999999	-81.66847229	-17.76434517	8.825292587	-96.36191559	114.18569950000001	-105.1636963	8.106310844	-126.29876709999999	-128.460556	-32.04557419	32.07295227	13.64239883	22.48252678	38.99954224	93.98777771
-132.563446	219.40481569999997	-4.861885071000001	-48.46555328	-19.89739418	24.03723335	26.65076065	1.2878527640000001	-106.9160843	-113.7535782	-105.8420334	-76.0070343	-4.129739285	-124.0085297	29.0029068	-94.6418457	-230.00161740000001	-155.16687009999998	-40.19837570000001	-4.690418243	22.87363434	144.8005676	-71.9249115	3.2006266119999998	-50.48206329	-24.18593216	-172.6580505	-251.70043950000002
-74.39656067	85.93432617	42.63233185	24.93169785	-36.9936676	14.96469784	-51.16414261	-200.89636230000002	-0.7394150495999999	-37.72279739	50.65026474	164.2020874	49.84976578	-133.6138916	-4.1883263589999995	-5.624818802	-42.25697708	22.71507263	-80.12513733	73.3089447	-77.39723969	-13.07723427	27.73344803	12.80747986	-39.82723999	3.308500051	-11.07713795	56.99840927
-87.36849213	171.0440216	68.04441833	60.26863098	85.83678436	-21.17586136	11.46702194	-134.45066830000002	-13.843906400000002	-48.86033249	48.12002945	-5.1714472769999995	42.24491882	-37.23095322	-41.05245972	7.817679405	-142.1365814	-7.482937336	-19.0688343	-57.39966965	-151.80630490000001	88.98934937	-23.52954102	-19.14803505	-7.749535561	45.06579208	-114.8634033	-146.6990814
89.15214539	168.61711119999998	11.86914253	-29.31703377	52.56309128	84.77038574	29.62302208	185.6975861	-96.64993286	-77.0891571	4.73251009	123.0372772	-8.276783943	-89.06900024	-18.73975754	24.58859825	-190.4624176	-114.9226379	23.24812508	-102.1845474	-32.59307098	73.97257996	-60.02249146	-15.79144859	-43.7406044	-43.80944061	2.037270069	-74.67579651
-9.008462906	39.65951157	-69.48255920000001	6.936367512	-5.798467636	68.49005127	10.93482113	26.90866661	-37.28377533	-20.87644768	2.289232731	53.40023041	29.09775925	104.4616776	-86.25096893	-16.26544189	-226.2770386	-90.68334961	-161.8061676	-120.6676712	-126.42167659999998	-8.032034873999999	-232.4080963	-185.5285034	-4.410324574	-24.08036613	-288.6765137	-244.27201839999998
-265.4609375	198.769165	-117.0679169	19.09405327	-27.16274834	136.4874115	-149.5321503	-57.8469162	-77.58237457	75.20064545	64.09284973	157.545639	60.32821274	-22.09071541	-35.18525696	112.6029053	-349.463623	125.1229477	-57.6974411	-147.97753909999997	-310.6076355	-109.5350189	85.44249725	158.01272580000003	39.20599365	86.90357208	-210.11604309999998	-280.36627200000004
108.47678379999999	96.84325409	-61.52137375	15.40540314	-29.85813141	35.7672348	-103.4801941	-30.08243561	-27.03365898	-18.19762802	31.33638	39.72481918	-23.83244896	-148.836792	-60.50798416	-13.24076176	52.867679599999995	20.13820076	18.92845726	-56.79369354	-116.83700559999998	-190.6464844	8.083690642999999	-63.93986511	-44.26714706	8.717968941	23.46406746	18.60028648
-53.52643204	141.6950378	-137.903244	-113.3816528	-65.94460297	-180.993988	-117.98715209999999	195.42195130000002	-64.15921021	-208.9159088	1.142872453	-20.81610489	20.93509293	-57.96070862	-142.82524109999997	-170.027771	-167.4103851	-63.66806793	-319.3082886	-361.7444458	-603.1426392000001	-244.61088560000002	-238.160675	70.06346893	-7.356925963999999	30.18265724	-428.2372131	-205.77784730000002
123.08084109999999	86.18317413	-622.8917236000001	-556.9405517999999	-5.261081696000001	-359.93743900000004	-213.13536069999998	-266.4753113	-334.2549744	-189.0057068	-476.3365784	-389.5904846	-17.18470573	-257.37899780000004	-26.02938271	-106.993103	-990.1483765	-470.64331050000004	-238.00863650000002	-334.8223877	-243.8415222	-344.89822389999995	-684.5207519999999	-645.6104126	60.72232437	88.48734283	-672.7280272999999	-839.9337158
-71.26728058	-40.78175735	-79.02417755	-6.70140028	77.61225891	-17.80613327	-119.10846709999998	49.06042099	91.24394989	159.0050507	-110.92428590000002	-39.07036591	42.05574036	-9.60675621	26.04244423	69.8482132	-96.87029266	95.73027039	143.8276062	-358.6878662	-208.4716187	-326.4779663	-94.71678162	-55.239151	65.21665192	65.84198761	-55.16152573	-119.12396240000001
200.0439606	-47.94696045	102.27705379999999	181.38621519999998	21.20354652	1.4026925559999999	104.5063705	324.893158	64.5366745	130.6386414	-29.45648956	-8.616770744	6.632824897999999	-4.574912548	170.806839	79.92098999	236.37687680000002	284.9612732	-361.23590089999993	-148.7505951	-285.2695007	-12.03216839	64.46060944	-7.61564827	49.42152405	101.0851822	-163.0501251	-159.90336609999997
-41.83540726	198.9697113	-92.94591522	172.2010651	8.595087051	-17.14688492	-59.53869247	203.1046295	-169.45852659999997	-51.24785233	-121.17893980000001	-169.7691345	7.489051342000001	-61.05251694	-27.42724609	-42.53940201	-76.96163940000001	-119.2713852	-616.9721069	-532.7046508999999	-623.4017944	-55.00915527	-408.5723877	-217.0015869	24.83687782	61.1407547	-454.75241090000003	-500.73010250000004
30.36043549	-9.561789512999999	-189.9377136	-171.97366330000003	-82.64954376	95.26409912	10.98301697	273.6625671	-268.2175293	-237.64318849999998	-47.64850998	-95.75490570000001	2.568367481	-52.30873108	-179.648819	-120.85541529999999	-323.4909363	-363.2233276	-120.9831696	-200.7172546	-29.47535706	-211.9526825	-337.72451780000006	-240.3486176	-52.35894012	13.01191044	-582.1773682	-598.4522705
-152.1155243	-1.778596759	53.25239182	288.8113098	3.81311202	51.41099929999999	-1.951009154	232.819397	-107.8892365	24.60224533	-21.96145058	-91.82939911	-12.28955364	-125.4009094	73.44438171	-36.95922852	-446.7605591	0.9520353079	-329.57870479999997	-246.67912290000004	-347.39837650000004	292.5049133	-237.7098694	-246.2146912	20.43127441	-1.055350423	-289.4824524	-400.0648193
-115.9687805	-107.5736008	-312.0996704	-44.36005783	-181.019928	-87.63655853	-118.63969420000001	-14.877544400000001	-272.56274410000003	-88.62136841	-99.40606689	-40.08980179	-25.19265747	-204.1860504	37.21606445	61.11113358	-337.85638430000006	-200.1144104	-591.5059204	-700.2901611000001	-477.3126221	-362.42141719999995	-268.5966797	-214.24739069999995	-3.8874742980000003	-13.97775269	-421.773407	-479.33953859999997
-96.28255463	451.29913330000005	-417.2648315	-575.0448607999999	7.117682933999999	-226.8757629	-310.0656128	-127.84565729999998	-366.1820068	-279.80456539999994	-285.6026001	-277.02337650000004	-19.72636223	-124.92672730000001	-83.8427887	3.5903112889999997	-504.0874329	-425.1322937	-240.4167786	-1030.524048	-631.9750366000001	-637.3113403	-438.6146851	-397.2829895	-83.96239471	-43.50834274	-594.8624267999999	-747.4889526000001
57.9275589	-17.76975822	137.2787628	253.26063540000004	-109.98515320000001	-50.61348724	39.35558319	214.00019840000002	24.33555984	45.38690186	84.39584351	81.93273926	-71.91516876	-10.15890121	-12.38504982	-78.28574371	-206.80908200000002	35.72227097	352.9420776	-29.75820351	202.2934418	136.65316769999998	-109.19572450000001	41.51138687	-5.83570528	63.37672424	-10.27323437	-49.73023605
-15.89887524	356.4981995	-16.15918732	-278.3285522	-30.86194611	16.82573318	-40.21304321	-72.16704559	-212.82991030000002	-131.1613464	-194.79609680000002	-288.90093989999997	7.047597408	-258.4472961	42.19308853	-0.5495561361	379.9673462	-38.28236389	-700.7069092	-400.808075	-222.3422089	-85.32367706	-410.9036255	-358.6575623	-19.20462608	-49.25392914	-661.2180786	-647.2860718
-176.64576719999997	-84.66949463	-401.447113	-105.4184189	-73.74664307	-121.110817	-109.02339170000002	65.10820007	-288.5903625	-14.02928829	-230.0233765	-218.76063540000004	-20.08645248	-113.63366699999999	-167.0620575	-87.60181427	-647.6258545	-403.47985839999996	-189.4428864	-561.2290649	-404.6440125	-387.68124389999997	-417.87469480000004	-319.68563839999996	29.89528275	11.05741501	-312.603302	-380.6741943
183.85417180000002	177.5289612	278.72943119999996	144.65235900000002	0.51950109	33.02814865	-6.955996037	18.77949524	-57.54407883	-1.7700073719999998	-26.10281563	69.1120224	-43.64761734	-32.24459457	41.07794571	48.86026001	203.40296940000002	167.286972	206.9925385	-293.00314330000003	-212.65388489999998	86.14056396	20.45877838	53.00659943	13.60242558	-1.291042924	-101.7354965	-32.96557236
45.51525497	116.1543274	9.68273735	34.93022156	-27.60214424	-47.36649704	6.824990272999999	-146.1019135	-55.28741837	-43.45120239	27.36097336	98.4331131	-2.636610985	-17.86558151	-78.09542847	-0.32092833519999997	-285.9781494	26.89151573	-145.5735168	-86.96617889	-156.7103424	18.202762600000003	-106.7984085	-58.17327499	28.55958366	-12.84252739	-52.79020309	-159.57420349999998
-35.62629318	134.3891602	-174.9124298	-124.4740906	-71.17974854	-55.86056899999999	-95.32765198	-203.72143549999998	-155.4345245	-170.46170039999998	-69.18255615	-60.00838852	-16.29536819	-13.31194305	48.72676086	1.58242476	-308.4411926	-285.3558655	-77.75765991	-500.2041931	-323.3729858	-392.93493650000005	-392.56500239999997	-323.7880859	23.24446487	21.80675125	-446.80728150000004	-426.3605652
-51.75092697	166.1681976	2.057411671	24.45223999	-71.60418701	-12.53070736	-78.97281647	-178.50787350000002	-53.76113129	-57.96747971	-96.97577667	-91.26665497	1.016168475	-4.54473114	31.75829506	35.23796082	-125.5784149	99.20140839	169.14576719999997	-83.95250702	-98.02571106	-186.3379517	-211.0630188	-35.59981537	17.23974419	-25.91099167	-211.3752289	-180.36796569999998
9.626211166000001	-140.3167877	-84.67385864	-98.07393646	-69.09659576	-91.39612579	4.34566927	-273.5721436	-123.39227290000001	-191.2611542	-131.75273130000002	-33.91783905	-51.50951385	-36.75404739	-13.02231693	-13.8959856	-166.082901	-72.12388611	-162.7289276	-430.3047791	-277.7309875	-130.5423279	-269.600769	-150.3188629	-33.20803833	8.461600304	-334.8554382	-321.6700745
139.9781036	155.7882538	220.5480804	82.35554504	29.46410179	50.93823242	9.936030387999999	-24.93099403	-20.113813399999998	2.094838858	68.19208527	188.1381989	36.87058258	-2.4193847180000003	4.683204174	81.37798309	64.81954956	134.0328064	280.81015010000004	-124.76898190000001	-32.79259872	132.39793400000002	60.82463837	-8.45208168	-12.43989086	26.44556046	-45.95412827	-157.1218719
-129.7624207	80.99338531	-440.0458984	-328.3874207	-62.67284775	-266.98736569999994	-115.5868912	-83.80976105	-302.74795530000006	-186.60437009999998	-334.816864	-374.56665039999996	-13.56296444	-81.35930634	-193.4672546	-125.2095413	-443.86373899999995	-354.22842410000004	-304.1298828	-695.8991089	-568.4577026000001	-519.0447388	-522.0539551	-354.5168152	-82.80242157	-91.17075348	-585.6797485000001	-510.6082153
82.93274689	109.4937439	81.10543823	38.173900599999996	-72.81069183	113.992218	-26.49151421	-117.87934879999999	-96.17306519	-168.108017	39.6039505	92.33305359	1.659630895	27.14991951	-91.27729797	19.25893402	-427.61358640000003	-89.5512619	31.71056938	-196.1849976	-86.81702423	-83.33128357	-206.403183	-127.73511509999999	-5.020955086	-14.85081387	-298.65179439999997	-380.3157654
-6.101057053	103.9194565	117.32405849999999	102.0457687	-21.94318199	22.73222351	-0.1024564877	-151.71688840000002	11.65175629	-42.21258163	40.01323318	75.49352264	-10.018830300000001	1.228824973	64.03977966	80.09431458	-33.15206528	101.6851196	117.952179	-98.21048737	-26.68010902	9.661981583	-98.69156647	-134.7188721	33.41174316	21.36428261	-132.52383419999998	-196.34213259999999
53.18531418	223.30339049999998	131.85142520000002	130.91809080000002	-20.27282715	22.35838318	-60.92344284	-240.3162079	-25.36804008	-66.17476654	18.56191063	64.0045929	7.344522952999999	-42.17765808	-18.26032639	12.42815399	71.2204895	186.1717072	190.181488	-32.22671509	-79.76981354	-16.81087875	12.28217316	45.99015045	-22.638132100000004	39.28004456	-31.61413574	-72.51171112
-106.1519318	-1.8072885269999999	61.6603775	-111.10778810000001	-79.91882324	-6.907409191	-15.50575352	-125.2679291	-187.4923248	-177.96315	-77.95040894	-22.57406616	-24.4642868	-48.03162003	-51.93740082	3.8553631310000003	-147.1900787	-86.84188843	-193.4719391	-391.0698242	-247.16621400000002	-108.1092987	-213.8153992	-85.26837158	-59.29374695	-48.78022385	-357.54672239999996	-383.66653439999993
-56.17296219	-230.6747131	-219.9679413	16.63733673	-64.04090118	-205.1655426	-126.49812320000001	20.75409889	-114.65263370000001	-129.10163880000002	-30.77571297	65.31539154	-31.19326973	-89.94760132	-64.70599365	-89.79863739	-559.7577514999999	-294.23080439999995	-242.63812259999997	-151.3712769	-170.32171630000002	-196.82781980000001	-320.4585266	-162.5354004	-21.928026199999998	43.71127319	-92.67375946	-157.64836119999998
-96.48472595	77.77009583	-194.7483521	-196.241745	-40.62890625	47.07505035	-50.10187149	-154.200882	-159.23211669999998	-210.5116425	-131.1105499	-254.90844730000003	17.25515938	-17.60385132	-119.55744170000001	-28.71393013	-408.0502014	-242.8941193	152.0991211	-359.13095089999996	-240.97415159999997	-259.2685242	-422.3234863	-296.0357971	-77.75866699	-31.68483734	-635.8753052000001	-673.0963135
-4.710159779	7.873287201	27.85581017	-25.17600441	-52.26197052	49.40188217	-52.7875061	4.10357666	-19.2021637	-55.88859558	48.15041351	53.53113556	32.96738052	-111.7368469	-36.87631226	34.84592056	29.96146965	56.98339081	-8.615647316	64.13387299	-35.32753372	-23.80165482	63.06428146	97.4178009	-32.9335289	13.37065125	20.62573051	-1.538862467
-53.91490173	-14.83153057	93.24026489	15.80489922	20.03730774	106.7746506	47.87641525	-26.41841698	-52.47080231	-116.08552549999999	21.40605927	-19.01603317	24.60853386	-135.7997894	37.5773201	18.92848778	110.9986267	-25.61454964	51.44591904	-112.22115330000001	127.44259640000001	43.37988663	-27.83638382	-74.83020782	15.10629082	-31.23215103	50.76003265	-35.40999222
-106.2069321	108.71700290000001	-183.16304019999998	-106.46208190000002	-49.11859894	-77.50063324	-11.48545265	-41.081058500000005	-64.83824921	-53.1227417	7.261799335	104.0070419	-7.046163559	-56.54033661	17.08911324	12.97404099	-220.2062225	-88.09341431	-22.13409996	-94.99795532	-151.88265990000002	-80.18888855	-74.57971191	-7.785806656	-35.51099777	-53.32883072	-168.4022064	-144.1773376
-199.2454376	37.42017365	-31.31996536	-30.675014500000003	-31.108675	-89.7297821	9.619477272000001	-79.43161011	8.353434562999999	-15.85121059	20.64460182	137.22456359999998	8.568069458	-115.4023743	-30.64498901	32.61875916	-76.8727417	82.44472504	68.0259552	-27.84214973	32.61334229	-1.6583272219999998	-26.42152023	-12.44168186	-34.22200775	-17.42339325	-59.37538528	3.1892290119999998
-6.706439972	-71.15012359999999	-79.07481384	-84.50086975	-43.11275864	7.734789847999999	-115.23859409999999	-185.4294128	-113.7351913	-49.63796234	14.38037682	66.61180878	-12.89090061	-130.2770081	39.71322632	-9.429849625	-39.18554306	-57.20481873	-103.50209050000001	-130.3710327	-97.81615448	-120.4783783	-119.93788149999999	-96.78222656	-76.22431183	-41.39912796	-149.11604309999998	-58.31437683
-43.92407227	55.15592575	6.904213427999999	9.596398354	-4.164778709	-3.1257705689999997	-17.71532631	-100.3867416	-9.358592032999999	-82.92306519	9.336295128	8.494544982999999	-5.987799644	-109.2495193	54.55256271	-13.55975914	-68.13404083	57.07437134	-69.84151459	29.90792084	-27.98995399	-54.971138	7.355234622999999	21.20812035	-47.31218338	44.94974899	-47.56964874	-7.6425266270000005
-61.05929565	337.09335330000005	-18.884681699999998	19.14621544	-35.26352692	-20.81953239	95.90028381	268.90725710000004	-190.519928	-263.1373291	37.93631363	48.897216799999995	-28.859504700000002	-114.14942169999999	196.3521881	193.1532745	-394.62799069999994	-242.417511	220.21650699999998	43.64845276	-87.09690094	237.4449921	-270.9804382	-255.61460879999998	-32.42124939	-113.16439820000001	-285.756134	-315.93249510000004
-375.848175	-21.92143822	-96.78796387	-40.95414734	-49.94764328	-51.90987015	-72.30447388	-128.4670715	-91.54471588	-70.72850799999999	-23.72713852	74.46990204	-65.24871063	-140.2272186	137.0706635	57.55171204	-190.6251678	-33.02767944	90.36977386	-74.48569489	-183.79573059999998	-59.60327911	-148.6135864	-91.4809494	-34.72936249	-16.198192600000002	-265.8501587	-198.1353149
-375.399292	119.026123	-84.08280182	-73.4156723	176.48306269999998	168.7224274	9.859140396	150.15914919999997	-153.44937130000002	-59.61841202	141.7927856	89.77429199	-25.51626778	-48.84833527	167.5401764	35.58298874	-160.0243225	-146.82002260000002	-8.328707695	22.99970627	-138.4339294	-216.3987122	-160.9838409	-94.22142792	-45.96234512	-106.8066025	-177.5278931	-104.5094223
-79.63934326	174.7013092	-152.3056793	-83.27455902	-12.82176781	-5.034417152	-50.14413834	-79.20990753	-94.11949158	-77.69625854	62.01172256	18.96023369	11.826165199999998	-29.70492172	59.10073853	36.94989014	-209.7907562	-14.88531303	-130.70765690000002	-210.12171940000002	-149.584198	-182.2017059	-128.1097565	-59.267105099999995	-43.36348343	-8.511359215	-132.28117369999998	-229.66583250000002
-95.20542145	-51.74369812	56.60507965	-9.808170319	-33.87441635	30.980611800000002	-65.96894836	-149.2402191	-90.37941742	-92.93299866	-20.7734375	-5.852118492000001	9.342949867	-152.7923584	50.53553009	43.44473648	-87.94392395	-26.69390678	-3.04795599	15.74768066	-28.50482559	-8.289221764	-89.20583344	-27.36062241	-23.13635445	-37.28596497	-54.16333389	-116.0335693
-134.040329	2.620173216	-77.47722626	-98.09060669	26.39406776	-56.86660767	-58.8478775	-139.00289919999997	-30.38838959	-59.88487244	-35.10339355	47.17278671	-7.282027721	-127.03897090000001	-48.32400894	16.88917542	-66.25924683	-60.87994385	2.178036451	-75.6408844	-59.42538452	-114.2848206	-47.58879089	-50.39912415	-44.16575241	13.08726692	-167.87402340000003	-94.18251801
-57.32056046	271.4317017	14.81362724	51.72741318	93.20599365	-103.05957790000001	57.67619705	165.03332519999998	-27.00123787	-0.8794831037999999	35.80735397	137.0795593	3.5442640780000003	-17.71360588	109.49977109999999	49.76628113	-153.3479462	27.50055313	32.44506454	21.29350281	9.346716881	10.39929295	-11.97121716	-77.86313629	73.9673233	49.77516937	-28.5566597	-78.27563477
-116.2299347	241.6438141	-14.36308002	-30.08437729	25.17121696	-15.22564125	7.744093895	-243.76753230000003	-56.89064789	-132.3516846	-1.89254117	50.99779892	30.90089798	-160.776413	9.189558029	15.27393818	-181.9353333	21.14367485	-90.47149658	23.40090561	-175.9299469	54.64818954	-1.102714062	142.33938600000002	-27.2336235	22.89819717	-181.4669342	-241.75067140000002
-52.64866638	224.3625031	125.9280624	130.2854767	20.56940269	42.21844101	-40.18728256	-71.74996185	13.49292755	46.27880859	17.05997276	93.70159149	82.8651123	42.41888046	-89.41175842	-50.44082642	18.95641327	103.68759159999999	-23.24252892	-95.15424347	-146.0879211	65.67957306	-55.68391418	11.07411098	12.21467113	-6.344743252000001	18.34463501	-56.98193359
-18.82726669	-27.34644318	147.7671967	66.15836334	-23.75089836	31.95279884	118.47459409999999	129.3478241	-4.383459568	84.88169861	6.0668134689999995	20.66188622	5.242815495	-132.9385681	-96.65396881	-42.299366	-36.10013199	51.42243195	-55.12526321	-91.13651276	-33.43236160000001	204.7051392	88.21130371	209.1729736	-4.097222328	60.01052475	9.884318352000001	-62.29040146
54.48879623	130.5951691	-98.34554291	-73.64641571	18.1029377	-119.2168808	-59.92895508	-67.76120758	-39.68571091	-124.22607420000001	-31.19179535	10.12627125	-14.83249474	-176.6397552	-51.64761353	-30.52403259	-18.12390327	-59.71541214	-398.9094238	-60.85246277	-115.06206509999998	-28.42243958	-166.621048	-109.12363429999999	-66.59112549	-55.34395981	-169.8486023	-56.71584702
-132.563446	219.40481569999997	-4.861885071000001	-48.46555328	-19.89739418	24.03723335	26.65076065	1.2878527640000001	-106.9160843	-113.7535782	-105.8420334	-76.0070343	-4.129739285	-124.0085297	29.0029068	-94.6418457	-230.00161740000001	-155.16687009999998	-40.19837570000001	-4.690418243	22.87363434	144.8005676	-71.9249115	3.2006266119999998	-50.48206329	-24.18593216	-172.6580505	-251.70043950000002
72.63555908	100.58429720000001	136.7695618	164.88595580000003	-32.35868835	69.71587372	27.22561646	-48.94865036	-10.25105762	26.18060493	70.29255676	102.212204	-19.8959198	-48.40008926	-25.17835426	-18.75490761	-120.0817032	-99.1967926	160.2539062	47.60440826	3.759203911	131.3699493	-24.41098213	63.30710983	-39.99291611	0.7094289064	-125.9334946	-68.62420654
182.8266449	53.85445404	15.57717514	-17.7439537	59.11553955	57.86136246	35.69297791	-15.23358059	-20.76510429	-81.50097656	11.91312981	36.90631104	-35.28980637	-176.9690247	-84.35213470000001	-21.89541245	-62.63591003	40.6733017	89.04711151	51.65381622	82.03336334	127.739975	58.40974045	12.52253151	-43.66331863	26.15090561	37.51279449	59.69696045
251.8042755	226.39640809999997	1.292914987	38.39607239	-37.94479752	66.6918335	81.48034668	146.77436830000002	41.36705017	0.43334552649999997	108.5217743	194.0436096	-4.377964973	-39.66285706	53.69649887	49.902538299999996	-2.513000011	51.45757675	91.8983078	260.3716431	115.6241608	38.80791473	45.84556961	108.34374240000001	43.04290009	69.40353394	34.00478745	20.27519035
89.15214539	168.61711119999998	11.86914253	-29.31703377	52.56309128	84.77038574	29.62302208	185.6975861	-96.64993286	-77.0891571	4.73251009	123.0372772	-8.276783943	-89.06900024	-18.73975754	24.58859825	-190.4624176	-114.9226379	23.24812508	-102.1845474	-32.59307098	73.97257996	-60.02249146	-15.79144859	-43.7406044	-43.80944061	2.037270069	-74.67579651
-9.008462906	39.65951157	-69.48255920000001	6.936367512	-5.798467636	68.49005127	10.93482113	26.90866661	-37.28377533	-20.87644768	2.289232731	53.40023041	29.09775925	104.4616776	-86.25096893	-16.26544189	-226.2770386	-90.68334961	-161.8061676	-120.6676712	-126.42167659999998	-8.032034873999999	-232.4080963	-185.5285034	-4.410324574	-24.08036613	-288.6765137	-244.27201839999998
160.673172	191.0872955	24.65797234	-2.5517761709999998	-15.03181934	-57.86895752	15.504296300000002	-182.0503387	27.68646812	-68.97554779	-32.37846756	-48.70837402	-18.82801056	-115.11997990000002	-47.87145996	-68.18971252	-39.43615341	-26.19634438	-8.458212852	-24.12799454	-25.24708939	-53.10801697	-73.70989227	-93.95978546	-64.7893219	21.94397926	-206.2266083	-99.22332764
-58.06986618	158.4742432	90.06626129	70.99451447	95.25766754	-37.67934036	108.50481409999998	188.7163544	-90.18674469	-20.73600197	98.38600159	245.0199738	44.05563354	39.67007065	-4.02662468	40.08998871	-279.7772217	-73.29603577	9.905639648	-34.19058609	-44.71479034	175.5304108	-140.3916168	91.96946716	44.0888443	37.50247955	-78.11922455	-112.349678
108.47678379999999	96.84325409	-61.52137375	15.40540314	-29.85813141	35.7672348	-103.4801941	-30.08243561	-27.03365898	-18.19762802	31.33638	39.72481918	-23.83244896	-148.836792	-60.50798416	-13.24076176	52.867679599999995	20.13820076	18.92845726	-56.79369354	-116.83700559999998	-190.6464844	8.083690642999999	-63.93986511	-44.26714706	8.717968941	23.46406746	18.60028648
-73.65883636	-35.57945633	215.5254974	348.12976069999996	25.40205956	-18.16460991	-43.36965942	160.8222504	-21.53316879	185.3042145	40.87593079	128.4262848	4.307656765	7.263278961	126.7387085	110.6928787	-90.79898071	146.35945130000002	-37.43981934	-135.7425232	-163.0897675	71.39247894	31.94101906	-75.87437439	44.57891464	53.86426544	151.687912	-64.53622437
-42.04419327	185.9266968	-178.96054080000002	61.73722076	-102.4547272	-123.76721950000001	-13.84865379	467.3498230000001	-180.0405273	-31.99137306	-268.5470581	-415.1272583	-2.033279896	-113.73973079999999	-183.2908936	-157.9837799	-279.66635130000003	-190.5408783	-1019.5227050000001	-586.2526855000001	-607.5629272000001	-201.22264099999998	-416.93725589999997	-279.9076843	-38.89770508	-23.20514488	-403.49279789999997	-563.2973022000001
123.08084109999999	86.18317413	-622.8917236000001	-556.9405517999999	-5.261081696000001	-359.93743900000004	-213.13536069999998	-266.4753113	-334.2549744	-189.0057068	-476.3365784	-389.5904846	-17.18470573	-257.37899780000004	-26.02938271	-106.993103	-990.1483765	-470.64331050000004	-238.00863650000002	-334.8223877	-243.8415222	-344.89822389999995	-684.5207519999999	-645.6104126	60.72232437	88.48734283	-672.7280272999999	-839.9337158
-279.66210939999996	109.33743290000001	-653.8875732000001	-170.1048889	-98.32847595	-172.5615845	-214.08613590000002	-123.13835139999999	-480.4247131	-275.16677860000004	-281.53411869999996	-292.78179930000005	-34.94091415	-106.5419617	-157.27041630000002	-92.72679138	-1023.032959	-620.7518311000001	-1288.654419	-868.1969604000001	-1021.078125	-568.6572266	-621.8012695	-458.0769348	-3.7140614989999996	-23.20419121	-832.6429443	-1003.804626
-41.83540726	198.9697113	-92.94591522	172.2010651	8.595087051	-17.14688492	-59.53869247	203.1046295	-169.45852659999997	-51.24785233	-121.17893980000001	-169.7691345	7.489051342000001	-61.05251694	-27.42724609	-42.53940201	-76.96163940000001	-119.2713852	-616.9721069	-532.7046508999999	-623.4017944	-55.00915527	-408.5723877	-217.0015869	24.83687782	61.1407547	-454.75241090000003	-500.73010250000004
-54.88885117	165.147995	-177.12747190000002	142.5582275	-113.5822601	-163.19538880000002	-83.1784668	309.866333	-159.86999509999998	95.39321899	-183.2496185	-215.32133480000002	-37.50651932	-147.93609619999998	-146.9147949	-97.82348633	-370.6211243	-237.8317413	-388.12164310000003	-451.90084840000003	-454.44094850000005	-177.962265	-327.7992859	-94.78088379	6.721924305	-15.44725704	-204.7569275	-134.21664429999998
17.77085114	-160.1847992	-298.90698239999995	-176.3786621	-44.88686371	-348.889801	-255.21803280000003	-124.7719116	-369.6972046	-323.09103389999996	-389.4568481	-457.2014465	-16.67306328	-84.29120636	-237.7080841	-206.0906982	-258.4360352	-376.492981	-1058.872803	-802.9125977000001	-862.0317382999999	-577.5568237000001	-657.2608032	-328.4724731	-28.35939598	-30.53468132	-830.2911987000001	-784.1831665
-115.9687805	-107.5736008	-312.0996704	-44.36005783	-181.019928	-87.63655853	-118.63969420000001	-14.877544400000001	-272.56274410000003	-88.62136841	-99.40606689	-40.08980179	-25.19265747	-204.1860504	37.21606445	61.11113358	-337.85638430000006	-200.1144104	-591.5059204	-700.2901611000001	-477.3126221	-362.42141719999995	-268.5966797	-214.24739069999995	-3.8874742980000003	-13.97775269	-421.773407	-479.33953859999997
136.6705322	120.2617798	9.619129181	131.8450623	-101.9966812	-290.074646	-16.73386574	1.8703408240000001	152.7907562	104.53860470000001	-258.1106873	-259.4070435	24.50054932	-50.43460464	-223.296936	-101.44729609999999	146.218277	157.87831119999998	-668.4656982000001	-255.65020750000002	-444.2746887	-137.7208557	-83.31533813	122.449707	63.7773056	15.48880577	-99.32261658	-29.75919342
128.0402679	14.59333324	6.679479122	98.28475189	-11.98731518	-3.76273489	-77.89611816	7.597262859	-69.06961823	-34.67824936	-25.72495651	-59.13638306	-27.798769	-5.665306091000001	-51.37360764	-12.82248497	-209.3142395	-54.10286713	-970.3881226	-348.43038939999997	-647.5540771000001	68.47405243	-244.37350460000002	-37.44897079	11.24866772	46.11243057	-450.91766359999997	-402.6909485
-15.89887524	356.4981995	-16.15918732	-278.3285522	-30.86194611	16.82573318	-40.21304321	-72.16704559	-212.82991030000002	-131.1613464	-194.79609680000002	-288.90093989999997	7.047597408	-258.4472961	42.19308853	-0.5495561361	379.9673462	-38.28236389	-700.7069092	-400.808075	-222.3422089	-85.32367706	-410.9036255	-358.6575623	-19.20462608	-49.25392914	-661.2180786	-647.2860718
-176.64576719999997	-84.66949463	-401.447113	-105.4184189	-73.74664307	-121.110817	-109.02339170000002	65.10820007	-288.5903625	-14.02928829	-230.0233765	-218.76063540000004	-20.08645248	-113.63366699999999	-167.0620575	-87.60181427	-647.6258545	-403.47985839999996	-189.4428864	-561.2290649	-404.6440125	-387.68124389999997	-417.87469480000004	-319.68563839999996	29.89528275	11.05741501	-312.603302	-380.6741943
60.10552979	289.1328125	215.191391	135.10676569999998	76.54805756	52.097694399999995	104.12254329999999	13.21098518	49.1800766	50.8210907	78.43040466	193.08209230000003	-1.992240191	87.50179291	182.0462494	99.17617798	84.51757812	176.4086914	260.5487976	52.61200714	-9.004681587	5.0146579739999995	17.54950714	44.81981659	14.94529819	61.92188263	-119.8255997	18.42339516
-61.83678436	285.2428284	-235.80630490000001	-348.2999878	26.52869797	-95.61073303	-24.65463448	-66.73778534	-90.85118103	-147.8967438	-162.03372190000002	-168.26803590000003	-9.324449539	-61.57798004	-12.31906128	17.94207001	-236.6030426	-30.81056786	154.4299011	-286.72586060000003	-274.4578247	-259.7891846	-221.1859589	-236.1636505	-31.18451881	-33.91397476	-484.42477419999994	-486.7805786
45.51525497	116.1543274	9.68273735	34.93022156	-27.60214424	-47.36649704	6.824990272999999	-146.1019135	-55.28741837	-43.45120239	27.36097336	98.4331131	-2.636610985	-17.86558151	-78.09542847	-0.32092833519999997	-285.9781494	26.89151573	-145.5735168	-86.96617889	-156.7103424	18.202762600000003	-106.7984085	-58.17327499	28.55958366	-12.84252739	-52.79020309	-159.57420349999998
-210.35308840000002	34.44237137	-89.73399353	-27.23637009	-48.91008759	-66.61854553	-109.7132187	0.2898609936	-142.85609440000002	-139.80474850000002	5.627251147999999	51.27737427	28.83453751	-39.06650925	-32.26744461	-3.048885107	-286.3672791	-71.61940765	-7.732019901	-157.3265381	-270.38961789999996	-229.9030151	-197.9792786	-62.61721802	-33.508098600000004	12.51756001	-199.4878387	-217.67196659999996
9.626211166000001	-140.3167877	-84.67385864	-98.07393646	-69.09659576	-91.39612579	4.34566927	-273.5721436	-123.39227290000001	-191.2611542	-131.75273130000002	-33.91783905	-51.50951385	-36.75404739	-13.02231693	-13.8959856	-166.082901	-72.12388611	-162.7289276	-430.3047791	-277.7309875	-130.5423279	-269.600769	-150.3188629	-33.20803833	8.461600304	-334.8554382	-321.6700745
-136.9849701	482.9902649	-160.95010380000002	-196.0017395	-108.60345459999999	-65.1329422	-36.50969315	11.74642372	-164.76152040000002	-155.4358521	-193.0818481	3.7362363339999995	-4.575493336	-34.11314392	-94.73487091	-3.3686113360000003	-356.49600219999996	-212.83744810000002	-712.7512817	-718.0230102999999	-657.9180298	-278.6435547	-422.460083	-147.86859130000002	-49.88612366	-11.45653629	-693.6575317	-667.5852661
-27.39957428	33.41020966	61.14181519	8.231456757	-2.234355211	-21.36178017	-93.16539764	-169.4658356	-43.25476074	-50.80906296	-28.70910835	51.570961	-39.82086182	-52.25056458	109.80953219999999	73.52574921	-29.02753067	35.01817703	150.2944336	-317.1564331	-153.23786930000003	-65.94520569	-131.0419769	-68.18916321	9.044530868999999	2.686260223	-189.9255676	-199.82888789999998
82.93274689	109.4937439	81.10543823	38.173900599999996	-72.81069183	113.992218	-26.49151421	-117.87934879999999	-96.17306519	-168.108017	39.6039505	92.33305359	1.659630895	27.14991951	-91.27729797	19.25893402	-427.61358640000003	-89.5512619	31.71056938	-196.1849976	-86.81702423	-83.33128357	-206.403183	-127.73511509999999	-5.020955086	-14.85081387	-298.65179439999997	-380.3157654
-65.03471375	206.88357539999998	3.6685271260000003	-42.29232025	-72.04473877	-74.80591583	-61.40531921	-98.36854553	0.5718084574	-15.59395409	25.55215263	28.28162003	-28.00310135	-60.31385422	-80.94149017	-16.76951599	-97.94467163	-32.38204575	123.30593870000001	-45.71260452	-90.35635376	-81.8765564	-76.88209534	-35.75598145	-2.964434862	-17.90387344	-79.16011047	-108.9506989
-27.66871262	399.93795780000005	-165.9501495	-141.20704650000002	-22.96697235	95.75605774	-27.04592514	67.3396225	-177.0137024	-176.2393341	-103.46549990000001	-71.98318481	-21.85259247	62.81874466	13.93441582	-0.4462866485	-425.9275208000001	-196.4245148	-56.53894424	-466.478241	-316.7615967	-307.02285770000003	-543.7232666	-328.3393555	3.2888286110000005	-22.14612579	-587.0858764999999	-551.9141846
-56.17296219	-230.6747131	-219.9679413	16.63733673	-64.04090118	-205.1655426	-126.49812320000001	20.75409889	-114.65263370000001	-129.10163880000002	-30.77571297	65.31539154	-31.19326973	-89.94760132	-64.70599365	-89.79863739	-559.7577514999999	-294.23080439999995	-242.63812259999997	-151.3712769	-170.32171630000002	-196.82781980000001	-320.4585266	-162.5354004	-21.928026199999998	43.71127319	-92.67375946	-157.64836119999998
-96.48472595	77.77009583	-194.7483521	-196.241745	-40.62890625	47.07505035	-50.10187149	-154.200882	-159.23211669999998	-210.5116425	-131.1105499	-254.90844730000003	17.25515938	-17.60385132	-119.55744170000001	-28.71393013	-408.0502014	-242.8941193	152.0991211	-359.13095089999996	-240.97415159999997	-259.2685242	-422.3234863	-296.0357971	-77.75866699	-31.68483734	-635.8753052000001	-673.0963135
-144.8678741	59.29252243	-4.957534313	-70.20748138	42.57862091	76.32665253	-2.758659363	52.91923523	-46.93743134	-56.65828705	40.20941925	85.4329834	39.26859283	-25.87059784	185.4816132	42.67857361	-74.44217682	-120.8463821	-52.68576431	-78.90287018	-82.32112122	58.622508999999994	-78.8705368	-128.5038757	-9.267521858	17.85360146	-80.99913788	-76.00208282
-31.75408936	-182.66244509999999	-64.31559753	-81.42926025	-84.02496338	-48.68994522	-51.10996628	-198.96667480000002	-105.5635071	-100.8004761	4.078981876	-10.13814545	-50.33447647	-108.6855545	-57.85734177	-8.729849815	-64.94641113	-50.69197083	-7.57859087	-128.8932648	-120.70298770000001	-153.4837646	-87.81998444	-38.19721603	-60.10725784	-99.89080048	-103.69184109999999	-66.03638458
-53.91490173	-14.83153057	93.24026489	15.80489922	20.03730774	106.7746506	47.87641525	-26.41841698	-52.47080231	-116.08552549999999	21.40605927	-19.01603317	24.60853386	-135.7997894	37.5773201	18.92848778	110.9986267	-25.61454964	51.44591904	-112.22115330000001	127.44259640000001	43.37988663	-27.83638382	-74.83020782	15.10629082	-31.23215103	50.76003265	-35.40999222
-141.4042206	-82.51619720000001	-72.10037994	-81.92605591	-17.96352196	-72.15407562	-91.78820801	-142.93524169999998	-93.98639679	-67.92414856	-6.962294102	-11.44581127	-10.61239529	-132.9681244	-22.43472481	4.717091084	-164.7553864	-167.6369781	-92.07470703	-146.1734314	-97.45333099	-123.36328119999999	-162.4301147	-110.3689041	1.044967175	-31.09391785	-183.8960114	-145.749176
-6.706439972	-71.15012359999999	-79.07481384	-84.50086975	-43.11275864	7.734789847999999	-115.23859409999999	-185.4294128	-113.7351913	-49.63796234	14.38037682	66.61180878	-12.89090061	-130.2770081	39.71322632	-9.429849625	-39.18554306	-57.20481873	-103.50209050000001	-130.3710327	-97.81615448	-120.4783783	-119.93788149999999	-96.78222656	-76.22431183	-41.39912796	-149.11604309999998	-58.31437683
-91.63459015	59.17042542	-108.21873470000001	-169.8658295	43.90747452	13.87738895	-11.38968086	41.80766296	-53.88138199	-31.90763855	22.37130737	-17.49834251	0.7864527701999999	-87.01600647	-61.878581999999994	-71.63955688	-13.10853863	-30.42300797	-68.23527527	-212.96408080000003	-76.16040039	-201.6858521	-46.23305511	-91.07901001	16.07686043	-26.58468437	-101.58021550000001	-133.39823909999998
-186.4903412	111.5842743	9.452138901	-23.11536598	-132.9228058	-159.5771637	-46.31022644	-63.04273605	-11.85173893	-22.19132423	3.2494752410000003	82.65015411	-31.35223007	-67.49139404	-26.74965668	-5.273743629	-76.89260101	30.09861374	-78.0072937	20.88951683	-85.8846817	-75.87050629	19.31539726	63.64170837	7.692346572999999	6.535304546	-90.88058472	-109.82267759999998
-375.848175	-21.92143822	-96.78796387	-40.95414734	-49.94764328	-51.90987015	-72.30447388	-128.4670715	-91.54471588	-70.72850799999999	-23.72713852	74.46990204	-65.24871063	-140.2272186	137.0706635	57.55171204	-190.6251678	-33.02767944	90.36977386	-74.48569489	-183.79573059999998	-59.60327911	-148.6135864	-91.4809494	-34.72936249	-16.198192600000002	-265.8501587	-198.1353149
-229.0274048	177.49043269999999	-73.19470215	-84.74423981	-43.36605453	-22.871520999999998	-13.42499733	95.18935394	-54.00052643	-42.94445801	38.41742325	-5.7910943029999995	-29.75647926	-145.1398773	36.09971619	6.510430812999999	-115.4069366	-93.91740417	-25.55959129	-50.46549225	-111.81175990000001	5.45482111	-59.58542633	-52.94901276	-42.28435135	-88.19586182	-156.0082855	-103.1965408
-37.60532379	178.80307009999999	-64.71321869	-110.0484314	-66.72975159	-27.95293617	15.74887943	-64.12808989999999	-61.91834641	-2.381552219	53.83003998	163.4023132	16.08898163	-76.32776642	34.83288574	45.99317551	-84.01623535	122.65314479999999	-15.94975662	-20.9048233	21.20598793	18.59618568	-78.95619965	-8.845504761	-70.63904572	-28.16341972	-131.7337646	-30.91009903
-134.040329	2.620173216	-77.47722626	-98.09060669	26.39406776	-56.86660767	-58.8478775	-139.00289919999997	-30.38838959	-59.88487244	-35.10339355	47.17278671	-7.282027721	-127.03897090000001	-48.32400894	16.88917542	-66.25924683	-60.87994385	2.178036451	-75.6408844	-59.42538452	-114.2848206	-47.58879089	-50.39912415	-44.16575241	13.08726692	-167.87402340000003	-94.18251801
-57.32056046	271.4317017	14.81362724	51.72741318	93.20599365	-103.05957790000001	57.67619705	165.03332519999998	-27.00123787	-0.8794831037999999	35.80735397	137.0795593	3.5442640780000003	-17.71360588	109.49977109999999	49.76628113	-153.3479462	27.50055313	32.44506454	21.29350281	9.346716881	10.39929295	-11.97121716	-77.86313629	73.9673233	49.77516937	-28.5566597	-78.27563477
175.3144226	223.449646	44.67718124	133.29356380000002	5.600234509	141.807663	-6.538968562999999	-203.63900759999999	-78.67041016	-94.00974274	-20.46307564	79.03575897	18.42789268	33.82788086	71.21164703	34.23081207	-162.1490936	24.54573441	-83.72354889	-12.398371699999998	-158.91687009999998	-110.26095579999999	-154.40167240000002	-52.21269608	-16.6772728	10.062837599999998	-302.2898865	-217.61363219999998
-83.27342224	68.26396179	-6.878782749	-15.81627846	-32.78417587	14.00422478	-25.50018501	-130.8958435	-55.23303986	-80.51036072	0.3226029575	4.684195042	-3.7153980730000002	-138.3383331	-68.68367767	16.97866058	-79.87141418	-16.00857735	-14.71745491	98.73874664	-13.52574158	103.65508270000001	2.811607838	73.21786499	-17.15364075	-70.93615723	-56.69784164	-50.41033936
-52.64866638	224.3625031	125.9280624	130.2854767	20.56940269	42.21844101	-40.18728256	-71.74996185	13.49292755	46.27880859	17.05997276	93.70159149	82.8651123	42.41888046	-89.41175842	-50.44082642	18.95641327	103.68759159999999	-23.24252892	-95.15424347	-146.0879211	65.67957306	-55.68391418	11.07411098	12.21467113	-6.344743252000001	18.34463501	-56.98193359
46.76135635	61.39461136	-21.43054771	74.07347107	-19.26962852	45.5977211	-162.7778931	-210.0696564	2.8080372810000003	9.035849571	65.08422089	94.13230896	11.194495199999999	-81.66847229	-17.76434517	8.825292587	-96.36191559	114.18569950000001	-105.1636963	8.106310844	-126.29876709999999	-128.460556	-32.04557419	32.07295227	13.64239883	22.48252678	38.99954224	93.98777771
-132.563446	219.40481569999997	-4.861885071000001	-48.46555328	-19.89739418	24.03723335	26.65076065	1.2878527640000001	-106.9160843	-113.7535782	-105.8420334	-76.0070343	-4.129739285	-124.0085297	29.0029068	-94.6418457	-230.00161740000001	-155.16687009999998	-40.19837570000001	-4.690418243	22.87363434	144.8005676	-71.9249115	3.2006266119999998	-50.48206329	-24.18593216	-172.6580505	-251.70043950000002
122.6959915	41.56227112	108.71907809999999	25.94730759	57.32720566	-123.9549179	119.0261841	10.11707401	-7.480159283	-27.38299561	-1.988123298	28.17639732	55.30569077	-108.97889709999998	24.42355919	27.71526146	82.12770081	5.915618896000001	25.04438019	8.786034584	62.76925659	80.33628082	42.01045609	23.79270935	-13.20199013	-26.41520309	147.1767426	39.20560837
-74.39656067	85.93432617	42.63233185	24.93169785	-36.9936676	14.96469784	-51.16414261	-200.89636230000002	-0.7394150495999999	-37.72279739	50.65026474	164.2020874	49.84976578	-133.6138916	-4.1883263589999995	-5.624818802	-42.25697708	22.71507263	-80.12513733	73.3089447	-77.39723969	-13.07723427	27.73344803	12.80747986	-39.82723999	3.308500051	-11.07713795	56.99840927
251.8042755	226.39640809999997	1.292914987	38.39607239	-37.94479752	66.6918335	81.48034668	146.77436830000002	41.36705017	0.43334552649999997	108.5217743	194.0436096	-4.377964973	-39.66285706	53.69649887	49.902538299999996	-2.513000011	51.45757675	91.8983078	260.3716431	115.6241608	38.80791473	45.84556961	108.34374240000001	43.04290009	69.40353394	34.00478745	20.27519035
-154.6773682	-83.51605988	-142.11457819999998	114.2516098	-86.98726654	35.23393631	-99.4406662	-7.042985439	96.10527802	85.44129944	50.03421783	34.66691589	-56.36093903	-46.84458542	-14.99615955	-12.54576588	-215.3904114	-71.15777588	-106.1502075	-113.90586090000002	49.36426163	-30.82033157	-49.53661346	-65.47589874	-8.550158501	19.98443222	-149.9760742	-81.95847321
-265.4609375	198.769165	-117.0679169	19.09405327	-27.16274834	136.4874115	-149.5321503	-57.8469162	-77.58237457	75.20064545	64.09284973	157.545639	60.32821274	-22.09071541	-35.18525696	112.6029053	-349.463623	125.1229477	-57.6974411	-147.97753909999997	-310.6076355	-109.5350189	85.44249725	158.01272580000003	39.20599365	86.90357208	-210.11604309999998	-280.36627200000004
-58.06986618	158.4742432	90.06626129	70.99451447	95.25766754	-37.67934036	108.50481409999998	188.7163544	-90.18674469	-20.73600197	98.38600159	245.0199738	44.05563354	39.67007065	-4.02662468	40.08998871	-279.7772217	-73.29603577	9.905639648	-34.19058609	-44.71479034	175.5304108	-140.3916168	91.96946716	44.0888443	37.50247955	-78.11922455	-112.349678
108.47678379999999	96.84325409	-61.52137375	15.40540314	-29.85813141	35.7672348	-103.4801941	-30.08243561	-27.03365898	-18.19762802	31.33638	39.72481918	-23.83244896	-148.836792	-60.50798416	-13.24076176	52.867679599999995	20.13820076	18.92845726	-56.79369354	-116.83700559999998	-190.6464844	8.083690642999999	-63.93986511	-44.26714706	8.717968941	23.46406746	18.60028648
