39.82032394	32.12945938	-12.95452785	-25.41667557	11.23160362	-7.03968811	-94.58838654	-27.21570587	-49.67493820000001	-51.18474197	7.939174175	61.78517914	-13.57312775	-64.89242554	-132.28654479999997	-28.69449425	42.93177414	1.9795714619999998	-104.0611038	-120.8467712	-67.66843414	-16.46632195	-54.21464539	-199.52832030000002	-99.39662933	-24.69716263	-66.48823547	-23.01917458
-122.75560759999999	30.81176949	16.92763138	-54.86874771	-37.02420044	-17.78002357	-143.6940308	-117.58595279999999	-27.17154312	-41.48230743	25.39303398	48.40652084	-30.64033508	-50.23174667	-94.0138855	-9.006290436	24.00012207	-73.90478516	33.43311691	-9.46613121	-33.72893143	20.98662758	-17.71015549	51.47130585	-58.03750229	-11.97543049	-69.46141815	-55.43400574
-4.723516941000001	-44.59630585	62.571533200000005	5.68396759	-30.66958427	28.60608482	58.728302	38.23414612	4.630924702	45.7690506	130.1507263	165.9104156	18.29829979	19.08428955	-31.05356598	68.5971756	-54.37556076	24.4207058	66.45333862	97.4848175	-2.696671963	-86.89093781	-2.8162305360000004	58.10655212	23.34893799	45.67297745	-4.086595058	-11.86913681
-20.18028259	13.80865002	78.82563019	2.89933753	29.50053787	22.22148705	-60.80152512	-1.797600031	-24.31074715	-29.10870552	98.34604645	120.8990631	15.10184002	42.44239426	-103.43442540000001	60.98262024	-31.21108437	81.54748535	-22.42047882	41.5760498	-37.66631317	-66.1656189	63.64946365	246.92774959999997	-105.74614720000001	-52.88571167	-20.95067024	39.07678223
101.81961059999999	71.74266052	2.8294157980000003	-16.56303787	113.25187679999999	27.21740532	67.59638214	45.35145187	-10.91820335	41.03809357	31.44948769	84.60569763	2.7683348660000004	7.276852608	-59.58205795	85.37630463	22.41568947	39.86116791	-89.18323517	23.10789299	52.1374855	-99.01930237	-22.037427899999997	-63.72357178	53.70370483	-11.51272678	4.740233421	-15.60335922
-66.44149017	9.120522499	-16.434047699999997	-45.81298828	-158.44581599999998	-19.000675199999996	11.21213341	-6.259903907999999	-48.59483337	-37.85233307	49.51655197	71.28697205	-37.05994797	-75.72869109999999	-53.99592209	1.4829070569999998	-16.33358955	107.9484787	-64.49285126	31.27153587	25.05173111	-82.23743439	25.66290855	181.5681	-11.61464024	21.00270271	-22.38607788	-53.99362946
42.92007828	-6.2717885970000005	-56.58368301	-73.66013336	-3.511806488	-5.2625575069999995	7.800410747999999	38.62014008	-35.86086273	-63.16085815	69.11549377	84.83596039	-9.559336662	11.1609621	-25.03610802	83.96323395	8.772407532	-87.60457611	-35.99829865	-59.35125351	-41.78865051	-66.48249054	37.59613419	83.11774445	-28.83003426	-32.22288132	13.57392025	-6.262743473
70.5693512	279.7075195	36.02174377	-88.86157227	-56.08746719	-25.24648094	144.0667877	50.65045547	-30.77507973	29.65809441	124.36979679999999	181.3264771	12.7741127	-3.269518137	-6.911880493	60.91471481	28.91789246	104.8246613	237.1830292	13.95906162	41.46126556	-15.06545162	-30.60740471	26.23330307	11.3409462	61.55910873	-0.4765636325	-21.66478539
-139.25152590000002	-38.68510437	75.9701767	-72.37363434	1.566512704	-25.76832199	-42.69087219	-41.28416824	-16.60427094	-23.84903336	59.52054214	88.95288086	-13.18878555	4.241996288	-44.37379074	34.70674515	-48.77960968	-22.43431473	11.15155697	-10.24099731	-63.89054108	12.5851469	3.713172913	39.92240143	-29.05722046	-15.08302975	5.107272625	-27.42730904
77.95679474	111.5377197	-51.69011688	-15.97861576	8.809598923	8.22687912	-63.31393051	-69.03059387	-54.99217224	-14.42760181	44.37092209	59.09081268	-17.87276459	-32.66510773	-9.545271872999999	49.41013336	-38.19566345	-48.90774918	41.99353409	2.8163249489999997	17.90993309	-51.55886841	5.524940491000001	35.80047989	-32.46393204	-16.16983032	35.58944702	8.551959991
229.44389339999998	239.1161194	8.245792389	-71.02020264	-28.7563858	-2.6053280830000003	32.76430893	-13.59982109	-8.348320007	53.76556778	115.40052800000001	106.6225739	37.80547333	-29.09835815	-51.49328995	71.14057159	40.02322769	40.34561157	50.62998962	-56.01159668	17.53268433	75.53908539	-2.025540113	-5.113406658	21.581707	-6.189521312999999	-103.28566740000001	-106.7698517
-179.6334076	-12.35236835	-42.36067581	-20.45266724	-70.0111084	-19.00086975	-16.2527771	18.83543968	-16.09192467	-57.80997849	74.89556122	69.32101440000001	-18.60242462	-7.8083100320000005	-69.89962006	63.70549393	-60.03387833	-100.8599625	-3.621419191	34.02323151	54.53966904	-40.64751434	-24.98302078	-27.00839615	-24.66266823	-4.4417128560000005	3.204624653	6.836543083
341.31414789999997	85.77274323	-42.01041794	-44.55414963	146.8274689	45.87110519	115.5073624	36.85179901	-60.59718323	-33.32440567	14.87504768	60.36569977	19.71956825	-46.71361923	-107.1045914	-37.16864014	21.17179871	20.41142464	16.41003799	-41.66408539	13.08577633	-13.24441433	-13.29309845	31.0444603	-46.404224400000004	-50.18846512	2.995782137	-36.66778946
-6.026809216	20.4944973	37.3405304	-42.45328903	-45.18547821	36.39396667	-98.21595001	-49.23360825	-34.33156967	-34.49954987	-0.9039527773999999	48.128944399999995	-45.22265244	-35.79701996	-28.30779648	54.98702621	21.31276894	34.49476624	-29.181583399999997	19.92736244	-51.62164307	46.36060333	54.21754456	45.4732666	-35.25475311	-4.747168541000001	18.69188309	15.85070992
158.0267334	244.96237180000003	-14.58939552	61.26415634	60.23965073	10.02848625	76.96606445	53.95733643	66.84187317	29.66082764	164.7234955	169.8460541	-42.16188812	-22.08643341	-18.58699036	82.3468399	-80.02869415	-122.20153810000001	136.71530149999998	123.0494003	18.34232903	-93.62580872	51.00127029	78.24331665	-29.11969376	-11.73856926	8.355264664	-4.760278225
-16.36982918	161.1059418	-2.884529829	-59.84413147	105.8873138	24.30188942	19.66935158	-24.48473167	-31.07866096	-13.93528175	212.2186432	196.2602081	0.6303139925	27.0445385	-60.08189392	17.6369648	-4.858063221	78.25878906	32.21604919	-47.37306213	38.56867218	35.94005585	44.0967865	145.6661835	4.47287035	43.55727005	-21.23990822	-46.8338356
158.3858185	-84.68591309	-18.81918526	19.04627037	-79.855896	-41.53900146	-91.06812286	-37.75357819	30.0826683	34.63212204	-97.45735931	-118.384697	-17.45841789	-60.13488007	-245.2471619	-36.09311676	-71.8079834	-108.68893429999999	102.9135818	-3.054312944	89.03297424	-221.4181671	-36.77189255	40.64340591	-32.14237595	-54.14164734	-94.45011902	-78.53601074
64.53846741	36.93117142	66.72064209	-32.56872559	-36.09484863	31.95333099	29.91750336	-27.79992104	36.51536942	-12.25878334	89.91937256	157.2729034	-31.71213341	-26.50185776	-117.6498108	-21.22706413	34.66674423	113.8348618	70.99246216	-9.165017127999999	-28.96528435	31.48224831	-16.60674286	43.30298615	23.13331032	10.71624374	-70.63822937	-49.49435425
129.8463593	41.261913299999996	13.95417309	-22.90104675	-34.65833664	47.22826385	-6.4938364029999995	-18.72309685	31.13618279	38.15502167	-20.53493118	34.21408463	-44.56548309	-38.19632339	-61.2549057	-74.45001221	-78.10366058	-40.76601028	111.1685104	-4.838668823	-41.01511002	-45.10289764	-38.70137787	-132.48138429999997	-14.69090176	10.98390675	-97.55057526	-47.22491074
-48.37817383	-117.12843319999999	16.30317307	-22.38210106	-4.874605656	-15.53182888	20.05908966	5.626346111	10.13567162	-41.14928436	-39.47094727	-48.19219971	-34.66214752	-76.91585541	19.276992800000002	51.90143204	34.29699326	46.11086655	23.59843254	13.1799345	15.15550804	-126.61884309999999	-27.59103584	42.22280502	-81.92458344	-27.85088539	50.85789108	33.77006531
-27.4720993	77.42759705	-39.77491379	-77.20938873	-36.05121994	-29.36760902	-28.76577377	-99.49396515	-0.46518525479999995	13.90339279	110.0653229	111.80632779999999	-34.36910629	1.310554862	-92.89960479999999	-16.84889793	-93.36334229	-18.02791977	115.66726680000001	23.25622177	81.70658112	-5.681313515	-21.97419167	32.81832504	32.86906052	15.78704453	-17.65879631	-11.83543968
170.30207819999998	291.63797	-6.00603056	-109.31660459999999	112.2875366	62.04419708	71.3161087	149.11039730000002	43.12017441	-42.24061203	104.7809372	101.6289368	3.766913176	-3.677571297	-66.31600952	97.4078064	34.27489853	96.5592041	39.90938187	-10.79436398	49.29748917	70.1048584	5.334050655	27.78127098	78.61527252	34.84801865	-19.10363197	-0.38835352659999994
112.30641170000001	95.61524963	-2.345803499	9.519421577000001	41.42684937	11.61214161	83.01399994	4.359733105	23.16965866	6.595374584	85.08390808	72.552948	-15.05327892	-2.011519432	-49.92494202	36.61322403	-58.05289459	-44.24377441	53.30936432	59.14624786	68.66587067	-175.4467316	28.69240189	26.65968895	45.86811829	-24.34409142	16.47646332	16.17547798
-19.07489204	-169.77293400000002	-13.16953373	-0.8540056348	-67.29956818	24.66052437	-46.9184761	-112.36203770000002	-14.91492558	8.537657738	152.1908875	124.464592	-29.18495369	-3.70381546	-70.54860687	6.592274666000001	-3.8103530410000004	-38.88286209	99.86257935	-84.53799438	-51.59550476	-195.7715149	15.774606699999998	58.81455231	24.27863121	44.20843887	-83.9223938	-60.61356354
-7.326140881000001	-113.2608871	26.79398346	-51.75718689	3.218348026	24.02794456	-55.74059296	-86.22642517	4.934339523	-73.90394592	18.37482643	36.19589615	-41.09992981	-91.49138641	-105.8658905	-69.30332184	-27.30930138	-39.25531006	160.06964109999998	-38.00512695	-16.02604485	112.1525726	-10.16111469	25.62070274	-97.18468475	-3.630999565	-61.92214584	27.0654335
41.97955322	-49.337677	-56.79837418	-108.89336399999999	-7.581653595	16.26516724	-59.41847610000001	-98.98416901	-40.49147034	-47.39217758	79.46381378	110.394722	-65.81191254	-34.20831679999999	-136.0110779	0.9015254378	-36.92609406	-53.89003754	205.1727753	-3.738850355	-112.0421219	13.98665428	-42.28001404	31.4989872	-69.01177216	-28.69205856	-116.22170259999999	-43.97110367
-75.84696198	-6.021183014	20.56108665	-35.75328445	-2.277557135	31.30289841	46.96473694	-2.285047531	29.77155685	-35.18747329999999	70.27548218	99.06174469	1.104967952	16.95234871	34.66257477	86.49021149	-37.20284653	-109.9395142	54.18146896	-9.107498169	73.67555237	17.16851997	12.55654621	-44.47066498	10.51084423	62.56930161	32.04444122	15.0430212
109.3522415	0.4207291007	72.88724518	39.60991669	14.56175709	42.29248428	75.30813599	75.10770416	35.04086685	33.15895081	129.2687073	194.1435394	-16.1208744	-18.84803009	-65.64215088	33.24358749	58.49549866	139.02645869999998	-17.36417389	-9.662693977	55.23390579	-141.6356049	-27.28424454	71.49969482	39.94446182	35.69501877	-46.47885895	24.78579712
31.87840462	-91.29484558	-85.33835602	-101.1016235	-14.94958591	-69.00319672	-107.75279240000002	-42.06986618	-19.16960335	-10.01009464	42.59379959	82.66730499	9.12012291	-8.580384254	-74.65340424	21.29473305	-78.91849518	-77.32520294	-92.3861084	-53.30755234	-30.95856094	-65.9096756	-8.763988495	93.54828644	-33.41272354	-84.27230072	-91.74874878	-77.21387482
0.13934579490000001	19.48893356	-24.86396027	-0.7503199576999999	-37.29516602	6.831142426	63.22655487	-11.91914177	9.528585434	-48.37942123	16.30097389	19.78992462	-36.30666733	-61.54951477	-33.36338043	21.57806969	19.45902634	-46.20959473	-153.111908	-29.85904503	36.71339417	-58.40988922	-57.0684433	-92.32997131	4.134368896000001	-23.37850761	-52.0884819	-42.70212555
67.54060364	16.98755455	43.48707199	49.46749115	7.811309337999999	13.09565353	-1.03970623	22.93448448	-16.88565445	-3.650788069	140.4355621	124.8019943	-23.93865395	-2.44073987	21.12208557	12.72354889	-73.63834381	-116.1379395	-140.1192169	63.17816162	18.75505447	-150.2692413	23.83765411	49.07986069	4.592824459	-34.85499954	2.6002988819999997	-1.348556519
261.8118591	72.00734711	-120.24971770000002	-103.34601590000001	20.32533455	63.46034622	61.38685226	-21.8672924	-26.2959156	-22.25388908	160.86764530000002	201.2513275	-70.91423798	-69.99222565	-5.892649174	20.79060555	-71.12454224	-86.52539062	31.61211395	28.91659737	50.80912399	-127.4237442	46.16659164	-5.296350479	58.66091537	14.42315483	-59.9757843	-75.27110291
-132.0077209	-127.2911606	6.943478107000001	-12.50925064	37.78696442	-6.674319267	-15.66938972	-24.71977997	-18.59362984	-44.51564789	43.68217087	32.7740593	-6.042367457999999	-38.34384155	44.91382599	4.81846571	-33.39252853	-103.961937	-112.45090479999999	36.50494766	59.01303864	68.07719421	13.21745014	122.9428406	-64.83235931	-35.85995483	3.430675745	9.05893898
172.23937990000002	206.7974701	3.957857609	-31.45124054	60.85976410000001	41.2325058	8.140810966	6.568909167999999	-58.03096771	-31.838012699999997	38.94177628	76.03859711	-12.88405228	-43.01966858	6.265398026000001	69.21585083	-85.50549316	-124.3171463	-73.28652191	3.795365095	-26.57830811	17.10694122	-9.036812782	-11.046940800000002	56.92508698	0.6563358307	-50.26501083	-72.99156952
117.4716492	70.96735382	-50.445858	-122.51290130000001	-6.53523159	33.18788147	52.80468369	26.39040947	-48.20554733	-65.07849884	127.8767166	104.6720428	2.3700325490000003	-65.55184174	1.005231857	-26.62735939	-41.55256271	-9.570835114	-131.1613159	10.94002056	159.0101929	116.8888397	18.57851028	147.6620941	-14.98285675	-2.308637857	13.46375275	-56.96419525
-42.65158463	78.19610596	-47.14308929	-46.98608398	12.74009037	5.250349998	-9.800509453	-27.06576729	-96.73530579	-35.77771378	50.29261017	23.11531258	15.23714828	-20.717062	55.422134400000004	73.7797699	-27.5995903	1.035639048	-85.9672699	-42.59421921	84.17662811	37.02675629	14.34025097	178.0190125	-10.59375858	18.33828354	-18.72391701	-51.96629333
146.3106842	-82.93248749	-72.33404541	-100.30663299999999	-25.37658882	-10.11374378	-88.38695526	-62.02228928	-20.95764732	-32.68925095	62.75976562	23.01995087	-57.64160156	-73.06931305	-19.75376892	-37.46222305	-84.60005188	-71.22596741	-116.86577609999999	-11.31077385	-0.8268528581	-92.52430725	-33.34467697	11.19091892	9.872031212000001	-40.38454437	-101.6227264	-77.87289429
78.17060089	-25.20042801	-31.73385429	-35.71823883	22.68862534	-24.97047043	-49.46002579	-26.73006821	-55.42635345	-64.74628448	136.6086884	112.9215851	-49.88028336	-32.74773026	-77.61458588	-29.84421921	-109.2766571	15.32282066	-28.3486557	-12.2800703	-20.94394684	6.289528847000001	-65.92652893	137.2686005	-17.59770966	-3.234959126	-67.18434143	-25.25769997
28.46105385	141.26362609999998	-13.9933548	44.33400726	49.91228867	-5.812323093	-15.51686764	7.780879497999999	-32.81418991	49.80307388	87.11392212	96.45171356	-25.11642456	-14.44231224	57.02148819	18.28559303	-11.65839577	-10.83179951	-122.358078	55.931503299999996	53.50617218	45.84053421	44.41703796	151.23515319999998	32.90892792	-43.00839615	-12.7803545	2.481606483
-5.77216959	48.76262665	7.0426645279999995	-63.67749023	61.936279299999995	11.84541702	44.70978928	-24.95132256	26.45898438	-19.44895172	110.12229920000001	94.29882812	5.683955192999999	-11.26886559	-1.3468819859999999	26.45399475	-7.672356606	16.96850586	-12.68664265	23.49799919	104.0511551	-111.7894669	-22.0845108	102.70823670000001	5.402962685	-0.05804457142999999	21.09685326	6.92729187
193.9737854	105.0044479	-11.59936523	38.55853653	149.42892460000002	28.13523483	92.30553436	-25.80595207	-8.700920105	34.08845139	13.72852516	94.12905121	17.23139763	-61.26197815	-19.52017403	103.0732498	-70.85448456	-82.73497009	-151.3033447	52.52939987	-36.44574356	140.43426509999998	-24.57317543	-38.40753555	2.3579235080000003	-16.62030602	-45.77411652	19.68715286
-45.35204315	-78.27401733	-98.22399902	-153.1788635	71.76508331	-19.03134727	-65.86816406	-42.73425674	-26.76612091	-72.75672913	-36.09355545	81.43151855	13.25426102	-47.96233749	-40.59665298	-95.98810577	-63.6031189	-97.8755188	-143.2895966	-40.65231705	-14.76682758	30.62241936	-80.47492981	-23.62607384	-67.20404816	-70.73316956	-84.53243256	-32.79299545
-40.38105011	77.28985596	-36.41804123	19.64101028	-41.50741196	4.37476778	-85.07797241	10.21499634	-37.10051727	5.740270615	126.978096	103.20487209999999	-17.69096184	-26.3726635	-150.1061859	29.99343681	-56.31500244	0.6158648729	88.09249115	10.20362854	-31.50819969	-6.820815562999999	15.53380394	-64.9206543	-23.152927399999996	-30.98558807	-105.4580078	-41.48046875
137.28936769999999	123.52236940000002	-51.64258194	-66.87574768	19.60195351	24.63992691	54.05685806	-37.20265579	-19.37376595	-13.14664173	134.1269073	41.81387711	-19.38261223	-55.79513168	-94.34580994	-77.46989441	-18.13664055	-75.86987305	78.68812561	20.32756996	74.57741547	9.835520744	18.68717194	23.57594681	-3.9567117689999995	1.5052343609999999	-38.86180878	-38.58031464
-92.51381683	76.13327026	2.8206269739999996	-42.49873734	53.07142639	-42.10308838	-83.18450928	-4.1875095369999995	-36.25642776	-4.9697179789999995	-27.62203979	-10.69434357	-37.58152771	-41.35817719	-62.81445312	-54.62538147	-29.64004135	-64.4646759	127.3075562	38.47613907	-57.38243866	-9.561946869	-63.40365601	23.4034977	-57.90084457	-0.2904542089	-94.69991302	-53.05777359
-304.38009639999996	-120.5777817	-33.50913619999999	59.08402634	-115.82493590000001	50.11274338	-19.37038994	18.15567398	-12.15335274	33.09891891	195.7786102	148.7014465	-3.317655563	-45.52668762	36.89582825	58.79069519	26.92328453	39.944767	-9.10268116	-6.113662242999999	9.694434166	-230.29945370000002	19.05600929	94.28541565	22.96696663	54.26221085	-19.74625587	-4.017597198
-84.45373535	-49.67592239	7.899993896000001	-44.31753159	12.92248058	22.50806046	-61.162841799999995	-19.77007103	-6.609972477	56.3617897	52.55979538	36.98929977	-29.71746063	-24.56779861	-100.85395809999999	-29.89505386	-38.55796814	19.89544296	-33.52118301	8.30821228	51.48497772	-144.9545746	18.11369896	177.9446716	23.12783623	46.09764862	-99.35024261	-23.45503235
-6.095657825	102.0574112	-16.547369	70.51049042	-26.88081551	23.43025017	-17.43602753	46.84701538	-4.553026676	34.90292358	171.1381989	174.2461243	-23.02337837	-0.3484366238	-16.42943192	78.81225586	-46.8807106	-1.815882802	209.56016540000002	33.68959427	89.69764709	74.54878235	24.73045158	-22.26236153	16.93259239	25.61394119	-27.52966499	-35.61266327
-52.44054413	123.3930435	42.36407089	0.03119239211	9.661914825	16.18841934	-63.92222595	-53.52796555	-8.49438858	27.84472847	15.57929611	83.0369873	-15.28259754	-92.03890991	-75.15421295	19.4137516	27.30880165	-7.250831604	14.88072586	30.23832321	-1.0758978129999999	196.095993	-13.70461941	-37.52621078	-7.081528187000001	64.73623657	-72.12306213	-24.45868111
-245.2653656	55.33059311	0.035882834350000004	-18.50350761	17.800897600000003	18.43040276	-52.74404526	-15.80879593	16.15825272	77.20114899	151.48344419999998	118.76025390000001	3.085680962	-60.45809937	-15.83385944	-36.16405487	-72.41103363	-16.8483696	148.600235	26.85221481	67.34765625	-70.84584045	17.65618134	-9.269272804	-52.68286514	50.67474365	-22.22519684	-46.76879883
-14.09004593	71.04084778	38.41986847	-30.28998947	-61.71584702	28.40716362	-42.91334915	-109.6294098	-10.85281944	38.41851425	180.3716431	20.85684586	18.71825218	-39.39284515	-75.36325836	48.40996933	-39.33696747	-3.7298600669999997	12.18928623	76.24381256	37.80467987	-66.35746002	-12.80398846	12.9563427	36.47706223	34.39757538	-61.716934200000004	-17.73952484
-205.9536591	-49.71770096	-44.03392410000001	-66.23132324	-89.68489838	38.43437576	-54.87556076	-30.95423698	0.8428406715000001	26.45439148	76.30199432	47.88040543	-23.48116684	-29.29823112	-104.3098526	12.11841202	33.84702301	11.55698872	140.61964419999998	31.05049706	-8.054257393	-59.931633	0.1879133582	66.46665192	-19.16291046	-17.3034687	-62.77227020000001	-32.45845032
-40.47008514	71.05767059	-56.56313705	-91.15393829	-47.76325607	-14.46767807	23.81543541	-53.60987473	-26.27166748	9.244634628	58.99346542	-19.34572411	-29.83480453	-37.17567062	-90.63529205	-9.86284256	-12.13467216	-22.22101212	-26.93814468	-17.62485123	32.70354462	65.90966034	-5.661328792999999	11.91361809	44.25362396	-24.38033676	-66.38832092	-54.34685898
14.53630161	78.8225708	74.2789917	70.09807587	-42.15649033	25.754489899999996	-11.10869217	5.50193119	33.30263519	19.04199219	104.17216490000001	103.5608978	4.188054562	-31.08558846	-36.768013	96.18623352	35.00310516	29.40359306	79.63108063	40.71649933	-15.48374081	-248.4221497	28.18764496	16.81027794	-28.32774162	56.91033173	-20.83542824	-39.89719391
19.58888054	64.86952209	-50.54927444	-71.11064148	-2.1777589319999997	-21.85290718	-20.95528221	22.71829605	-22.51732826	14.648672099999999	72.57019806	50.5222435	-29.68380356	-50.77400589	8.869649887000001	84.23462677	14.2878828	-87.98180389	-3.262348652	-40.70738983	42.40394592	-44.278446200000005	0.5052051544	-33.66227722	27.46154594	-18.69705391	-1.645744681	-45.51499176
-189.79067990000001	46.20267105	-37.64071655	-22.31639671	18.90068436	24.58244514	-51.96840668	19.19700241	-30.45179367	4.36011219	109.6136856	86.87159729	-12.92514896	1.672544241	-35.01267624	42.43628693	24.16884804	10.81421471	12.43561745	-46.79825974	87.22827148	107.4318466	6.09000206	-24.03955841	35.76685333	67.98862457	-26.83946419	-45.77826691
-107.67982479999999	9.314856529	-12.33438301	-47.23611069	-63.21118927	-26.0651989	-39.23171616	11.80445766	-25.86514854	-39.40706635	103.4661713	112.8549881	3.233426332	-23.52749252	-77.12171173	-21.67759132	10.1339817	108.07516480000001	-39.53741074	-97.12709045	115.5053787	-99.35115051	-58.37945938	29.1518898	-62.83807755	-12.50150108	-102.59227750000001	-62.34510039999999
166.1192322	61.15633011	-8.396121979	-44.98716736	50.56344986	2.238079786	-35.87036133	-93.69169617	19.2390213	31.57847977	99.97621918	102.1929932	-6.793609142	-2.4736330509999997	-75.38535309	-20.64098549	-49.88408661	-51.76497269	-57.60523987	7.563035965	-20.2429924	67.62117767	1.164246678	80.49404144	19.51552391	25.84529877	-5.9396371839999995	-68.63422394
55.55965424	270.5423889	-61.34322357	-64.34467316	59.3806839	-8.994399071	62.26131821	50.25660324	-28.61728477	7.117076397000001	101.0342712	80.63546753	29.18717575	13.85516167	45.10251236	81.2593689	39.12299347	6.831332207000001	64.25069427	55.28372955	189.1475372	30.39875984	40.86164474	174.5384674	33.26134872	10.72590065	25.93740463	4.282814503
39.82032394	32.12945938	-12.95452785	-25.41667557	11.23160362	-7.03968811	-94.58838654	-27.21570587	-49.67493820000001	-51.18474197	7.939174175	61.78517914	-13.57312775	-64.89242554	-132.28654479999997	-28.69449425	42.93177414	1.9795714619999998	-104.0611038	-120.8467712	-67.66843414	-16.46632195	-54.21464539	-199.52832030000002	-99.39662933	-24.69716263	-66.48823547	-23.01917458
-122.75560759999999	30.81176949	16.92763138	-54.86874771	-37.02420044	-17.78002357	-143.6940308	-117.58595279999999	-27.17154312	-41.48230743	25.39303398	48.40652084	-30.64033508	-50.23174667	-94.0138855	-9.006290436	24.00012207	-73.90478516	33.43311691	-9.46613121	-33.72893143	20.98662758	-17.71015549	51.47130585	-58.03750229	-11.97543049	-69.46141815	-55.43400574
26.0658493	89.09878540000001	49.64081192	-51.67402267	-29.85339737	-14.54717827	87.28990936	59.39656067	-5.409733295	46.33552933	94.27576447	110.4667282	22.32039642	-14.84170437	-7.997277737	121.22155759999998	6.652715682999999	11.36557198	162.78787230000003	88.22668457	90.75389862	56.61745453	9.641114235	60.63456345	30.02985954	40.29148102	4.192333221	-18.07489395
101.81961059999999	71.74266052	2.8294157980000003	-16.56303787	113.25187679999999	27.21740532	67.59638214	45.35145187	-10.91820335	41.03809357	31.44948769	84.60569763	2.7683348660000004	7.276852608	-59.58205795	85.37630463	22.41568947	39.86116791	-89.18323517	23.10789299	52.1374855	-99.01930237	-22.037427899999997	-63.72357178	53.70370483	-11.51272678	4.740233421	-15.60335922
141.6360168	190.67475890000003	-38.8832016	-59.8067894	-54.50427628	32.73931122	-62.78722763	-82.15910339	23.72031593	12.46671104	124.3378372	73.21088409	18.65935326	-25.42346001	-88.65559387	-37.34118271	-13.23590755	16.83821487	113.98429109999998	-26.23489571	106.1503754	-3.428907633	-47.69400406	-145.7727356	-10.88868523	-24.27555656	-26.22856712	-90.91683197
-66.44149017	9.120522499	-16.434047699999997	-45.81298828	-158.44581599999998	-19.000675199999996	11.21213341	-6.259903907999999	-48.59483337	-37.85233307	49.51655197	71.28697205	-37.05994797	-75.72869109999999	-53.99592209	1.4829070569999998	-16.33358955	107.9484787	-64.49285126	31.27153587	25.05173111	-82.23743439	25.66290855	181.5681	-11.61464024	21.00270271	-22.38607788	-53.99362946
105.49843600000001	325.66149900000005	2.504916191	-46.92942047	79.0816803	-6.825012207	8.914300919	52.66753006	61.519882200000005	32.41980743	55.38109207	22.11619377	5.654174328	33.41018677	-71.61335754	-1.8285235169999998	-40.29169083	-76.56866455	71.38093567	82.68082428	88.26494598	-31.19481468	20.71489143	1.488248706	41.65044022	0.238698557	40.46971893	-46.37899779999999
-70.44918059999999	-79.71186066	-13.02165127	-47.03781891	6.1024160389999995	1.871628642	-49.33460236	-76.76126099	-15.90037727	-44.72752762	50.17881393	106.6316757	30.63030815	-48.30182266	-78.05596924	46.94748688	10.28337765	44.83373642	68.90494537	-11.08695507	-70.65727234	-112.9001465	-20.54223061	-127.694519	-6.989842415	-6.417838572999999	-53.007579799999995	-40.62656403
-206.3522644	-121.426506	-92.02087402	-94.18701935	-100.56051640000001	-2.528034687	-83.54883575	-15.71136093	-21.87925911	21.12550354	1.015656233	25.43925858	10.60218811	-27.741695399999998	-55.03141785	30.36132431	-103.47444920000001	-71.85562897	-3.527513504	30.14396286	22.55078697	-42.84860611	-27.26126671	-64.2490387	14.67283726	-24.08420563	-35.16563034	-55.73789978
229.44389339999998	239.1161194	8.245792389	-71.02020264	-28.7563858	-2.6053280830000003	32.76430893	-13.59982109	-8.348320007	53.76556778	115.40052800000001	106.6225739	37.80547333	-29.09835815	-51.49328995	71.14057159	40.02322769	40.34561157	50.62998962	-56.01159668	17.53268433	75.53908539	-2.025540113	-5.113406658	21.581707	-6.189521312999999	-103.28566740000001	-106.7698517
341.31414789999997	85.77274323	-42.01041794	-44.55414963	146.8274689	45.87110519	115.5073624	36.85179901	-60.59718323	-33.32440567	14.87504768	60.36569977	19.71956825	-46.71361923	-107.1045914	-37.16864014	21.17179871	20.41142464	16.41003799	-41.66408539	13.08577633	-13.24441433	-13.29309845	31.0444603	-46.404224400000004	-50.18846512	2.995782137	-36.66778946
-6.026809216	20.4944973	37.3405304	-42.45328903	-45.18547821	36.39396667	-98.21595001	-49.23360825	-34.33156967	-34.49954987	-0.9039527773999999	48.128944399999995	-45.22265244	-35.79701996	-28.30779648	54.98702621	21.31276894	34.49476624	-29.181583399999997	19.92736244	-51.62164307	46.36060333	54.21754456	45.4732666	-35.25475311	-4.747168541000001	18.69188309	15.85070992
105.48246770000002	-28.12684822	-76.91461945	-110.55342859999999	-18.77316284	-18.40415955	-42.79876709	-36.88543701	15.27944088	-31.98317528	7.355515957000001	25.90236092	-8.609857559	-92.2430954	-89.23510742	-48.19355392	-68.91901398	-139.43719480000001	155.17807009999999	24.91418839	31.7413044	-118.96398159999998	5.353113174	90.55382538	-18.03282738	-5.117270947	-55.00415421	-72.21670532
127.35353090000001	-155.1553955	-36.01487732	70.26327515	-36.04907608	25.48593712	-33.27763367	-41.20521927	-3.8352124689999996	-19.06655502	84.41051483	102.97782140000001	-75.63513184	-63.93584061	-81.45117188	-21.83374405	-29.57891083	-45.98743057	29.51777649	-20.70172501	43.05758667	-73.96240234	11.6995039	-29.18038368	-31.36834145	16.206707	-58.66923141	-21.88558006
20.38472366	-62.81614685	-20.54974937	16.83365631	-69.02102661	-24.36799622	-9.392994881	-81.1907196	40.71881866	-7.612552643	33.14561081	121.63767240000001	12.86162758	25.79114723	-91.4573822	-34.26144791	29.50299835	-8.651130676000001	103.8939896	10.58686543	-22.6511097	-164.189743	-56.92352295	52.76935959	35.02522659	-33.26742554	-85.57217407	-76.25305939
158.0267334	244.96237180000003	-14.58939552	61.26415634	60.23965073	10.02848625	76.96606445	53.95733643	66.84187317	29.66082764	164.7234955	169.8460541	-42.16188812	-22.08643341	-18.58699036	82.3468399	-80.02869415	-122.20153810000001	136.71530149999998	123.0494003	18.34232903	-93.62580872	51.00127029	78.24331665	-29.11969376	-11.73856926	8.355264664	-4.760278225
-16.36982918	161.1059418	-2.884529829	-59.84413147	105.8873138	24.30188942	19.66935158	-24.48473167	-31.07866096	-13.93528175	212.2186432	196.2602081	0.6303139925	27.0445385	-60.08189392	17.6369648	-4.858063221	78.25878906	32.21604919	-47.37306213	38.56867218	35.94005585	44.0967865	145.6661835	4.47287035	43.55727005	-21.23990822	-46.8338356
123.07814029999999	7.191479206	-100.9914627	-137.3617554	-7.8065075870000005	14.96683598	40.76345444	14.99544716	-26.26723289	-15.97505093	92.32676697	125.75756840000001	-60.83112335	-50.39016724	-77.51545715	-3.646061182	-48.98299026	-12.06772327	16.40849113	3.767456293	32.98998642	17.06280518	18.93820953	140.95024109999997	-40.28063202	-10.12288189	-47.08747864	5.897109985
129.8463593	41.261913299999996	13.95417309	-22.90104675	-34.65833664	47.22826385	-6.4938364029999995	-18.72309685	31.13618279	38.15502167	-20.53493118	34.21408463	-44.56548309	-38.19632339	-61.2549057	-74.45001221	-78.10366058	-40.76601028	111.1685104	-4.838668823	-41.01511002	-45.10289764	-38.70137787	-132.48138429999997	-14.69090176	10.98390675	-97.55057526	-47.22491074
72.49494171	-34.97597885	-41.04010773	-26.82775116	14.15776253	45.60316086	-3.604842901	56.92706299	-15.76566029	-20.21770477	109.14378359999999	131.7481995	13.04357529	-9.910130501	-7.32290411	99.17767334	-2.259785414	-27.48961067	7.554069042	32.21928024	-12.65180302	-249.85307310000002	5.249717712	75.00936127	35.66204071	22.68629646	30.09837532	-25.519569399999998
-48.37817383	-117.12843319999999	16.30317307	-22.38210106	-4.874605656	-15.53182888	20.05908966	5.626346111	10.13567162	-41.14928436	-39.47094727	-48.19219971	-34.66214752	-76.91585541	19.276992800000002	51.90143204	34.29699326	46.11086655	23.59843254	13.1799345	15.15550804	-126.61884309999999	-27.59103584	42.22280502	-81.92458344	-27.85088539	50.85789108	33.77006531
258.61026	34.28517914	-44.42687988	-54.22616959	5.004222393	25.35385895	174.8138733	49.26493835	46.56930923	0.8620271683	-12.24213886	66.19176483	-24.40273666	-52.59942627	-34.07396698	-3.0946457389999997	-23.6027832	-55.34972382	38.1448555	53.32498169	71.25494385	9.733507156	53.49012756	56.23291016	-68.83296204	42.18128586	-8.851113319	-19.48692513
-52.55714417	-15.01785278	-55.36266708	3.825548887	-21.24221992	-8.657275199999999	6.939195156	4.834278107	27.85417747	17.73358536	39.22022629	35.43742752	-66.74884033	-5.111519337	-122.22673030000001	11.53207111	-88.36112213	-104.75392149999999	4.077694416	-7.486334801	-10.84824181	-110.48722839999999	29.48109245	-159.9209747	22.13378143	81.41165161	-46.52956009	-14.59675407
142.9968719	-32.38612747	2.207261562	-16.06921196	-67.96315002	-13.21984577	-38.199050899999996	-22.13228416	18.29986382	-69.42112732	2.6318361759999997	17.52070618	-83.0740509	-111.03902439999999	-105.86164860000001	-34.11606979	-141.9260406	-98.28244781	-38.10214996	64.06162262	-13.66542435	124.20490259999998	-57.45960617	30.33057404	-124.2265854	-68.03424072	-78.40335846	-74.96659851
-7.326140881000001	-113.2608871	26.79398346	-51.75718689	3.218348026	24.02794456	-55.74059296	-86.22642517	4.934339523	-73.90394592	18.37482643	36.19589615	-41.09992981	-91.49138641	-105.8658905	-69.30332184	-27.30930138	-39.25531006	160.06964109999998	-38.00512695	-16.02604485	112.1525726	-10.16111469	25.62070274	-97.18468475	-3.630999565	-61.92214584	27.0654335
-75.84696198	-6.021183014	20.56108665	-35.75328445	-2.277557135	31.30289841	46.96473694	-2.285047531	29.77155685	-35.18747329999999	70.27548218	99.06174469	1.104967952	16.95234871	34.66257477	86.49021149	-37.20284653	-109.9395142	54.18146896	-9.107498169	73.67555237	17.16851997	12.55654621	-44.47066498	10.51084423	62.56930161	32.04444122	15.0430212
109.3522415	0.4207291007	72.88724518	39.60991669	14.56175709	42.29248428	75.30813599	75.10770416	35.04086685	33.15895081	129.2687073	194.1435394	-16.1208744	-18.84803009	-65.64215088	33.24358749	58.49549866	139.02645869999998	-17.36417389	-9.662693977	55.23390579	-141.6356049	-27.28424454	71.49969482	39.94446182	35.69501877	-46.47885895	24.78579712
115.8666916	144.5312958	14.91945553	-3.900974035	69.31221008	-50.37045288	40.48798752	-12.25383949	-28.53296661	11.76196671	37.69058228	65.73327637	-30.253322600000004	-73.50666046	-57.90406418	-22.33031845	5.148870468	-26.21319199	-35.49849319	44.58136368	31.15899658	158.4947052	8.210766792000001	46.81907272	-7.427387238	-10.97849369	-23.3812294	-14.64210987
-55.7389679	33.93786621	-46.04246902	-32.60933304	-86.93993378	-42.09331131	-37.11980820000001	-25.94869423	-48.65901566	-63.66034317	11.46408749	-48.81051254	-14.64142895	-69.39477539	45.89723206	87.05940247	-58.09600067	-80.33889008	37.85771179	6.917710781	133.2988281	-8.070400238	49.82152176	197.9329376	-60.43345642	-32.83789825	32.05799103	-21.17539024
51.04488754	-5.496513844	-4.663075924	-31.56249046	34.65459442	17.41760635	-3.219874144	20.17905617	55.9899559	23.95300674	120.6856003	174.1807861	-8.222350121	6.8582482339999995	-41.05002594	51.24736023	-36.25756836	-9.738084792999999	-236.8636475	8.193218231	18.10334969	-80.66307831	-6.855302334	76.36086273	37.68062973	-9.025759697	40.07157516	-129.97627260000002
31.87840462	-91.29484558	-85.33835602	-101.1016235	-14.94958591	-69.00319672	-107.75279240000002	-42.06986618	-19.16960335	-10.01009464	42.59379959	82.66730499	9.12012291	-8.580384254	-74.65340424	21.29473305	-78.91849518	-77.32520294	-92.3861084	-53.30755234	-30.95856094	-65.9096756	-8.763988495	93.54828644	-33.41272354	-84.27230072	-91.74874878	-77.21387482
0.13934579490000001	19.48893356	-24.86396027	-0.7503199576999999	-37.29516602	6.831142426	63.22655487	-11.91914177	9.528585434	-48.37942123	16.30097389	19.78992462	-36.30666733	-61.54951477	-33.36338043	21.57806969	19.45902634	-46.20959473	-153.111908	-29.85904503	36.71339417	-58.40988922	-57.0684433	-92.32997131	4.134368896000001	-23.37850761	-52.0884819	-42.70212555
-29.58590508	66.23686981	-22.39374542	-34.14558792	116.8089523	3.8521850110000004	-26.28783226	3.2728953360000004	-19.05888939	82.49877167	52.49483871	63.96041107	20.82765579	-80.73423767	24.47073174	21.79715919	-32.10990143	-62.92459488	38.39677811	-2.295614004	55.11061096	27.59252739	-28.33483696	-9.274780273	29.22609901	27.19315529	56.11366653	18.02766609
-132.0077209	-127.2911606	6.943478107000001	-12.50925064	37.78696442	-6.674319267	-15.66938972	-24.71977997	-18.59362984	-44.51564789	43.68217087	32.7740593	-6.042367457999999	-38.34384155	44.91382599	4.81846571	-33.39252853	-103.961937	-112.45090479999999	36.50494766	59.01303864	68.07719421	13.21745014	122.9428406	-64.83235931	-35.85995483	3.430675745	9.05893898
154.1010284	-38.61288834	-45.87390137	-91.29669952	11.5625515	-34.90973282	36.03207397	-66.58670044	33.33238602	4.908680438999999	108.06752009999998	64.06245422	-23.73633385	-33.55168533	-84.30635071	40.01281357	-73.03120422	32.75298309	-11.56549358	-10.49943638	23.67342377	-32.02129364	-25.19685936	8.339565277	6.651468754	-26.71826744	-23.67546082	-46.0226059
172.23937990000002	206.7974701	3.957857609	-31.45124054	60.85976410000001	41.2325058	8.140810966	6.568909167999999	-58.03096771	-31.838012699999997	38.94177628	76.03859711	-12.88405228	-43.01966858	6.265398026000001	69.21585083	-85.50549316	-124.3171463	-73.28652191	3.795365095	-26.57830811	17.10694122	-9.036812782	-11.046940800000002	56.92508698	0.6563358307	-50.26501083	-72.99156952
41.64443207	-52.49611664	-45.37782288	-76.27651978	-1.863675714	-32.451152799999996	28.63634491	28.93010521	-2.1268196109999997	-24.3893528	72.78463745	109.86985779999999	-42.86576462	-45.36445999	-72.75946045	52.98669434	-31.66407394	-78.89179993	-68.95948792	33.40494156	50.89106369	-176.60403440000002	2.7109870910000002	72.73207855	-10.85922432	-18.77496338	-28.328411100000004	-51.74552917
-106.88877109999999	8.278167725	-100.2356415	-107.2331619	-25.11141205	7.973415375	7.050966262999999	-9.299950599999999	-10.26375961	27.64909172	60.87266541	132.9199066	-8.671088219	-49.07236099	13.29022312	16.33803177	-6.143799782	-166.2411041	-44.22447586	31.52422523	34.30245209	28.82354164	-19.08748055	59.63936996	2.0517456530000002	-46.91360474	1.213419676	23.93501282
-87.34007263	65.68120575	-2.311596155	46.90837097	11.20158005	9.224612236	59.94227982	54.03230286	-24.24267578	-5.178265095	67.55901337	139.217453	3.3145587439999997	-50.12700272	4.223795891	55.79216766	-28.17490005	-61.95544052	-29.85508728	17.33546066	19.80971718	69.32562256	-25.62440872	-124.46539309999999	19.63697243	-3.6157398219999997	-12.69130611	-13.62598515
28.46105385	141.26362609999998	-13.9933548	44.33400726	49.91228867	-5.812323093	-15.51686764	7.780879497999999	-32.81418991	49.80307388	87.11392212	96.45171356	-25.11642456	-14.44231224	57.02148819	18.28559303	-11.65839577	-10.83179951	-122.358078	55.931503299999996	53.50617218	45.84053421	44.41703796	151.23515319999998	32.90892792	-43.00839615	-12.7803545	2.481606483
193.9737854	105.0044479	-11.59936523	38.55853653	149.42892460000002	28.13523483	92.30553436	-25.80595207	-8.700920105	34.08845139	13.72852516	94.12905121	17.23139763	-61.26197815	-19.52017403	103.0732498	-70.85448456	-82.73497009	-151.3033447	52.52939987	-36.44574356	140.43426509999998	-24.57317543	-38.40753555	2.3579235080000003	-16.62030602	-45.77411652	19.68715286
-45.35204315	-78.27401733	-98.22399902	-153.1788635	71.76508331	-19.03134727	-65.86816406	-42.73425674	-26.76612091	-72.75672913	-36.09355545	81.43151855	13.25426102	-47.96233749	-40.59665298	-95.98810577	-63.6031189	-97.8755188	-143.2895966	-40.65231705	-14.76682758	30.62241936	-80.47492981	-23.62607384	-67.20404816	-70.73316956	-84.53243256	-32.79299545
-100.34408570000001	74.19109344	66.75328064	84.09009552	-24.21692848	-32.67390442	-57.71054077	-12.34020233	11.06313133	71.10890961	-8.058210373	-62.53265381	-11.699102400000001	-16.28137016	-37.200191499999995	26.85791779	-112.6147156	-82.86470795	85.03051758	61.13180923	24.240345	-156.0673981	-29.65583038	-6.545585155	-3.791226864	47.86005402	-26.39650536	-43.53470993
-127.6129074	22.4683857	47.85447693	-0.7843466401000001	-31.88551521	6.48220396	1.675937295	-19.80604935	-6.091468811	6.971860886	40.92307281	101.1970444	-22.58937073	-89.38050842	-14.74653816	39.94589615	23.52896309	83.26599884	-29.47029114	44.6608963	-4.522717476	11.54975796	-63.64783859	-26.26023102	-9.187875748	24.42329979	9.693922997	41.97050095
-183.67147830000002	192.22929380000002	-13.07096481	-5.622705936	-22.96125603	8.54420948	-18.07469559	-39.06149292	37.16336823	28.83999825	34.17414856	81.12026978	-1.60787189	-47.09318542	-100.67314909999999	-86.46753693	15.80413246	10.68937397	-32.63952255	-19.53998756	61.19601822	-59.68956757	65.66151428	217.69401549999998	95.81165314	70.33052826	-70.20095062	-99.28266144
-40.38105011	77.28985596	-36.41804123	19.64101028	-41.50741196	4.37476778	-85.07797241	10.21499634	-37.10051727	5.740270615	126.978096	103.20487209999999	-17.69096184	-26.3726635	-150.1061859	29.99343681	-56.31500244	0.6158648729	88.09249115	10.20362854	-31.50819969	-6.820815562999999	15.53380394	-64.9206543	-23.152927399999996	-30.98558807	-105.4580078	-41.48046875
137.28936769999999	123.52236940000002	-51.64258194	-66.87574768	19.60195351	24.63992691	54.05685806	-37.20265579	-19.37376595	-13.14664173	134.1269073	41.81387711	-19.38261223	-55.79513168	-94.34580994	-77.46989441	-18.13664055	-75.86987305	78.68812561	20.32756996	74.57741547	9.835520744	18.68717194	23.57594681	-3.9567117689999995	1.5052343609999999	-38.86180878	-38.58031464
-102.63445279999999	61.10901260000001	18.1212883	-58.138652799999996	52.78197861	0.3592000008	-131.1044159	-30.53608894	5.765513897000001	-7.396382332000001	77.86212921	62.42435074	-55.50437927	-70.61476135	-20.6948204	9.18454361	-61.74927521	-95.94451904	0.6422447562	2.49505043	-93.26964569	18.82553864	-47.21018219	-45.66828156	4.361733437	-16.47694206	-52.83784103	-50.99272156
-84.45373535	-49.67592239	7.899993896000001	-44.31753159	12.92248058	22.50806046	-61.162841799999995	-19.77007103	-6.609972477	56.3617897	52.55979538	36.98929977	-29.71746063	-24.56779861	-100.85395809999999	-29.89505386	-38.55796814	19.89544296	-33.52118301	8.30821228	51.48497772	-144.9545746	18.11369896	177.9446716	23.12783623	46.09764862	-99.35024261	-23.45503235
-448.03302	93.14393616	83.0308075	-26.02126312	-4.119897366	74.58824921	-19.33277512	-78.16782379	-34.23554993	52.25268173	138.4463196	131.4571075	65.92727661	-11.2516737	-34.47286606	44.4331131	74.87387085	56.90196228	-9.731785774	9.086453438	-4.522735119	-63.8008194	9.365696907	162.9833832	12.82515812	39.75685883	-36.48970032	-44.31981659
-6.095657825	102.0574112	-16.547369	70.51049042	-26.88081551	23.43025017	-17.43602753	46.84701538	-4.553026676	34.90292358	171.1381989	174.2461243	-23.02337837	-0.3484366238	-16.42943192	78.81225586	-46.8807106	-1.815882802	209.56016540000002	33.68959427	89.69764709	74.54878235	24.73045158	-22.26236153	16.93259239	25.61394119	-27.52966499	-35.61266327
-51.35230255	-6.439516544	-71.85968018	51.75276566	-82.65541077	-13.3545084	-61.0553093	-49.85088348	-68.92533875	9.469334602	51.74891281	10.63869476	-52.79532242	-44.08998489	-53.79222488	-17.99725151	-121.77324679999998	-159.7024841	106.5475006	-58.82061768	-4.550899506	-6.275156021	22.32564926	22.70285416	-13.61161327	-10.3540802	-75.77190399	-78.56214905
-254.694458	49.15756989	17.58924294	-100.4798355	-33.82047653	-32.33400345	-21.32093048	-61.36248779	-42.41095734	30.77619743	113.96875759999999	52.37367249	-9.660510063	-77.48153687	11.18124962	64.60774231	35.79053879	1.110297203	157.1890564	68.54418182	36.53189468	-13.80249786	5.112273216	121.89476780000001	1.226541996	6.021308422000001	-2.802520037	-44.89110565
-35.12607574	-26.25718689	49.11056137	78.90779877	-60.70838928	-2.4207129480000003	-64.82677460000001	-12.04733086	4.085791588	40.41685486	78.73714447	137.50547790000002	-14.55167198	2.390909195	-54.47779846	26.58814049	-43.348682399999994	10.93042088	-44.40327454	56.30783081	-14.06333542	-172.9317169	-21.70887756	-34.50205612	32.49178314	29.97045135	-55.70268631	-97.19910431
-40.47008514	71.05767059	-56.56313705	-91.15393829	-47.76325607	-14.46767807	23.81543541	-53.60987473	-26.27166748	9.244634628	58.99346542	-19.34572411	-29.83480453	-37.17567062	-90.63529205	-9.86284256	-12.13467216	-22.22101212	-26.93814468	-17.62485123	32.70354462	65.90966034	-5.661328792999999	11.91361809	44.25362396	-24.38033676	-66.38832092	-54.34685898
19.58888054	64.86952209	-50.54927444	-71.11064148	-2.1777589319999997	-21.85290718	-20.95528221	22.71829605	-22.51732826	14.648672099999999	72.57019806	50.5222435	-29.68380356	-50.77400589	8.869649887000001	84.23462677	14.2878828	-87.98180389	-3.262348652	-40.70738983	42.40394592	-44.278446200000005	0.5052051544	-33.66227722	27.46154594	-18.69705391	-1.645744681	-45.51499176
-189.79067990000001	46.20267105	-37.64071655	-22.31639671	18.90068436	24.58244514	-51.96840668	19.19700241	-30.45179367	4.36011219	109.6136856	86.87159729	-12.92514896	1.672544241	-35.01267624	42.43628693	24.16884804	10.81421471	12.43561745	-46.79825974	87.22827148	107.4318466	6.09000206	-24.03955841	35.76685333	67.98862457	-26.83946419	-45.77826691
-107.67982479999999	9.314856529	-12.33438301	-47.23611069	-63.21118927	-26.0651989	-39.23171616	11.80445766	-25.86514854	-39.40706635	103.4661713	112.8549881	3.233426332	-23.52749252	-77.12171173	-21.67759132	10.1339817	108.07516480000001	-39.53741074	-97.12709045	115.5053787	-99.35115051	-58.37945938	29.1518898	-62.83807755	-12.50150108	-102.59227750000001	-62.34510039999999
166.1192322	61.15633011	-8.396121979	-44.98716736	50.56344986	2.238079786	-35.87036133	-93.69169617	19.2390213	31.57847977	99.97621918	102.1929932	-6.793609142	-2.4736330509999997	-75.38535309	-20.64098549	-49.88408661	-51.76497269	-57.60523987	7.563035965	-20.2429924	67.62117767	1.164246678	80.49404144	19.51552391	25.84529877	-5.9396371839999995	-68.63422394
39.82032394	32.12945938	-12.95452785	-25.41667557	11.23160362	-7.03968811	-94.58838654	-27.21570587	-49.67493820000001	-51.18474197	7.939174175	61.78517914	-13.57312775	-64.89242554	-132.28654479999997	-28.69449425	42.93177414	1.9795714619999998	-104.0611038	-120.8467712	-67.66843414	-16.46632195	-54.21464539	-199.52832030000002	-99.39662933	-24.69716263	-66.48823547	-23.01917458
-4.723516941000001	-44.59630585	62.571533200000005	5.68396759	-30.66958427	28.60608482	58.728302	38.23414612	4.630924702	45.7690506	130.1507263	165.9104156	18.29829979	19.08428955	-31.05356598	68.5971756	-54.37556076	24.4207058	66.45333862	97.4848175	-2.696671963	-86.89093781	-2.8162305360000004	58.10655212	23.34893799	45.67297745	-4.086595058	-11.86913681
26.0658493	89.09878540000001	49.64081192	-51.67402267	-29.85339737	-14.54717827	87.28990936	59.39656067	-5.409733295	46.33552933	94.27576447	110.4667282	22.32039642	-14.84170437	-7.997277737	121.22155759999998	6.652715682999999	11.36557198	162.78787230000003	88.22668457	90.75389862	56.61745453	9.641114235	60.63456345	30.02985954	40.29148102	4.192333221	-18.07489395
-70.44918059999999	-79.71186066	-13.02165127	-47.03781891	6.1024160389999995	1.871628642	-49.33460236	-76.76126099	-15.90037727	-44.72752762	50.17881393	106.6316757	30.63030815	-48.30182266	-78.05596924	46.94748688	10.28337765	44.83373642	68.90494537	-11.08695507	-70.65727234	-112.9001465	-20.54223061	-127.694519	-6.989842415	-6.417838572999999	-53.007579799999995	-40.62656403
-151.1255646	-100.2002411	-49.587909700000004	-21.10416985	-132.0449371	-43.46883392	-129.15356450000002	-63.65476608	-65.71354675	20.84273338	-10.64473057	65.19732666	9.08425808	-22.87132835	-32.76741791	-3.674092054	2.2143964769999998	-115.19585420000001	186.3243103	-35.1246376	47.80338287	-227.3978577	-16.60673714	16.61162186	-8.890066147	-8.661582947000001	-14.33357143	-35.69786072
70.5693512	279.7075195	36.02174377	-88.86157227	-56.08746719	-25.24648094	144.0667877	50.65045547	-30.77507973	29.65809441	124.36979679999999	181.3264771	12.7741127	-3.269518137	-6.911880493	60.91471481	28.91789246	104.8246613	237.1830292	13.95906162	41.46126556	-15.06545162	-30.60740471	26.23330307	11.3409462	61.55910873	-0.4765636325	-21.66478539
229.44389339999998	239.1161194	8.245792389	-71.02020264	-28.7563858	-2.6053280830000003	32.76430893	-13.59982109	-8.348320007	53.76556778	115.40052800000001	106.6225739	37.80547333	-29.09835815	-51.49328995	71.14057159	40.02322769	40.34561157	50.62998962	-56.01159668	17.53268433	75.53908539	-2.025540113	-5.113406658	21.581707	-6.189521312999999	-103.28566740000001	-106.7698517
105.48246770000002	-28.12684822	-76.91461945	-110.55342859999999	-18.77316284	-18.40415955	-42.79876709	-36.88543701	15.27944088	-31.98317528	7.355515957000001	25.90236092	-8.609857559	-92.2430954	-89.23510742	-48.19355392	-68.91901398	-139.43719480000001	155.17807009999999	24.91418839	31.7413044	-118.96398159999998	5.353113174	90.55382538	-18.03282738	-5.117270947	-55.00415421	-72.21670532
127.35353090000001	-155.1553955	-36.01487732	70.26327515	-36.04907608	25.48593712	-33.27763367	-41.20521927	-3.8352124689999996	-19.06655502	84.41051483	102.97782140000001	-75.63513184	-63.93584061	-81.45117188	-21.83374405	-29.57891083	-45.98743057	29.51777649	-20.70172501	43.05758667	-73.96240234	11.6995039	-29.18038368	-31.36834145	16.206707	-58.66923141	-21.88558006
158.0267334	244.96237180000003	-14.58939552	61.26415634	60.23965073	10.02848625	76.96606445	53.95733643	66.84187317	29.66082764	164.7234955	169.8460541	-42.16188812	-22.08643341	-18.58699036	82.3468399	-80.02869415	-122.20153810000001	136.71530149999998	123.0494003	18.34232903	-93.62580872	51.00127029	78.24331665	-29.11969376	-11.73856926	8.355264664	-4.760278225
158.3858185	-84.68591309	-18.81918526	19.04627037	-79.855896	-41.53900146	-91.06812286	-37.75357819	30.0826683	34.63212204	-97.45735931	-118.384697	-17.45841789	-60.13488007	-245.2471619	-36.09311676	-71.8079834	-108.68893429999999	102.9135818	-3.054312944	89.03297424	-221.4181671	-36.77189255	40.64340591	-32.14237595	-54.14164734	-94.45011902	-78.53601074
123.07814029999999	7.191479206	-100.9914627	-137.3617554	-7.8065075870000005	14.96683598	40.76345444	14.99544716	-26.26723289	-15.97505093	92.32676697	125.75756840000001	-60.83112335	-50.39016724	-77.51545715	-3.646061182	-48.98299026	-12.06772327	16.40849113	3.767456293	32.98998642	17.06280518	18.93820953	140.95024109999997	-40.28063202	-10.12288189	-47.08747864	5.897109985
-52.55714417	-15.01785278	-55.36266708	3.825548887	-21.24221992	-8.657275199999999	6.939195156	4.834278107	27.85417747	17.73358536	39.22022629	35.43742752	-66.74884033	-5.111519337	-122.22673030000001	11.53207111	-88.36112213	-104.75392149999999	4.077694416	-7.486334801	-10.84824181	-110.48722839999999	29.48109245	-159.9209747	22.13378143	81.41165161	-46.52956009	-14.59675407
170.30207819999998	291.63797	-6.00603056	-109.31660459999999	112.2875366	62.04419708	71.3161087	149.11039730000002	43.12017441	-42.24061203	104.7809372	101.6289368	3.766913176	-3.677571297	-66.31600952	97.4078064	34.27489853	96.5592041	39.90938187	-10.79436398	49.29748917	70.1048584	5.334050655	27.78127098	78.61527252	34.84801865	-19.10363197	-0.38835352659999994
-7.326140881000001	-113.2608871	26.79398346	-51.75718689	3.218348026	24.02794456	-55.74059296	-86.22642517	4.934339523	-73.90394592	18.37482643	36.19589615	-41.09992981	-91.49138641	-105.8658905	-69.30332184	-27.30930138	-39.25531006	160.06964109999998	-38.00512695	-16.02604485	112.1525726	-10.16111469	25.62070274	-97.18468475	-3.630999565	-61.92214584	27.0654335
115.8666916	144.5312958	14.91945553	-3.900974035	69.31221008	-50.37045288	40.48798752	-12.25383949	-28.53296661	11.76196671	37.69058228	65.73327637	-30.253322600000004	-73.50666046	-57.90406418	-22.33031845	5.148870468	-26.21319199	-35.49849319	44.58136368	31.15899658	158.4947052	8.210766792000001	46.81907272	-7.427387238	-10.97849369	-23.3812294	-14.64210987
-55.7389679	33.93786621	-46.04246902	-32.60933304	-86.93993378	-42.09331131	-37.11980820000001	-25.94869423	-48.65901566	-63.66034317	11.46408749	-48.81051254	-14.64142895	-69.39477539	45.89723206	87.05940247	-58.09600067	-80.33889008	37.85771179	6.917710781	133.2988281	-8.070400238	49.82152176	197.9329376	-60.43345642	-32.83789825	32.05799103	-21.17539024
31.87840462	-91.29484558	-85.33835602	-101.1016235	-14.94958591	-69.00319672	-107.75279240000002	-42.06986618	-19.16960335	-10.01009464	42.59379959	82.66730499	9.12012291	-8.580384254	-74.65340424	21.29473305	-78.91849518	-77.32520294	-92.3861084	-53.30755234	-30.95856094	-65.9096756	-8.763988495	93.54828644	-33.41272354	-84.27230072	-91.74874878	-77.21387482
67.54060364	16.98755455	43.48707199	49.46749115	7.811309337999999	13.09565353	-1.03970623	22.93448448	-16.88565445	-3.650788069	140.4355621	124.8019943	-23.93865395	-2.44073987	21.12208557	12.72354889	-73.63834381	-116.1379395	-140.1192169	63.17816162	18.75505447	-150.2692413	23.83765411	49.07986069	4.592824459	-34.85499954	2.6002988819999997	-1.348556519
-29.58590508	66.23686981	-22.39374542	-34.14558792	116.8089523	3.8521850110000004	-26.28783226	3.2728953360000004	-19.05888939	82.49877167	52.49483871	63.96041107	20.82765579	-80.73423767	24.47073174	21.79715919	-32.10990143	-62.92459488	38.39677811	-2.295614004	55.11061096	27.59252739	-28.33483696	-9.274780273	29.22609901	27.19315529	56.11366653	18.02766609
-106.88877109999999	8.278167725	-100.2356415	-107.2331619	-25.11141205	7.973415375	7.050966262999999	-9.299950599999999	-10.26375961	27.64909172	60.87266541	132.9199066	-8.671088219	-49.07236099	13.29022312	16.33803177	-6.143799782	-166.2411041	-44.22447586	31.52422523	34.30245209	28.82354164	-19.08748055	59.63936996	2.0517456530000002	-46.91360474	1.213419676	23.93501282
177.1513519	21.88876724	-0.9802161455	-4.263676167	47.71749496	-12.85101032	20.88892555	-32.92705536	-23.91968727	-10.36859322	-39.31538391	-43.33976746	-20.10537529	-87.58234406	48.4278717	99.0213623	-19.57796478	-19.36914825	-25.67502785	21.51347351	7.321205139	-135.618103	-63.10544968	5.474683285	-28.13945198	-41.53609848	-0.8526660204000001	-19.28823471
136.3421936	-56.35333633	11.671862599999999	20.45989799	44.09329224	0.9770656823999999	-56.17921829	14.34233952	-53.81240463	19.90930176	114.16491699999999	87.27475739	-15.30866051	-25.23562241	-17.65803337	-79.35777283	-70.35441589	-63.63858032	-70.40148163	11.57630157	-23.43617439	-40.92273331	-43.88812637	120.88177490000001	17.299366	-55.22192001	12.97196293	17.88481522
-42.65158463	78.19610596	-47.14308929	-46.98608398	12.74009037	5.250349998	-9.800509453	-27.06576729	-96.73530579	-35.77771378	50.29261017	23.11531258	15.23714828	-20.717062	55.422134400000004	73.7797699	-27.5995903	1.035639048	-85.9672699	-42.59421921	84.17662811	37.02675629	14.34025097	178.0190125	-10.59375858	18.33828354	-18.72391701	-51.96629333
28.46105385	141.26362609999998	-13.9933548	44.33400726	49.91228867	-5.812323093	-15.51686764	7.780879497999999	-32.81418991	49.80307388	87.11392212	96.45171356	-25.11642456	-14.44231224	57.02148819	18.28559303	-11.65839577	-10.83179951	-122.358078	55.931503299999996	53.50617218	45.84053421	44.41703796	151.23515319999998	32.90892792	-43.00839615	-12.7803545	2.481606483
-100.34408570000001	74.19109344	66.75328064	84.09009552	-24.21692848	-32.67390442	-57.71054077	-12.34020233	11.06313133	71.10890961	-8.058210373	-62.53265381	-11.699102400000001	-16.28137016	-37.200191499999995	26.85791779	-112.6147156	-82.86470795	85.03051758	61.13180923	24.240345	-156.0673981	-29.65583038	-6.545585155	-3.791226864	47.86005402	-26.39650536	-43.53470993
-127.6129074	22.4683857	47.85447693	-0.7843466401000001	-31.88551521	6.48220396	1.675937295	-19.80604935	-6.091468811	6.971860886	40.92307281	101.1970444	-22.58937073	-89.38050842	-14.74653816	39.94589615	23.52896309	83.26599884	-29.47029114	44.6608963	-4.522717476	11.54975796	-63.64783859	-26.26023102	-9.187875748	24.42329979	9.693922997	41.97050095
-40.38105011	77.28985596	-36.41804123	19.64101028	-41.50741196	4.37476778	-85.07797241	10.21499634	-37.10051727	5.740270615	126.978096	103.20487209999999	-17.69096184	-26.3726635	-150.1061859	29.99343681	-56.31500244	0.6158648729	88.09249115	10.20362854	-31.50819969	-6.820815562999999	15.53380394	-64.9206543	-23.152927399999996	-30.98558807	-105.4580078	-41.48046875
-92.51381683	76.13327026	2.8206269739999996	-42.49873734	53.07142639	-42.10308838	-83.18450928	-4.1875095369999995	-36.25642776	-4.9697179789999995	-27.62203979	-10.69434357	-37.58152771	-41.35817719	-62.81445312	-54.62538147	-29.64004135	-64.4646759	127.3075562	38.47613907	-57.38243866	-9.561946869	-63.40365601	23.4034977	-57.90084457	-0.2904542089	-94.69991302	-53.05777359
-102.63445279999999	61.10901260000001	18.1212883	-58.138652799999996	52.78197861	0.3592000008	-131.1044159	-30.53608894	5.765513897000001	-7.396382332000001	77.86212921	62.42435074	-55.50437927	-70.61476135	-20.6948204	9.18454361	-61.74927521	-95.94451904	0.6422447562	2.49505043	-93.26964569	18.82553864	-47.21018219	-45.66828156	4.361733437	-16.47694206	-52.83784103	-50.99272156
-254.694458	49.15756989	17.58924294	-100.4798355	-33.82047653	-32.33400345	-21.32093048	-61.36248779	-42.41095734	30.77619743	113.96875759999999	52.37367249	-9.660510063	-77.48153687	11.18124962	64.60774231	35.79053879	1.110297203	157.1890564	68.54418182	36.53189468	-13.80249786	5.112273216	121.89476780000001	1.226541996	6.021308422000001	-2.802520037	-44.89110565
-30.80520439	95.43886566	35.14692307	52.68202209	-28.08611107	102.6786957	-5.3453288080000005	49.35876083	-32.248546600000005	18.97978401	215.42802430000003	194.5527496	-4.343078136	19.98952484	-64.48846436	116.5153122	-27.52916908	21.36785889	-76.73623657	53.145919799999994	18.76150703	-108.1423645	10.36049366	77.72839355	16.95482254	49.53390121	20.25381279	53.44510269
-228.7187347	179.3602142	-13.59364033	-66.21677399	-55.71643066	-16.45078468	-49.48490906	-56.17736816	4.762629986	47.49223709	8.14799881	-13.90270615	19.1792202	-7.675769806	-11.915620800000001	-55.52361298	-13.25173664	-67.21295166	22.27147102	11.930869099999999	5.0690670010000005	-138.67501830000003	-63.123519900000005	-142.55545039999998	-43.59156799	46.5447197	-127.24469760000001	-94.67447662
-245.2653656	55.33059311	0.035882834350000004	-18.50350761	17.800897600000003	18.43040276	-52.74404526	-15.80879593	16.15825272	77.20114899	151.48344419999998	118.76025390000001	3.085680962	-60.45809937	-15.83385944	-36.16405487	-72.41103363	-16.8483696	148.600235	26.85221481	67.34765625	-70.84584045	17.65618134	-9.269272804	-52.68286514	50.67474365	-22.22519684	-46.76879883
-40.47008514	71.05767059	-56.56313705	-91.15393829	-47.76325607	-14.46767807	23.81543541	-53.60987473	-26.27166748	9.244634628	58.99346542	-19.34572411	-29.83480453	-37.17567062	-90.63529205	-9.86284256	-12.13467216	-22.22101212	-26.93814468	-17.62485123	32.70354462	65.90966034	-5.661328792999999	11.91361809	44.25362396	-24.38033676	-66.38832092	-54.34685898
-107.67982479999999	9.314856529	-12.33438301	-47.23611069	-63.21118927	-26.0651989	-39.23171616	11.80445766	-25.86514854	-39.40706635	103.4661713	112.8549881	3.233426332	-23.52749252	-77.12171173	-21.67759132	10.1339817	108.07516480000001	-39.53741074	-97.12709045	115.5053787	-99.35115051	-58.37945938	29.1518898	-62.83807755	-12.50150108	-102.59227750000001	-62.34510039999999
55.55965424	270.5423889	-61.34322357	-64.34467316	59.3806839	-8.994399071	62.26131821	50.25660324	-28.61728477	7.117076397000001	101.0342712	80.63546753	29.18717575	13.85516167	45.10251236	81.2593689	39.12299347	6.831332207000001	64.25069427	55.28372955	189.1475372	30.39875984	40.86164474	174.5384674	33.26134872	10.72590065	25.93740463	4.282814503
39.82032394	32.12945938	-12.95452785	-25.41667557	11.23160362	-7.03968811	-94.58838654	-27.21570587	-49.67493820000001	-51.18474197	7.939174175	61.78517914	-13.57312775	-64.89242554	-132.28654479999997	-28.69449425	42.93177414	1.9795714619999998	-104.0611038	-120.8467712	-67.66843414	-16.46632195	-54.21464539	-199.52832030000002	-99.39662933	-24.69716263	-66.48823547	-23.01917458
-4.723516941000001	-44.59630585	62.571533200000005	5.68396759	-30.66958427	28.60608482	58.728302	38.23414612	4.630924702	45.7690506	130.1507263	165.9104156	18.29829979	19.08428955	-31.05356598	68.5971756	-54.37556076	24.4207058	66.45333862	97.4848175	-2.696671963	-86.89093781	-2.8162305360000004	58.10655212	23.34893799	45.67297745	-4.086595058	-11.86913681
-20.18028259	13.80865002	78.82563019	2.89933753	29.50053787	22.22148705	-60.80152512	-1.797600031	-24.31074715	-29.10870552	98.34604645	120.8990631	15.10184002	42.44239426	-103.43442540000001	60.98262024	-31.21108437	81.54748535	-22.42047882	41.5760498	-37.66631317	-66.1656189	63.64946365	246.92774959999997	-105.74614720000001	-52.88571167	-20.95067024	39.07678223
26.0658493	89.09878540000001	49.64081192	-51.67402267	-29.85339737	-14.54717827	87.28990936	59.39656067	-5.409733295	46.33552933	94.27576447	110.4667282	22.32039642	-14.84170437	-7.997277737	121.22155759999998	6.652715682999999	11.36557198	162.78787230000003	88.22668457	90.75389862	56.61745453	9.641114235	60.63456345	30.02985954	40.29148102	4.192333221	-18.07489395
42.92007828	-6.2717885970000005	-56.58368301	-73.66013336	-3.511806488	-5.2625575069999995	7.800410747999999	38.62014008	-35.86086273	-63.16085815	69.11549377	84.83596039	-9.559336662	11.1609621	-25.03610802	83.96323395	8.772407532	-87.60457611	-35.99829865	-59.35125351	-41.78865051	-66.48249054	37.59613419	83.11774445	-28.83003426	-32.22288132	13.57392025	-6.262743473
-73.8346405	-109.96729280000001	6.4890317920000005	-96.42433929	-36.72815323	-7.812854767	-55.78483582	-40.83567047	-55.62586975	19.12745094	129.0648499	178.4008179	12.42225742	-3.0875096319999997	11.07162857	63.38034058	-10.10120583	23.670888899999998	60.27720642	42.26185989	-33.0949707	51.58713531	-2.8609838489999997	38.48068619	-8.4777565	-30.19636726	-45.73554993	-21.03223038
-151.1255646	-100.2002411	-49.587909700000004	-21.10416985	-132.0449371	-43.46883392	-129.15356450000002	-63.65476608	-65.71354675	20.84273338	-10.64473057	65.19732666	9.08425808	-22.87132835	-32.76741791	-3.674092054	2.2143964769999998	-115.19585420000001	186.3243103	-35.1246376	47.80338287	-227.3978577	-16.60673714	16.61162186	-8.890066147	-8.661582947000001	-14.33357143	-35.69786072
77.95679474	111.5377197	-51.69011688	-15.97861576	8.809598923	8.22687912	-63.31393051	-69.03059387	-54.99217224	-14.42760181	44.37092209	59.09081268	-17.87276459	-32.66510773	-9.545271872999999	49.41013336	-38.19566345	-48.90774918	41.99353409	2.8163249489999997	17.90993309	-51.55886841	5.524940491000001	35.80047989	-32.46393204	-16.16983032	35.58944702	8.551959991
-179.6334076	-12.35236835	-42.36067581	-20.45266724	-70.0111084	-19.00086975	-16.2527771	18.83543968	-16.09192467	-57.80997849	74.89556122	69.32101440000001	-18.60242462	-7.8083100320000005	-69.89962006	63.70549393	-60.03387833	-100.8599625	-3.621419191	34.02323151	54.53966904	-40.64751434	-24.98302078	-27.00839615	-24.66266823	-4.4417128560000005	3.204624653	6.836543083
341.31414789999997	85.77274323	-42.01041794	-44.55414963	146.8274689	45.87110519	115.5073624	36.85179901	-60.59718323	-33.32440567	14.87504768	60.36569977	19.71956825	-46.71361923	-107.1045914	-37.16864014	21.17179871	20.41142464	16.41003799	-41.66408539	13.08577633	-13.24441433	-13.29309845	31.0444603	-46.404224400000004	-50.18846512	2.995782137	-36.66778946
105.48246770000002	-28.12684822	-76.91461945	-110.55342859999999	-18.77316284	-18.40415955	-42.79876709	-36.88543701	15.27944088	-31.98317528	7.355515957000001	25.90236092	-8.609857559	-92.2430954	-89.23510742	-48.19355392	-68.91901398	-139.43719480000001	155.17807009999999	24.91418839	31.7413044	-118.96398159999998	5.353113174	90.55382538	-18.03282738	-5.117270947	-55.00415421	-72.21670532
20.38472366	-62.81614685	-20.54974937	16.83365631	-69.02102661	-24.36799622	-9.392994881	-81.1907196	40.71881866	-7.612552643	33.14561081	121.63767240000001	12.86162758	25.79114723	-91.4573822	-34.26144791	29.50299835	-8.651130676000001	103.8939896	10.58686543	-22.6511097	-164.189743	-56.92352295	52.76935959	35.02522659	-33.26742554	-85.57217407	-76.25305939
158.0267334	244.96237180000003	-14.58939552	61.26415634	60.23965073	10.02848625	76.96606445	53.95733643	66.84187317	29.66082764	164.7234955	169.8460541	-42.16188812	-22.08643341	-18.58699036	82.3468399	-80.02869415	-122.20153810000001	136.71530149999998	123.0494003	18.34232903	-93.62580872	51.00127029	78.24331665	-29.11969376	-11.73856926	8.355264664	-4.760278225
158.3858185	-84.68591309	-18.81918526	19.04627037	-79.855896	-41.53900146	-91.06812286	-37.75357819	30.0826683	34.63212204	-97.45735931	-118.384697	-17.45841789	-60.13488007	-245.2471619	-36.09311676	-71.8079834	-108.68893429999999	102.9135818	-3.054312944	89.03297424	-221.4181671	-36.77189255	40.64340591	-32.14237595	-54.14164734	-94.45011902	-78.53601074
64.53846741	36.93117142	66.72064209	-32.56872559	-36.09484863	31.95333099	29.91750336	-27.79992104	36.51536942	-12.25878334	89.91937256	157.2729034	-31.71213341	-26.50185776	-117.6498108	-21.22706413	34.66674423	113.8348618	70.99246216	-9.165017127999999	-28.96528435	31.48224831	-16.60674286	43.30298615	23.13331032	10.71624374	-70.63822937	-49.49435425
123.07814029999999	7.191479206	-100.9914627	-137.3617554	-7.8065075870000005	14.96683598	40.76345444	14.99544716	-26.26723289	-15.97505093	92.32676697	125.75756840000001	-60.83112335	-50.39016724	-77.51545715	-3.646061182	-48.98299026	-12.06772327	16.40849113	3.767456293	32.98998642	17.06280518	18.93820953	140.95024109999997	-40.28063202	-10.12288189	-47.08747864	5.897109985
-27.4720993	77.42759705	-39.77491379	-77.20938873	-36.05121994	-29.36760902	-28.76577377	-99.49396515	-0.46518525479999995	13.90339279	110.0653229	111.80632779999999	-34.36910629	1.310554862	-92.89960479999999	-16.84889793	-93.36334229	-18.02791977	115.66726680000001	23.25622177	81.70658112	-5.681313515	-21.97419167	32.81832504	32.86906052	15.78704453	-17.65879631	-11.83543968
-30.86248016	69.13488007	25.621444699999998	-8.392926216000001	-62.10858917	32.63739777	-56.32018661	-53.8343811	-4.3307743069999995	37.83890915	180.0601959	149.3794556	11.48104858	22.84351349	-63.0943985	25.40423965	16.38833237	97.76921082	207.7950745	22.86130524	34.26644135	-151.20991519999998	-20.93230438	155.1512909	53.82766724	37.08867645	-86.42016602	-87.84503174
-19.07489204	-169.77293400000002	-13.16953373	-0.8540056348	-67.29956818	24.66052437	-46.9184761	-112.36203770000002	-14.91492558	8.537657738	152.1908875	124.464592	-29.18495369	-3.70381546	-70.54860687	6.592274666000001	-3.8103530410000004	-38.88286209	99.86257935	-84.53799438	-51.59550476	-195.7715149	15.774606699999998	58.81455231	24.27863121	44.20843887	-83.9223938	-60.61356354
41.97955322	-49.337677	-56.79837418	-108.89336399999999	-7.581653595	16.26516724	-59.41847610000001	-98.98416901	-40.49147034	-47.39217758	79.46381378	110.394722	-65.81191254	-34.20831679999999	-136.0110779	0.9015254378	-36.92609406	-53.89003754	205.1727753	-3.738850355	-112.0421219	13.98665428	-42.28001404	31.4989872	-69.01177216	-28.69205856	-116.22170259999999	-43.97110367
-75.84696198	-6.021183014	20.56108665	-35.75328445	-2.277557135	31.30289841	46.96473694	-2.285047531	29.77155685	-35.18747329999999	70.27548218	99.06174469	1.104967952	16.95234871	34.66257477	86.49021149	-37.20284653	-109.9395142	54.18146896	-9.107498169	73.67555237	17.16851997	12.55654621	-44.47066498	10.51084423	62.56930161	32.04444122	15.0430212
115.8666916	144.5312958	14.91945553	-3.900974035	69.31221008	-50.37045288	40.48798752	-12.25383949	-28.53296661	11.76196671	37.69058228	65.73327637	-30.253322600000004	-73.50666046	-57.90406418	-22.33031845	5.148870468	-26.21319199	-35.49849319	44.58136368	31.15899658	158.4947052	8.210766792000001	46.81907272	-7.427387238	-10.97849369	-23.3812294	-14.64210987
51.04488754	-5.496513844	-4.663075924	-31.56249046	34.65459442	17.41760635	-3.219874144	20.17905617	55.9899559	23.95300674	120.6856003	174.1807861	-8.222350121	6.8582482339999995	-41.05002594	51.24736023	-36.25756836	-9.738084792999999	-236.8636475	8.193218231	18.10334969	-80.66307831	-6.855302334	76.36086273	37.68062973	-9.025759697	40.07157516	-129.97627260000002
31.87840462	-91.29484558	-85.33835602	-101.1016235	-14.94958591	-69.00319672	-107.75279240000002	-42.06986618	-19.16960335	-10.01009464	42.59379959	82.66730499	9.12012291	-8.580384254	-74.65340424	21.29473305	-78.91849518	-77.32520294	-92.3861084	-53.30755234	-30.95856094	-65.9096756	-8.763988495	93.54828644	-33.41272354	-84.27230072	-91.74874878	-77.21387482
67.54060364	16.98755455	43.48707199	49.46749115	7.811309337999999	13.09565353	-1.03970623	22.93448448	-16.88565445	-3.650788069	140.4355621	124.8019943	-23.93865395	-2.44073987	21.12208557	12.72354889	-73.63834381	-116.1379395	-140.1192169	63.17816162	18.75505447	-150.2692413	23.83765411	49.07986069	4.592824459	-34.85499954	2.6002988819999997	-1.348556519
261.8118591	72.00734711	-120.24971770000002	-103.34601590000001	20.32533455	63.46034622	61.38685226	-21.8672924	-26.2959156	-22.25388908	160.86764530000002	201.2513275	-70.91423798	-69.99222565	-5.892649174	20.79060555	-71.12454224	-86.52539062	31.61211395	28.91659737	50.80912399	-127.4237442	46.16659164	-5.296350479	58.66091537	14.42315483	-59.9757843	-75.27110291
-29.58590508	66.23686981	-22.39374542	-34.14558792	116.8089523	3.8521850110000004	-26.28783226	3.2728953360000004	-19.05888939	82.49877167	52.49483871	63.96041107	20.82765579	-80.73423767	24.47073174	21.79715919	-32.10990143	-62.92459488	38.39677811	-2.295614004	55.11061096	27.59252739	-28.33483696	-9.274780273	29.22609901	27.19315529	56.11366653	18.02766609
117.4716492	70.96735382	-50.445858	-122.51290130000001	-6.53523159	33.18788147	52.80468369	26.39040947	-48.20554733	-65.07849884	127.8767166	104.6720428	2.3700325490000003	-65.55184174	1.005231857	-26.62735939	-41.55256271	-9.570835114	-131.1613159	10.94002056	159.0101929	116.8888397	18.57851028	147.6620941	-14.98285675	-2.308637857	13.46375275	-56.96419525
-201.5501251	80.15961456	-28.41285896	-0.7177461386	-67.05711365	-5.565924644	-56.45108795	8.91388607	-31.73347092	-77.69947052	135.1907501	139.0753326	-26.976017	-41.78557205	-67.77196503	-10.62403202	-56.72352982	-15.69721413	-113.0137558	-74.97174072	-14.26538277	16.49866867	2.8624451160000004	187.4135895	-36.23942184	-30.29595375	-79.35858154	-66.39124298
177.1513519	21.88876724	-0.9802161455	-4.263676167	47.71749496	-12.85101032	20.88892555	-32.92705536	-23.91968727	-10.36859322	-39.31538391	-43.33976746	-20.10537529	-87.58234406	48.4278717	99.0213623	-19.57796478	-19.36914825	-25.67502785	21.51347351	7.321205139	-135.618103	-63.10544968	5.474683285	-28.13945198	-41.53609848	-0.8526660204000001	-19.28823471
136.3421936	-56.35333633	11.671862599999999	20.45989799	44.09329224	0.9770656823999999	-56.17921829	14.34233952	-53.81240463	19.90930176	114.16491699999999	87.27475739	-15.30866051	-25.23562241	-17.65803337	-79.35777283	-70.35441589	-63.63858032	-70.40148163	11.57630157	-23.43617439	-40.92273331	-43.88812637	120.88177490000001	17.299366	-55.22192001	12.97196293	17.88481522
78.17060089	-25.20042801	-31.73385429	-35.71823883	22.68862534	-24.97047043	-49.46002579	-26.73006821	-55.42635345	-64.74628448	136.6086884	112.9215851	-49.88028336	-32.74773026	-77.61458588	-29.84421921	-109.2766571	15.32282066	-28.3486557	-12.2800703	-20.94394684	6.289528847000001	-65.92652893	137.2686005	-17.59770966	-3.234959126	-67.18434143	-25.25769997
-5.77216959	48.76262665	7.0426645279999995	-63.67749023	61.936279299999995	11.84541702	44.70978928	-24.95132256	26.45898438	-19.44895172	110.12229920000001	94.29882812	5.683955192999999	-11.26886559	-1.3468819859999999	26.45399475	-7.672356606	16.96850586	-12.68664265	23.49799919	104.0511551	-111.7894669	-22.0845108	102.70823670000001	5.402962685	-0.05804457142999999	21.09685326	6.92729187
193.9737854	105.0044479	-11.59936523	38.55853653	149.42892460000002	28.13523483	92.30553436	-25.80595207	-8.700920105	34.08845139	13.72852516	94.12905121	17.23139763	-61.26197815	-19.52017403	103.0732498	-70.85448456	-82.73497009	-151.3033447	52.52939987	-36.44574356	140.43426509999998	-24.57317543	-38.40753555	2.3579235080000003	-16.62030602	-45.77411652	19.68715286
-100.34408570000001	74.19109344	66.75328064	84.09009552	-24.21692848	-32.67390442	-57.71054077	-12.34020233	11.06313133	71.10890961	-8.058210373	-62.53265381	-11.699102400000001	-16.28137016	-37.200191499999995	26.85791779	-112.6147156	-82.86470795	85.03051758	61.13180923	24.240345	-156.0673981	-29.65583038	-6.545585155	-3.791226864	47.86005402	-26.39650536	-43.53470993
-183.67147830000002	192.22929380000002	-13.07096481	-5.622705936	-22.96125603	8.54420948	-18.07469559	-39.06149292	37.16336823	28.83999825	34.17414856	81.12026978	-1.60787189	-47.09318542	-100.67314909999999	-86.46753693	15.80413246	10.68937397	-32.63952255	-19.53998756	61.19601822	-59.68956757	65.66151428	217.69401549999998	95.81165314	70.33052826	-70.20095062	-99.28266144
-40.38105011	77.28985596	-36.41804123	19.64101028	-41.50741196	4.37476778	-85.07797241	10.21499634	-37.10051727	5.740270615	126.978096	103.20487209999999	-17.69096184	-26.3726635	-150.1061859	29.99343681	-56.31500244	0.6158648729	88.09249115	10.20362854	-31.50819969	-6.820815562999999	15.53380394	-64.9206543	-23.152927399999996	-30.98558807	-105.4580078	-41.48046875
-92.51381683	76.13327026	2.8206269739999996	-42.49873734	53.07142639	-42.10308838	-83.18450928	-4.1875095369999995	-36.25642776	-4.9697179789999995	-27.62203979	-10.69434357	-37.58152771	-41.35817719	-62.81445312	-54.62538147	-29.64004135	-64.4646759	127.3075562	38.47613907	-57.38243866	-9.561946869	-63.40365601	23.4034977	-57.90084457	-0.2904542089	-94.69991302	-53.05777359
-304.38009639999996	-120.5777817	-33.50913619999999	59.08402634	-115.82493590000001	50.11274338	-19.37038994	18.15567398	-12.15335274	33.09891891	195.7786102	148.7014465	-3.317655563	-45.52668762	36.89582825	58.79069519	26.92328453	39.944767	-9.10268116	-6.113662242999999	9.694434166	-230.29945370000002	19.05600929	94.28541565	22.96696663	54.26221085	-19.74625587	-4.017597198
-102.63445279999999	61.10901260000001	18.1212883	-58.138652799999996	52.78197861	0.3592000008	-131.1044159	-30.53608894	5.765513897000001	-7.396382332000001	77.86212921	62.42435074	-55.50437927	-70.61476135	-20.6948204	9.18454361	-61.74927521	-95.94451904	0.6422447562	2.49505043	-93.26964569	18.82553864	-47.21018219	-45.66828156	4.361733437	-16.47694206	-52.83784103	-50.99272156
-52.44054413	123.3930435	42.36407089	0.03119239211	9.661914825	16.18841934	-63.92222595	-53.52796555	-8.49438858	27.84472847	15.57929611	83.0369873	-15.28259754	-92.03890991	-75.15421295	19.4137516	27.30880165	-7.250831604	14.88072586	30.23832321	-1.0758978129999999	196.095993	-13.70461941	-37.52621078	-7.081528187000001	64.73623657	-72.12306213	-24.45868111
77.30120087	-191.7678986	-21.02844048	5.536082745	0.7255234718000001	-21.46372032	-35.07708359	-55.56676102	9.60507679	-48.45386505	43.26940536	58.79425812	-66.04703522	-34.63473511	-115.11097720000001	-89.62419128	12.47342205	26.93035507	-61.25637817	-107.7295456	-59.02067184	-197.9306793	-57.28845215	-144.17613219999998	-7.950454235	33.50048065	-103.767395	-44.37609482
-30.80520439	95.43886566	35.14692307	52.68202209	-28.08611107	102.6786957	-5.3453288080000005	49.35876083	-32.248546600000005	18.97978401	215.42802430000003	194.5527496	-4.343078136	19.98952484	-64.48846436	116.5153122	-27.52916908	21.36785889	-76.73623657	53.145919799999994	18.76150703	-108.1423645	10.36049366	77.72839355	16.95482254	49.53390121	20.25381279	53.44510269
-228.7187347	179.3602142	-13.59364033	-66.21677399	-55.71643066	-16.45078468	-49.48490906	-56.17736816	4.762629986	47.49223709	8.14799881	-13.90270615	19.1792202	-7.675769806	-11.915620800000001	-55.52361298	-13.25173664	-67.21295166	22.27147102	11.930869099999999	5.0690670010000005	-138.67501830000003	-63.123519900000005	-142.55545039999998	-43.59156799	46.5447197	-127.24469760000001	-94.67447662
-205.9536591	-49.71770096	-44.03392410000001	-66.23132324	-89.68489838	38.43437576	-54.87556076	-30.95423698	0.8428406715000001	26.45439148	76.30199432	47.88040543	-23.48116684	-29.29823112	-104.3098526	12.11841202	33.84702301	11.55698872	140.61964419999998	31.05049706	-8.054257393	-59.931633	0.1879133582	66.46665192	-19.16291046	-17.3034687	-62.77227020000001	-32.45845032
14.53630161	78.8225708	74.2789917	70.09807587	-42.15649033	25.754489899999996	-11.10869217	5.50193119	33.30263519	19.04199219	104.17216490000001	103.5608978	4.188054562	-31.08558846	-36.768013	96.18623352	35.00310516	29.40359306	79.63108063	40.71649933	-15.48374081	-248.4221497	28.18764496	16.81027794	-28.32774162	56.91033173	-20.83542824	-39.89719391
19.58888054	64.86952209	-50.54927444	-71.11064148	-2.1777589319999997	-21.85290718	-20.95528221	22.71829605	-22.51732826	14.648672099999999	72.57019806	50.5222435	-29.68380356	-50.77400589	8.869649887000001	84.23462677	14.2878828	-87.98180389	-3.262348652	-40.70738983	42.40394592	-44.278446200000005	0.5052051544	-33.66227722	27.46154594	-18.69705391	-1.645744681	-45.51499176
