29.75441356  
23.45028155  
21.74971286  
-31.19951863  
-4.250647462  
-25.41050222  
-24.58952189  
-8.132435458  
7.474454741  
32.66262563  
-28.87429412  
11.12841914  
29.75441356  
23.45028155  
21.74971286  
-31.19951863  
-4.250647462  
-25.41050222  
-24.58952189  
-8.132435458  
7.474454741  
32.66262563  
-28.87429412  
11.12841914  
29.75441356  
23.45028155  
21.74971286  
-31.19951863  
-4.250647462  
-25.41050222  
-24.58952189  
-8.132435458  
7.474454741  
32.66262563  
-28.87429412  
11.12841914  
29.75441356  
23.45028155  
21.74971286  
-31.19951863  
-4.250647462  
-25.41050222  
-24.58952189  
-8.132435458  
7.474454741  
32.66262563  
-28.87429412  
11.12841914  
