3.37037396  
-19.0638512  
-13.1233999  
-10.0205921  
10.39843274  
1.934264375  
38.7173578  
24.99504203  
-26.02337914  
3.37037396  
-19.0638512  
-13.1233999  
-10.0205921  
10.39843274  
1.934264375  
38.7173578  
24.99504203  
-26.02337914  
3.37037396  
-19.0638512  
-13.1233999  
-10.0205921  
10.39843274  
1.934264375  
38.7173578  
24.99504203  
-26.02337914  
3.37037396  
-19.0638512  
-13.1233999  
-10.0205921  
10.39843274  
1.934264375  
38.7173578  
24.99504203  
-26.02337914  
