-113.4880335  
-26.85668003  
3.354540055  
44.66730529  
11.75249575  
18.65892754  
-20.41835895  
9.883146  
88.81615011  
-21.84415858  
60.56269445  
55.14057242  
93.59359852  
39.30268602  
-113.4880335  
-26.85668003  
3.354540055  
44.66730529  
11.75249575  
18.65892754  
-20.41835895  
9.883146  
88.81615011  
-21.84415858  
60.56269445  
55.14057242  
93.59359852  
39.30268602  
-113.4880335  
-26.85668003  
3.354540055  
44.66730529  
11.75249575  
18.65892754  
-20.41835895  
9.883146  
88.81615011  
-21.84415858  
60.56269445  
55.14057242  
93.59359852  
39.30268602  
-113.4880335  
-26.85668003  
3.354540055  
44.66730529  
11.75249575  
18.65892754  
-20.41835895  
9.883146  
88.81615011  
-21.84415858  
60.56269445  
55.14057242  
93.59359852  
39.30268602  
