34.19235783  
-24.3421061  
-0.8367260056  
-47.65195673  
33.00245991  
42.02649374  
-89.09994652  
-5.411816541  
16.0044365  
-10.4679544  
22.86951583  
-15.97638608  
20.52400603  
33.34345261  
34.19235783  
-24.3421061  
-0.8367260056  
-47.65195673  
33.00245991  
42.02649374  
-89.09994652  
-5.411816541  
16.0044365  
-10.4679544  
22.86951583  
-15.97638608  
20.52400603  
33.34345261  
34.19235783  
-24.3421061  
-0.8367260056  
-47.65195673  
33.00245991  
42.02649374  
-89.09994652  
-5.411816541  
16.0044365  
-10.4679544  
22.86951583  
-15.97638608  
20.52400603  
33.34345261  
34.19235783  
-24.3421061  
-0.8367260056  
-47.65195673  
33.00245991  
42.02649374  
-89.09994652  
-5.411816541  
16.0044365  
-10.4679544  
22.86951583  
-15.97638608  
20.52400603  
33.34345261  
