1.667128337  
7.640954783  
64.47944819  
79.04352939  
40.7423195  
58.94124871  
-89.31654932  
13.04693929  
5.728392776  
44.952443  
101.7792483  
20.83107591  
56.6799187  
25.22930737  
1.667128337  
7.640954783  
64.47944819  
79.04352939  
40.7423195  
58.94124871  
-89.31654932  
13.04693929  
5.728392776  
44.952443  
101.7792483  
20.83107591  
56.6799187  
25.22930737  
1.667128337  
7.640954783  
64.47944819  
79.04352939  
40.7423195  
58.94124871  
-89.31654932  
13.04693929  
5.728392776  
44.952443  
101.7792483  
20.83107591  
56.6799187  
25.22930737  
1.667128337  
7.640954783  
64.47944819  
79.04352939  
40.7423195  
58.94124871  
-89.31654932  
13.04693929  
5.728392776  
44.952443  
101.7792483  
20.83107591  
56.6799187  
25.22930737  
