-26.06553739  
49.99763711  
46.07592993  
43.80332326  
30.62088029  
27.92504518  
-19.93680302  
1.894956564  
74.37704895  
-26.06553739  
49.99763711  
46.07592993  
43.80332326  
30.62088029  
27.92504518  
-19.93680302  
1.894956564  
74.37704895  
-26.06553739  
49.99763711  
46.07592993  
43.80332326  
30.62088029  
27.92504518  
-19.93680302  
1.894956564  
74.37704895  
-26.06553739  
49.99763711  
46.07592993  
43.80332326  
30.62088029  
27.92504518  
-19.93680302  
1.894956564  
74.37704895  
