-5.099787856  
69.15467619  
-3.726589316  
18.10630099  
-35.02592253  
-38.50790479  
48.56871424  
-20.22464775  
-16.07225686  
-3.055997158  
-15.15385113  
-23.52629293  
-5.099787856  
69.15467619  
-3.726589316  
18.10630099  
-35.02592253  
-38.50790479  
48.56871424  
-20.22464775  
-16.07225686  
-3.055997158  
-15.15385113  
-23.52629293  
-5.099787856  
69.15467619  
-3.726589316  
18.10630099  
-35.02592253  
-38.50790479  
48.56871424  
-20.22464775  
-16.07225686  
-3.055997158  
-15.15385113  
-23.52629293  
-5.099787856  
69.15467619  
-3.726589316  
18.10630099  
-35.02592253  
-38.50790479  
48.56871424  
-20.22464775  
-16.07225686  
-3.055997158  
-15.15385113  
-23.52629293  
