5.504748731  
17.50370826  
-12.84768805  
13.1716392  
-29.7860841  
-30.52439835  
14.22337305  
-8.459055808  
32.29675891  
-18.71340052  
7.408147749  
-16.11459707  
5.504748731  
17.50370826  
-12.84768805  
13.1716392  
-29.7860841  
-30.52439835  
14.22337305  
-8.459055808  
32.29675891  
-18.71340052  
7.408147749  
-16.11459707  
5.504748731  
17.50370826  
-12.84768805  
13.1716392  
-29.7860841  
-30.52439835  
14.22337305  
-8.459055808  
32.29675891  
-18.71340052  
7.408147749  
-16.11459707  
5.504748731  
17.50370826  
-12.84768805  
13.1716392  
-29.7860841  
-30.52439835  
14.22337305  
-8.459055808  
32.29675891  
-18.71340052  
7.408147749  
-16.11459707  
