16.46118065  
-10.34901051  
-13.50075988  
31.60589961  
-25.43139784  
3.305716007  
13.76833656  
32.83958903  
15.48495966  
43.49251675  
75.68345479  
73.20957551  
16.46118065  
-10.34901051  
-13.50075988  
31.60589961  
-25.43139784  
3.305716007  
13.76833656  
32.83958903  
15.48495966  
43.49251675  
75.68345479  
73.20957551  
16.46118065  
-10.34901051  
-13.50075988  
31.60589961  
-25.43139784  
3.305716007  
13.76833656  
32.83958903  
15.48495966  
43.49251675  
75.68345479  
73.20957551  
16.46118065  
-10.34901051  
-13.50075988  
31.60589961  
-25.43139784  
3.305716007  
13.76833656  
32.83958903  
15.48495966  
43.49251675  
75.68345479  
73.20957551  
