-8.784387768  
-42.63613079  
139.8696794  
129.7275563  
133.1072656  
120.7673586  
74.16258189  
135.6650803  
61.33867774  
-25.27344717  
67.93326087  
118.9489914  
-8.784387768  
-42.63613079  
139.8696794  
129.7275563  
133.1072656  
120.7673586  
74.16258189  
135.6650803  
61.33867774  
-25.27344717  
67.93326087  
118.9489914  
-8.784387768  
-42.63613079  
139.8696794  
129.7275563  
133.1072656  
120.7673586  
74.16258189  
135.6650803  
61.33867774  
-25.27344717  
67.93326087  
118.9489914  
-8.784387768  
-42.63613079  
139.8696794  
129.7275563  
133.1072656  
120.7673586  
74.16258189  
135.6650803  
61.33867774  
-25.27344717  
67.93326087  
118.9489914  
