-19.41844199  
44.78594409  
28.14629785  
28.0202624  
-45.8665611  
74.55930966  
-9.172654773  
31.72153721  
7.817149875  
95.80844277  
27.97637213  
68.84061246  
-1.282359282  
13.11692779  
-3.903110959  
-19.41844199  
44.78594409  
28.14629785  
28.0202624  
-45.8665611  
74.55930966  
-9.172654773  
31.72153721  
7.817149875  
95.80844277  
27.97637213  
68.84061246  
-1.282359282  
13.11692779  
-3.903110959  
-19.41844199  
44.78594409  
28.14629785  
28.0202624  
-45.8665611  
74.55930966  
-9.172654773  
31.72153721  
7.817149875  
95.80844277  
27.97637213  
68.84061246  
-1.282359282  
13.11692779  
-3.903110959  
-19.41844199  
44.78594409  
28.14629785  
28.0202624  
-45.8665611  
74.55930966  
-9.172654773  
31.72153721  
7.817149875  
95.80844277  
27.97637213  
68.84061246  
-1.282359282  
13.11692779  
-3.903110959  
