31.47346313  
38.4847696  
57.31053983  
88.36244852  
26.81801121  
-4.119508617  
67.09762265  
33.55214686  
23.0134272  
11.37615619  
20.70317575  
15.69498687  
31.47346313  
38.4847696  
57.31053983  
88.36244852  
26.81801121  
-4.119508617  
67.09762265  
33.55214686  
23.0134272  
11.37615619  
20.70317575  
15.69498687  
31.47346313  
38.4847696  
57.31053983  
88.36244852  
26.81801121  
-4.119508617  
67.09762265  
33.55214686  
23.0134272  
11.37615619  
20.70317575  
15.69498687  
31.47346313  
38.4847696  
57.31053983  
88.36244852  
26.81801121  
-4.119508617  
67.09762265  
33.55214686  
23.0134272  
11.37615619  
20.70317575  
15.69498687  
