28.80723796  
-60.68249681  
-172.7344894  
23.17621733  
-397.9024601  
28.04294595  
21.07841762  
-201.8555574  
29.49235396  
-151.0032495  
66.04288881  
28.80723796  
-60.68249681  
-172.7344894  
23.17621733  
-397.9024601  
28.04294595  
21.07841762  
-201.8555574  
29.49235396  
-151.0032495  
66.04288881  
28.80723796  
-60.68249681  
-172.7344894  
23.17621733  
-397.9024601  
28.04294595  
21.07841762  
-201.8555574  
29.49235396  
-151.0032495  
66.04288881  
28.80723796  
-60.68249681  
-172.7344894  
23.17621733  
-397.9024601  
28.04294595  
21.07841762  
-201.8555574  
29.49235396  
-151.0032495  
66.04288881  
