-16.7604864  
-243.9451372  
-8.47934201  
6.569460392  
-95.93464132  
-88.47651254  
-82.91171753  
119.7706571  
-164.3648659  
123.9699268  
-137.9395639  
17.4212637  
55.39071216  
-67.11340397  
-16.7604864  
-243.9451372  
-8.47934201  
6.569460392  
-95.93464132  
-88.47651254  
-82.91171753  
119.7706571  
-164.3648659  
123.9699268  
-137.9395639  
17.4212637  
55.39071216  
-67.11340397  
-16.7604864  
-243.9451372  
-8.47934201  
6.569460392  
-95.93464132  
-88.47651254  
-82.91171753  
119.7706571  
-164.3648659  
123.9699268  
-137.9395639  
17.4212637  
55.39071216  
-67.11340397  
-16.7604864  
-243.9451372  
-8.47934201  
6.569460392  
-95.93464132  
-88.47651254  
-82.91171753  
119.7706571  
-164.3648659  
123.9699268  
-137.9395639  
17.4212637  
55.39071216  
-67.11340397  
