16.4098795  
101.6537662  
76.13722207  
106.5788971  
70.63784235  
71.65467574  
109.1254405  
100.2652085  
117.7908318  
43.3681126  
89.84397563  
110.8587333  
71.83550913  
110.6979719  
53.48476729  
59.24265127  
37.66138133  
16.4098795  
101.6537662  
76.13722207  
106.5788971  
70.63784235  
71.65467574  
109.1254405  
100.2652085  
117.7908318  
43.3681126  
89.84397563  
110.8587333  
71.83550913  
110.6979719  
53.48476729  
59.24265127  
37.66138133  
16.4098795  
101.6537662  
76.13722207  
106.5788971  
70.63784235  
71.65467574  
109.1254405  
100.2652085  
117.7908318  
43.3681126  
89.84397563  
110.8587333  
71.83550913  
110.6979719  
53.48476729  
59.24265127  
37.66138133  
16.4098795  
101.6537662  
76.13722207  
106.5788971  
70.63784235  
71.65467574  
109.1254405  
100.2652085  
117.7908318  
43.3681126  
89.84397563  
110.8587333  
71.83550913  
110.6979719  
53.48476729  
59.24265127  
37.66138133  
