13.74291353  
43.50679343  
59.60443545  
13.42008602  
-12.14289674  
-18.38430335  
98.94855601  
24.3654406  
-34.83726535  
-76.57946006  
48.27431409  
6.998507726  
13.74291353  
43.50679343  
59.60443545  
13.42008602  
-12.14289674  
-18.38430335  
98.94855601  
24.3654406  
-34.83726535  
-76.57946006  
48.27431409  
6.998507726  
13.74291353  
43.50679343  
59.60443545  
13.42008602  
-12.14289674  
-18.38430335  
98.94855601  
24.3654406  
-34.83726535  
-76.57946006  
48.27431409  
6.998507726  
13.74291353  
43.50679343  
59.60443545  
13.42008602  
-12.14289674  
-18.38430335  
98.94855601  
24.3654406  
-34.83726535  
-76.57946006  
48.27431409  
6.998507726  
