-91.83428855  
-25.7453114  
-0.5984075797  
-61.0093856  
-7.295754134  
-28.41116523  
33.90416022  
9.770291921  
-25.85461797  
-22.43835989  
-16.26781404  
8.563452718  
-49.60685271  
3.488082165  
-15.44953046  
-91.83428855  
-25.7453114  
-0.5984075797  
-61.0093856  
-7.295754134  
-28.41116523  
33.90416022  
9.770291921  
-25.85461797  
-22.43835989  
-16.26781404  
8.563452718  
-49.60685271  
3.488082165  
-15.44953046  
-91.83428855  
-25.7453114  
-0.5984075797  
-61.0093856  
-7.295754134  
-28.41116523  
33.90416022  
9.770291921  
-25.85461797  
-22.43835989  
-16.26781404  
8.563452718  
-49.60685271  
3.488082165  
-15.44953046  
-91.83428855  
-25.7453114  
-0.5984075797  
-61.0093856  
-7.295754134  
-28.41116523  
33.90416022  
9.770291921  
-25.85461797  
-22.43835989  
-16.26781404  
8.563452718  
-49.60685271  
3.488082165  
-15.44953046  
