46.10694141  
-44.25916302  
36.36946443  
-19.38781399  
27.37956587  
-70.91932468  
4.937359919  
15.94079295  
-4.35507399  
-21.31286773  
28.10275999  
94.1854184  
-98.95480723  
46.10694141  
-44.25916302  
36.36946443  
-19.38781399  
27.37956587  
-70.91932468  
4.937359919  
15.94079295  
-4.35507399  
-21.31286773  
28.10275999  
94.1854184  
-98.95480723  
46.10694141  
-44.25916302  
36.36946443  
-19.38781399  
27.37956587  
-70.91932468  
4.937359919  
15.94079295  
-4.35507399  
-21.31286773  
28.10275999  
94.1854184  
-98.95480723  
46.10694141  
-44.25916302  
36.36946443  
-19.38781399  
27.37956587  
-70.91932468  
4.937359919  
15.94079295  
-4.35507399  
-21.31286773  
28.10275999  
94.1854184  
-98.95480723  
