-31.63934313  
-61.82463999  
37.22029579  
15.4211562  
28.14816729  
-124.1048426  
61.71873456  
-92.57466539  
16.69328619  
-183.8109663  
63.22271809  
-39.00993576  
-41.37625048  
81.98206947  
7.063700899  
-31.63934313  
-61.82463999  
37.22029579  
15.4211562  
28.14816729  
-124.1048426  
61.71873456  
-92.57466539  
16.69328619  
-183.8109663  
63.22271809  
-39.00993576  
-41.37625048  
81.98206947  
7.063700899  
-31.63934313  
-61.82463999  
37.22029579  
15.4211562  
28.14816729  
-124.1048426  
61.71873456  
-92.57466539  
16.69328619  
-183.8109663  
63.22271809  
-39.00993576  
-41.37625048  
81.98206947  
7.063700899  
-31.63934313  
-61.82463999  
37.22029579  
15.4211562  
28.14816729  
-124.1048426  
61.71873456  
-92.57466539  
16.69328619  
-183.8109663  
63.22271809  
-39.00993576  
-41.37625048  
81.98206947  
7.063700899  
