-44.00336809  
-27.45715328  
60.13040665  
47.87311544  
29.86365714  
2.468153266  
-10.36831906  
-19.66441502  
4.703259679  
40.31766672  
10.15050851  
-18.02816385  
6.140283659  
44.03290177  
-44.00336809  
-27.45715328  
60.13040665  
47.87311544  
29.86365714  
2.468153266  
-10.36831906  
-19.66441502  
4.703259679  
40.31766672  
10.15050851  
-18.02816385  
6.140283659  
44.03290177  
-44.00336809  
-27.45715328  
60.13040665  
47.87311544  
29.86365714  
2.468153266  
-10.36831906  
-19.66441502  
4.703259679  
40.31766672  
10.15050851  
-18.02816385  
6.140283659  
44.03290177  
-44.00336809  
-27.45715328  
60.13040665  
47.87311544  
29.86365714  
2.468153266  
-10.36831906  
-19.66441502  
4.703259679  
40.31766672  
10.15050851  
-18.02816385  
6.140283659  
44.03290177  
