-21.17210059  
29.59668501  
3.434866368  
52.22411083  
46.27931227  
-21.28664423  
52.44831655  
-95.9375452  
7.310116039  
-87.82423028  
100.598219  
60.47387015  
-24.49547587  
37.65008447  
37.87539494  
-21.17210059  
29.59668501  
3.434866368  
52.22411083  
46.27931227  
-21.28664423  
52.44831655  
-95.9375452  
7.310116039  
-87.82423028  
100.598219  
60.47387015  
-24.49547587  
37.65008447  
37.87539494  
-21.17210059  
29.59668501  
3.434866368  
52.22411083  
46.27931227  
-21.28664423  
52.44831655  
-95.9375452  
7.310116039  
-87.82423028  
100.598219  
60.47387015  
-24.49547587  
37.65008447  
37.87539494  
-21.17210059  
29.59668501  
3.434866368  
52.22411083  
46.27931227  
-21.28664423  
52.44831655  
-95.9375452  
7.310116039  
-87.82423028  
100.598219  
60.47387015  
-24.49547587  
37.65008447  
37.87539494  
