-0.5546639364  
19.19828108  
19.16300619  
27.79896153  
-23.94154824  
51.12687954  
2.147064348  
26.57602404  
4.925304895  
9.593723174  
18.48162881  
-2.000179571  
-6.412781587  
5.823455973  
10.5300046  
2.070450054  
-31.46821534  
-0.5546639364  
19.19828108  
19.16300619  
27.79896153  
-23.94154824  
51.12687954  
2.147064348  
26.57602404  
4.925304895  
9.593723174  
18.48162881  
-2.000179571  
-6.412781587  
5.823455973  
10.5300046  
2.070450054  
-31.46821534  
-0.5546639364  
19.19828108  
19.16300619  
27.79896153  
-23.94154824  
51.12687954  
2.147064348  
26.57602404  
4.925304895  
9.593723174  
18.48162881  
-2.000179571  
-6.412781587  
5.823455973  
10.5300046  
2.070450054  
-31.46821534  
-0.5546639364  
19.19828108  
19.16300619  
27.79896153  
-23.94154824  
51.12687954  
2.147064348  
26.57602404  
4.925304895  
9.593723174  
18.48162881  
-2.000179571  
-6.412781587  
5.823455973  
10.5300046  
2.070450054  
-31.46821534  
