-20.6099387  
49.58925047  
-4.239679247  
-22.79314662  
-66.78484146  
-21.78306476  
146.9856651  
18.49950238  
-77.77083178  
18.81987316  
-88.86227634  
122.0836805  
-61.43478383  
2.851906393  
-20.6099387  
49.58925047  
-4.239679247  
-22.79314662  
-66.78484146  
-21.78306476  
146.9856651  
18.49950238  
-77.77083178  
18.81987316  
-88.86227634  
122.0836805  
-61.43478383  
2.851906393  
-20.6099387  
49.58925047  
-4.239679247  
-22.79314662  
-66.78484146  
-21.78306476  
146.9856651  
18.49950238  
-77.77083178  
18.81987316  
-88.86227634  
122.0836805  
-61.43478383  
2.851906393  
-20.6099387  
49.58925047  
-4.239679247  
-22.79314662  
-66.78484146  
-21.78306476  
146.9856651  
18.49950238  
-77.77083178  
18.81987316  
-88.86227634  
122.0836805  
-61.43478383  
2.851906393  
