3.250668169  
-62.2390529  
9.716371191  
6.96642812  
27.1186178  
-32.15700258  
15.50724566  
-2.803518442  
-0.7698804806  
21.10440893  
35.55044994  
16.94667915  
4.595096829  
3.250668169  
-62.2390529  
9.716371191  
6.96642812  
27.1186178  
-32.15700258  
15.50724566  
-2.803518442  
-0.7698804806  
21.10440893  
35.55044994  
16.94667915  
4.595096829  
3.250668169  
-62.2390529  
9.716371191  
6.96642812  
27.1186178  
-32.15700258  
15.50724566  
-2.803518442  
-0.7698804806  
21.10440893  
35.55044994  
16.94667915  
4.595096829  
3.250668169  
-62.2390529  
9.716371191  
6.96642812  
27.1186178  
-32.15700258  
15.50724566  
-2.803518442  
-0.7698804806  
21.10440893  
35.55044994  
16.94667915  
4.595096829  
