-41.18389573  
-52.20752868  
-22.36022958  
-23.91805636  
-44.77347868  
-29.4731461  
11.50961067  
22.60527251  
-0.08438998147  
-41.18389573  
-52.20752868  
-22.36022958  
-23.91805636  
-44.77347868  
-29.4731461  
11.50961067  
22.60527251  
-0.08438998147  
-41.18389573  
-52.20752868  
-22.36022958  
-23.91805636  
-44.77347868  
-29.4731461  
11.50961067  
22.60527251  
-0.08438998147  
-41.18389573  
-52.20752868  
-22.36022958  
-23.91805636  
-44.77347868  
-29.4731461  
11.50961067  
22.60527251  
-0.08438998147  
