-20.8741857  
-27.03236518  
-10.95538697  
-3.032512749  
-3.808620892  
-19.75117127  
-9.397381766  
8.858246185  
-1.754372872  
-16.4373051  
-9.534140956  
-10.60386741  
0.9046713961  
-36.83457168  
-29.64874399  
-20.8741857  
-27.03236518  
-10.95538697  
-3.032512749  
-3.808620892  
-19.75117127  
-9.397381766  
8.858246185  
-1.754372872  
-16.4373051  
-9.534140956  
-10.60386741  
0.9046713961  
-36.83457168  
-29.64874399  
-20.8741857  
-27.03236518  
-10.95538697  
-3.032512749  
-3.808620892  
-19.75117127  
-9.397381766  
8.858246185  
-1.754372872  
-16.4373051  
-9.534140956  
-10.60386741  
0.9046713961  
-36.83457168  
-29.64874399  
-20.8741857  
-27.03236518  
-10.95538697  
-3.032512749  
-3.808620892  
-19.75117127  
-9.397381766  
8.858246185  
-1.754372872  
-16.4373051  
-9.534140956  
-10.60386741  
0.9046713961  
-36.83457168  
-29.64874399  
