-15.2012777  
30.83631952  
15.98329814  
45.4229988  
23.90827941  
44.82357041  
32.65613138  
23.03946324  
42.660273  
44.65670664  
21.42009923  
0.7424611547  
43.80081027  
19.89218144  
28.66252965  
-5.564324174  
27.73808604  
29.5483889  
48.90996428  
-15.2012777  
30.83631952  
15.98329814  
45.4229988  
23.90827941  
44.82357041  
32.65613138  
23.03946324  
42.660273  
44.65670664  
21.42009923  
0.7424611547  
43.80081027  
19.89218144  
28.66252965  
-5.564324174  
27.73808604  
29.5483889  
48.90996428  
-15.2012777  
30.83631952  
15.98329814  
45.4229988  
23.90827941  
44.82357041  
32.65613138  
23.03946324  
42.660273  
44.65670664  
21.42009923  
0.7424611547  
43.80081027  
19.89218144  
28.66252965  
-5.564324174  
27.73808604  
29.5483889  
48.90996428  
-15.2012777  
30.83631952  
15.98329814  
45.4229988  
23.90827941  
44.82357041  
32.65613138  
23.03946324  
42.660273  
44.65670664  
21.42009923  
0.7424611547  
43.80081027  
19.89218144  
28.66252965  
-5.564324174  
27.73808604  
29.5483889  
48.90996428  
