-20.00973105  
0.9020704717  
2.576892629  
-7.783740145  
-28.83341703  
6.014485615  
-1.121781544  
-11.89650128  
8.995617512  
-15.28848141  
-4.91900334  
9.227349249  
4.539767248  
-20.00973105  
0.9020704717  
2.576892629  
-7.783740145  
-28.83341703  
6.014485615  
-1.121781544  
-11.89650128  
8.995617512  
-15.28848141  
-4.91900334  
9.227349249  
4.539767248  
-20.00973105  
0.9020704717  
2.576892629  
-7.783740145  
-28.83341703  
6.014485615  
-1.121781544  
-11.89650128  
8.995617512  
-15.28848141  
-4.91900334  
9.227349249  
4.539767248  
-20.00973105  
0.9020704717  
2.576892629  
-7.783740145  
-28.83341703  
6.014485615  
-1.121781544  
-11.89650128  
8.995617512  
-15.28848141  
-4.91900334  
9.227349249  
4.539767248  
