-85.59323684  
110.0910846  
43.07126846  
21.89872893  
116.8003241  
-19.77805214  
98.27416182  
90.1126537  
-4.806936552  
74.9371097  
64.2507218  
13.51159617  
-85.59323684  
110.0910846  
43.07126846  
21.89872893  
116.8003241  
-19.77805214  
98.27416182  
90.1126537  
-4.806936552  
74.9371097  
64.2507218  
13.51159617  
-85.59323684  
110.0910846  
43.07126846  
21.89872893  
116.8003241  
-19.77805214  
98.27416182  
90.1126537  
-4.806936552  
74.9371097  
64.2507218  
13.51159617  
-85.59323684  
110.0910846  
43.07126846  
21.89872893  
116.8003241  
-19.77805214  
98.27416182  
90.1126537  
-4.806936552  
74.9371097  
64.2507218  
13.51159617  
