-62.85543008  
-35.69750944  
63.5537262  
2.814675421  
3.278494431  
-104.9747528  
-1.944223074  
-35.1176751  
24.44749211  
5.928340827  
39.54913133  
23.98838415  
-24.86194299  
-62.85543008  
-35.69750944  
63.5537262  
2.814675421  
3.278494431  
-104.9747528  
-1.944223074  
-35.1176751  
24.44749211  
5.928340827  
39.54913133  
23.98838415  
-24.86194299  
-62.85543008  
-35.69750944  
63.5537262  
2.814675421  
3.278494431  
-104.9747528  
-1.944223074  
-35.1176751  
24.44749211  
5.928340827  
39.54913133  
23.98838415  
-24.86194299  
-62.85543008  
-35.69750944  
63.5537262  
2.814675421  
3.278494431  
-104.9747528  
-1.944223074  
-35.1176751  
24.44749211  
5.928340827  
39.54913133  
23.98838415  
-24.86194299  
