23.24049697  
-20.54120008  
85.94095005  
-8.006100915  
35.28958737  
87.45333685  
43.23522484  
12.25458995  
56.08608921  
8.393272042  
54.60479241  
26.17207082  
31.31369709  
40.87050057  
25.2838984  
26.85499885  
23.24049697  
-20.54120008  
85.94095005  
-8.006100915  
35.28958737  
87.45333685  
43.23522484  
12.25458995  
56.08608921  
8.393272042  
54.60479241  
26.17207082  
31.31369709  
40.87050057  
25.2838984  
26.85499885  
23.24049697  
-20.54120008  
85.94095005  
-8.006100915  
35.28958737  
87.45333685  
43.23522484  
12.25458995  
56.08608921  
8.393272042  
54.60479241  
26.17207082  
31.31369709  
40.87050057  
25.2838984  
26.85499885  
23.24049697  
-20.54120008  
85.94095005  
-8.006100915  
35.28958737  
87.45333685  
43.23522484  
12.25458995  
56.08608921  
8.393272042  
54.60479241  
26.17207082  
31.31369709  
40.87050057  
25.2838984  
26.85499885  
