62.47240108  
96.60707108  
72.39096726  
33.57940672  
78.85711826  
85.54032765  
16.73117929  
107.9043095  
63.50980713  
33.20764512  
61.60478633  
169.338944  
93.26904093  
62.47240108  
96.60707108  
72.39096726  
33.57940672  
78.85711826  
85.54032765  
16.73117929  
107.9043095  
63.50980713  
33.20764512  
61.60478633  
169.338944  
93.26904093  
62.47240108  
96.60707108  
72.39096726  
33.57940672  
78.85711826  
85.54032765  
16.73117929  
107.9043095  
63.50980713  
33.20764512  
61.60478633  
169.338944  
93.26904093  
62.47240108  
96.60707108  
72.39096726  
33.57940672  
78.85711826  
85.54032765  
16.73117929  
107.9043095  
63.50980713  
33.20764512  
61.60478633  
169.338944  
93.26904093  
