-157.5098765  
-38.8653726  
-28.25271605  
-55.15130304  
-1.836694574  
18.96216783  
38.05708044  
-141.6604238  
26.43620865  
-2.597510241  
-64.96892633  
-43.74602736  
36.394493  
-24.56281494  
-51.19841996  
-75.90883381  
-157.5098765  
-38.8653726  
-28.25271605  
-55.15130304  
-1.836694574  
18.96216783  
38.05708044  
-141.6604238  
26.43620865  
-2.597510241  
-64.96892633  
-43.74602736  
36.394493  
-24.56281494  
-51.19841996  
-75.90883381  
-157.5098765  
-38.8653726  
-28.25271605  
-55.15130304  
-1.836694574  
18.96216783  
38.05708044  
-141.6604238  
26.43620865  
-2.597510241  
-64.96892633  
-43.74602736  
36.394493  
-24.56281494  
-51.19841996  
-75.90883381  
-157.5098765  
-38.8653726  
-28.25271605  
-55.15130304  
-1.836694574  
18.96216783  
38.05708044  
-141.6604238  
26.43620865  
-2.597510241  
-64.96892633  
-43.74602736  
36.394493  
-24.56281494  
-51.19841996  
-75.90883381  
