-72.20943299  
-53.19716584  
25.74440631  
-24.85673027  
-17.64179373  
46.35493214  
-16.6537773  
-41.90305279  
-37.31243838  
-24.99227046  
-0.8698501953  
-6.288388788  
-12.00030535  
-38.73540302  
-72.20943299  
-53.19716584  
25.74440631  
-24.85673027  
-17.64179373  
46.35493214  
-16.6537773  
-41.90305279  
-37.31243838  
-24.99227046  
-0.8698501953  
-6.288388788  
-12.00030535  
-38.73540302  
-72.20943299  
-53.19716584  
25.74440631  
-24.85673027  
-17.64179373  
46.35493214  
-16.6537773  
-41.90305279  
-37.31243838  
-24.99227046  
-0.8698501953  
-6.288388788  
-12.00030535  
-38.73540302  
-72.20943299  
-53.19716584  
25.74440631  
-24.85673027  
-17.64179373  
46.35493214  
-16.6537773  
-41.90305279  
-37.31243838  
-24.99227046  
-0.8698501953  
-6.288388788  
-12.00030535  
-38.73540302  
