-55.92228783  
13.71207783  
-2.034042354  
-32.28328161  
-81.59589916  
-60.50565463  
-83.34008079  
36.14537072  
-61.8284763  
-54.86294324  
-136.4563197  
-8.541950266  
-66.25351219  
-55.92228783  
13.71207783  
-2.034042354  
-32.28328161  
-81.59589916  
-60.50565463  
-83.34008079  
36.14537072  
-61.8284763  
-54.86294324  
-136.4563197  
-8.541950266  
-66.25351219  
-55.92228783  
13.71207783  
-2.034042354  
-32.28328161  
-81.59589916  
-60.50565463  
-83.34008079  
36.14537072  
-61.8284763  
-54.86294324  
-136.4563197  
-8.541950266  
-66.25351219  
-55.92228783  
13.71207783  
-2.034042354  
-32.28328161  
-81.59589916  
-60.50565463  
-83.34008079  
36.14537072  
-61.8284763  
-54.86294324  
-136.4563197  
-8.541950266  
-66.25351219  
