-38.23081837  
-25.46401351  
-17.08584222  
29.58940841  
-84.78432893  
-3.622538504  
-42.7381953  
-43.20068206  
-47.3575364  
-35.12991614  
-2.557114462  
-6.163133521  
21.49038771  
-38.23081837  
-25.46401351  
-17.08584222  
29.58940841  
-84.78432893  
-3.622538504  
-42.7381953  
-43.20068206  
-47.3575364  
-35.12991614  
-2.557114462  
-6.163133521  
21.49038771  
-38.23081837  
-25.46401351  
-17.08584222  
29.58940841  
-84.78432893  
-3.622538504  
-42.7381953  
-43.20068206  
-47.3575364  
-35.12991614  
-2.557114462  
-6.163133521  
21.49038771  
-38.23081837  
-25.46401351  
-17.08584222  
29.58940841  
-84.78432893  
-3.622538504  
-42.7381953  
-43.20068206  
-47.3575364  
-35.12991614  
-2.557114462  
-6.163133521  
21.49038771  
