-57.93374286  
-49.33567713  
-94.6734947  
-103.2515486  
-98.96745373  
-143.2758714  
2.923017431  
-99.38801189  
64.98697853  
-34.36232092  
-503.1083337  
-84.83808644  
-12.54178902  
-9.354106073  
-87.37068934  
-91.30076948  
-57.93374286  
-49.33567713  
-94.6734947  
-103.2515486  
-98.96745373  
-143.2758714  
2.923017431  
-99.38801189  
64.98697853  
-34.36232092  
-503.1083337  
-84.83808644  
-12.54178902  
-9.354106073  
-87.37068934  
-91.30076948  
-57.93374286  
-49.33567713  
-94.6734947  
-103.2515486  
-98.96745373  
-143.2758714  
2.923017431  
-99.38801189  
64.98697853  
-34.36232092  
-503.1083337  
-84.83808644  
-12.54178902  
-9.354106073  
-87.37068934  
-91.30076948  
-57.93374286  
-49.33567713  
-94.6734947  
-103.2515486  
-98.96745373  
-143.2758714  
2.923017431  
-99.38801189  
64.98697853  
-34.36232092  
-503.1083337  
-84.83808644  
-12.54178902  
-9.354106073  
-87.37068934  
-91.30076948  
