-57.30457305  
4.648182335  
-96.11721734  
31.97074712  
-21.12353638  
5.621984043  
-18.92710072  
-46.83873312  
2.788556217  
-12.57189486  
-35.55573785  
-57.30457305  
4.648182335  
-96.11721734  
31.97074712  
-21.12353638  
5.621984043  
-18.92710072  
-46.83873312  
2.788556217  
-12.57189486  
-35.55573785  
-57.30457305  
4.648182335  
-96.11721734  
31.97074712  
-21.12353638  
5.621984043  
-18.92710072  
-46.83873312  
2.788556217  
-12.57189486  
-35.55573785  
-57.30457305  
4.648182335  
-96.11721734  
31.97074712  
-21.12353638  
5.621984043  
-18.92710072  
-46.83873312  
2.788556217  
-12.57189486  
-35.55573785  
