-228.508232  
-41.96062964  
-18.58645765  
-39.96962016  
29.64520424  
46.4523845  
38.25507098  
-48.82176234  
17.48459544  
-45.03865838  
-22.18485099  
-5.152239947  
103.6703944  
-48.06329688  
-96.17074599  
-17.41361031  
-228.508232  
-41.96062964  
-18.58645765  
-39.96962016  
29.64520424  
46.4523845  
38.25507098  
-48.82176234  
17.48459544  
-45.03865838  
-22.18485099  
-5.152239947  
103.6703944  
-48.06329688  
-96.17074599  
-17.41361031  
-228.508232  
-41.96062964  
-18.58645765  
-39.96962016  
29.64520424  
46.4523845  
38.25507098  
-48.82176234  
17.48459544  
-45.03865838  
-22.18485099  
-5.152239947  
103.6703944  
-48.06329688  
-96.17074599  
-17.41361031  
-228.508232  
-41.96062964  
-18.58645765  
-39.96962016  
29.64520424  
46.4523845  
38.25507098  
-48.82176234  
17.48459544  
-45.03865838  
-22.18485099  
-5.152239947  
103.6703944  
-48.06329688  
-96.17074599  
-17.41361031  
