-13.71840163  
35.9277205  
-27.05472293  
53.57222762  
-7.657792996  
95.26405219  
-78.91017367  
5.163865283  
-25.63130799  
-1.651771938  
46.07992572  
46.80517925  
-34.87455796  
90.59680331  
-13.71840163  
35.9277205  
-27.05472293  
53.57222762  
-7.657792996  
95.26405219  
-78.91017367  
5.163865283  
-25.63130799  
-1.651771938  
46.07992572  
46.80517925  
-34.87455796  
90.59680331  
-13.71840163  
35.9277205  
-27.05472293  
53.57222762  
-7.657792996  
95.26405219  
-78.91017367  
5.163865283  
-25.63130799  
-1.651771938  
46.07992572  
46.80517925  
-34.87455796  
90.59680331  
-13.71840163  
35.9277205  
-27.05472293  
53.57222762  
-7.657792996  
95.26405219  
-78.91017367  
5.163865283  
-25.63130799  
-1.651771938  
46.07992572  
46.80517925  
-34.87455796  
90.59680331  
