-7.165841484  
20.9227626  
99.37860065  
49.54529269  
71.34496279  
60.87359115  
22.0507447  
-154.4324041  
59.23938813  
50.15941188  
-37.47750126  
112.9957185  
21.48980339  
-7.165841484  
20.9227626  
99.37860065  
49.54529269  
71.34496279  
60.87359115  
22.0507447  
-154.4324041  
59.23938813  
50.15941188  
-37.47750126  
112.9957185  
21.48980339  
-7.165841484  
20.9227626  
99.37860065  
49.54529269  
71.34496279  
60.87359115  
22.0507447  
-154.4324041  
59.23938813  
50.15941188  
-37.47750126  
112.9957185  
21.48980339  
-7.165841484  
20.9227626  
99.37860065  
49.54529269  
71.34496279  
60.87359115  
22.0507447  
-154.4324041  
59.23938813  
50.15941188  
-37.47750126  
112.9957185  
21.48980339  
