19.11843812  
43.03391544  
-50.83818355  
-40.54641988  
43.84149021  
-1.588501092  
-75.46278898  
8.175394442  
-41.07796136  
-10.06772665  
-77.4427632  
1.049354367  
-51.83182374  
19.11843812  
43.03391544  
-50.83818355  
-40.54641988  
43.84149021  
-1.588501092  
-75.46278898  
8.175394442  
-41.07796136  
-10.06772665  
-77.4427632  
1.049354367  
-51.83182374  
19.11843812  
43.03391544  
-50.83818355  
-40.54641988  
43.84149021  
-1.588501092  
-75.46278898  
8.175394442  
-41.07796136  
-10.06772665  
-77.4427632  
1.049354367  
-51.83182374  
19.11843812  
43.03391544  
-50.83818355  
-40.54641988  
43.84149021  
-1.588501092  
-75.46278898  
8.175394442  
-41.07796136  
-10.06772665  
-77.4427632  
1.049354367  
-51.83182374  
