-11.54705422  
-10.09294618  
-73.69265669  
-50.08610459  
-6.752618722  
6.052623268  
-190.1379222  
-4.963931177  
-29.77378722  
-5.694293893  
5.075786372  
-60.61239526  
-35.18273258  
-19.41596065  
-11.54705422  
-10.09294618  
-73.69265669  
-50.08610459  
-6.752618722  
6.052623268  
-190.1379222  
-4.963931177  
-29.77378722  
-5.694293893  
5.075786372  
-60.61239526  
-35.18273258  
-19.41596065  
-11.54705422  
-10.09294618  
-73.69265669  
-50.08610459  
-6.752618722  
6.052623268  
-190.1379222  
-4.963931177  
-29.77378722  
-5.694293893  
5.075786372  
-60.61239526  
-35.18273258  
-19.41596065  
-11.54705422  
-10.09294618  
-73.69265669  
-50.08610459  
-6.752618722  
6.052623268  
-190.1379222  
-4.963931177  
-29.77378722  
-5.694293893  
5.075786372  
-60.61239526  
-35.18273258  
-19.41596065  
