-70.94538175  
-57.5130444  
8.953678806  
-13.26103259  
39.11696973  
-49.84737211  
18.54320988  
7.203637804  
13.58213737  
10.18295398  
67.12395484  
37.67803813  
5.225400558  
-70.94538175  
-57.5130444  
8.953678806  
-13.26103259  
39.11696973  
-49.84737211  
18.54320988  
7.203637804  
13.58213737  
10.18295398  
67.12395484  
37.67803813  
5.225400558  
-70.94538175  
-57.5130444  
8.953678806  
-13.26103259  
39.11696973  
-49.84737211  
18.54320988  
7.203637804  
13.58213737  
10.18295398  
67.12395484  
37.67803813  
5.225400558  
-70.94538175  
-57.5130444  
8.953678806  
-13.26103259  
39.11696973  
-49.84737211  
18.54320988  
7.203637804  
13.58213737  
10.18295398  
67.12395484  
37.67803813  
5.225400558  
