-19.84414848  
26.66171585  
47.36453994  
50.70038956  
70.22147153  
54.48805768  
-2.599643432  
16.72410676  
26.45619314  
-90.90926715  
-3.602980041  
112.7488719  
-8.631165201  
53.62664585  
42.61321584  
-19.84414848  
26.66171585  
47.36453994  
50.70038956  
70.22147153  
54.48805768  
-2.599643432  
16.72410676  
26.45619314  
-90.90926715  
-3.602980041  
112.7488719  
-8.631165201  
53.62664585  
42.61321584  
-19.84414848  
26.66171585  
47.36453994  
50.70038956  
70.22147153  
54.48805768  
-2.599643432  
16.72410676  
26.45619314  
-90.90926715  
-3.602980041  
112.7488719  
-8.631165201  
53.62664585  
42.61321584  
-19.84414848  
26.66171585  
47.36453994  
50.70038956  
70.22147153  
54.48805768  
-2.599643432  
16.72410676  
26.45619314  
-90.90926715  
-3.602980041  
112.7488719  
-8.631165201  
53.62664585  
42.61321584  
