-174.4210659  
-72.2325251  
-59.9798696  
-95.50253108  
71.97156487  
-50.78582515  
-142.9445277  
-21.66854572  
-49.31530701  
-91.71957958  
-62.13425367  
-174.4210659  
-72.2325251  
-59.9798696  
-95.50253108  
71.97156487  
-50.78582515  
-142.9445277  
-21.66854572  
-49.31530701  
-91.71957958  
-62.13425367  
-174.4210659  
-72.2325251  
-59.9798696  
-95.50253108  
71.97156487  
-50.78582515  
-142.9445277  
-21.66854572  
-49.31530701  
-91.71957958  
-62.13425367  
-174.4210659  
-72.2325251  
-59.9798696  
-95.50253108  
71.97156487  
-50.78582515  
-142.9445277  
-21.66854572  
-49.31530701  
-91.71957958  
-62.13425367  
