-78.0351885  
-55.38882628  
19.23190982  
-82.55895731  
13.30745508  
-46.80559829  
11.63976913  
23.04000768  
-17.30614595  
7.262449376  
87.5829163  
31.85196203  
50.49545289  
-85.32137501  
-1.357123218  
-78.0351885  
-55.38882628  
19.23190982  
-82.55895731  
13.30745508  
-46.80559829  
11.63976913  
23.04000768  
-17.30614595  
7.262449376  
87.5829163  
31.85196203  
50.49545289  
-85.32137501  
-1.357123218  
-78.0351885  
-55.38882628  
19.23190982  
-82.55895731  
13.30745508  
-46.80559829  
11.63976913  
23.04000768  
-17.30614595  
7.262449376  
87.5829163  
31.85196203  
50.49545289  
-85.32137501  
-1.357123218  
-78.0351885  
-55.38882628  
19.23190982  
-82.55895731  
13.30745508  
-46.80559829  
11.63976913  
23.04000768  
-17.30614595  
7.262449376  
87.5829163  
31.85196203  
50.49545289  
-85.32137501  
-1.357123218  
