-68.00082754  
-67.27286856  
-110.0446633  
4.652357012  
-2.646671135  
27.86157543  
-64.30306256  
-50.40553415  
-25.96840956  
-28.31875643  
-38.30466887  
4.43057269  
-93.9591267  
-4.550553899  
78.4967932  
-10.97662046  
-24.15311683  
-68.00082754  
-67.27286856  
-110.0446633  
4.652357012  
-2.646671135  
27.86157543  
-64.30306256  
-50.40553415  
-25.96840956  
-28.31875643  
-38.30466887  
4.43057269  
-93.9591267  
-4.550553899  
78.4967932  
-10.97662046  
-24.15311683  
-68.00082754  
-67.27286856  
-110.0446633  
4.652357012  
-2.646671135  
27.86157543  
-64.30306256  
-50.40553415  
-25.96840956  
-28.31875643  
-38.30466887  
4.43057269  
-93.9591267  
-4.550553899  
78.4967932  
-10.97662046  
-24.15311683  
-68.00082754  
-67.27286856  
-110.0446633  
4.652357012  
-2.646671135  
27.86157543  
-64.30306256  
-50.40553415  
-25.96840956  
-28.31875643  
-38.30466887  
4.43057269  
-93.9591267  
-4.550553899  
78.4967932  
-10.97662046  
-24.15311683  
