-24.45424589  
-92.79102674  
69.73507569  
96.13643014  
110.8248229  
94.87310676  
184.916274  
66.86746984  
60.04633641  
-46.73222108  
-40.49331558  
85.43486895  
-24.45424589  
-92.79102674  
69.73507569  
96.13643014  
110.8248229  
94.87310676  
184.916274  
66.86746984  
60.04633641  
-46.73222108  
-40.49331558  
85.43486895  
-24.45424589  
-92.79102674  
69.73507569  
96.13643014  
110.8248229  
94.87310676  
184.916274  
66.86746984  
60.04633641  
-46.73222108  
-40.49331558  
85.43486895  
-24.45424589  
-92.79102674  
69.73507569  
96.13643014  
110.8248229  
94.87310676  
184.916274  
66.86746984  
60.04633641  
-46.73222108  
-40.49331558  
85.43486895  
