-10.97990373  
-41.26386998  
27.58426014  
16.18972386  
3.155255033  
-26.46306822  
-4.23492907  
0.9611386478  
-14.97050745  
29.43221686  
3.11481804  
-18.24457147  
-9.61975865  
13.32435091  
-64.66613322  
-10.97990373  
-41.26386998  
27.58426014  
16.18972386  
3.155255033  
-26.46306822  
-4.23492907  
0.9611386478  
-14.97050745  
29.43221686  
3.11481804  
-18.24457147  
-9.61975865  
13.32435091  
-64.66613322  
-10.97990373  
-41.26386998  
27.58426014  
16.18972386  
3.155255033  
-26.46306822  
-4.23492907  
0.9611386478  
-14.97050745  
29.43221686  
3.11481804  
-18.24457147  
-9.61975865  
13.32435091  
-64.66613322  
-10.97990373  
-41.26386998  
27.58426014  
16.18972386  
3.155255033  
-26.46306822  
-4.23492907  
0.9611386478  
-14.97050745  
29.43221686  
3.11481804  
-18.24457147  
-9.61975865  
13.32435091  
-64.66613322  
