47.36425249  
-67.93771785  
54.06950234  
-62.78741107  
-65.14021037  
14.38515382  
-13.49109882  
-119.9458617  
15.77874643  
-46.71887907  
-91.4163038  
-26.66022784  
63.93615524  
47.36425249  
-67.93771785  
54.06950234  
-62.78741107  
-65.14021037  
14.38515382  
-13.49109882  
-119.9458617  
15.77874643  
-46.71887907  
-91.4163038  
-26.66022784  
63.93615524  
47.36425249  
-67.93771785  
54.06950234  
-62.78741107  
-65.14021037  
14.38515382  
-13.49109882  
-119.9458617  
15.77874643  
-46.71887907  
-91.4163038  
-26.66022784  
63.93615524  
47.36425249  
-67.93771785  
54.06950234  
-62.78741107  
-65.14021037  
14.38515382  
-13.49109882  
-119.9458617  
15.77874643  
-46.71887907  
-91.4163038  
-26.66022784  
63.93615524  
