22.36164262  
159.1216059  
101.1411977  
-18.30591794  
-12.0285011  
146.0726583  
130.5241156  
6.659706919  
92.60311025  
44.51618825  
-19.44807336  
22.36164262  
159.1216059  
101.1411977  
-18.30591794  
-12.0285011  
146.0726583  
130.5241156  
6.659706919  
92.60311025  
44.51618825  
-19.44807336  
22.36164262  
159.1216059  
101.1411977  
-18.30591794  
-12.0285011  
146.0726583  
130.5241156  
6.659706919  
92.60311025  
44.51618825  
-19.44807336  
22.36164262  
159.1216059  
101.1411977  
-18.30591794  
-12.0285011  
146.0726583  
130.5241156  
6.659706919  
92.60311025  
44.51618825  
-19.44807336  
