191.5251176  
64.57252893  
-275.5001816  
-81.73743854  
-702.364714  
49.89791312  
-83.21053087  
-230.9826909  
64.64432152  
-54.45268985  
-56.84153595  
191.5251176  
64.57252893  
-275.5001816  
-81.73743854  
-702.364714  
49.89791312  
-83.21053087  
-230.9826909  
64.64432152  
-54.45268985  
-56.84153595  
191.5251176  
64.57252893  
-275.5001816  
-81.73743854  
-702.364714  
49.89791312  
-83.21053087  
-230.9826909  
64.64432152  
-54.45268985  
-56.84153595  
191.5251176  
64.57252893  
-275.5001816  
-81.73743854  
-702.364714  
49.89791312  
-83.21053087  
-230.9826909  
64.64432152  
-54.45268985  
-56.84153595  
