-164.0683595  
-119.8562414  
-17.97919564  
-3.156878802  
-86.53864972  
-73.84772417  
75.08097204  
20.36003676  
-122.4578009  
-108.9432301  
36.47047739  
-116.5316288  
87.64898664  
-181.7252637  
26.91306323  
-164.0683595  
-119.8562414  
-17.97919564  
-3.156878802  
-86.53864972  
-73.84772417  
75.08097204  
20.36003676  
-122.4578009  
-108.9432301  
36.47047739  
-116.5316288  
87.64898664  
-181.7252637  
26.91306323  
-164.0683595  
-119.8562414  
-17.97919564  
-3.156878802  
-86.53864972  
-73.84772417  
75.08097204  
20.36003676  
-122.4578009  
-108.9432301  
36.47047739  
-116.5316288  
87.64898664  
-181.7252637  
26.91306323  
-164.0683595  
-119.8562414  
-17.97919564  
-3.156878802  
-86.53864972  
-73.84772417  
75.08097204  
20.36003676  
-122.4578009  
-108.9432301  
36.47047739  
-116.5316288  
87.64898664  
-181.7252637  
26.91306323  
