-41.98811426  
46.03981346  
65.37278087  
130.5750245  
-6.736092507  
-11.68627461  
115.0950133  
75.00925266  
36.50341771  
89.27665356  
76.86412448  
43.96495637  
101.1852277  
14.19314536  
7.719548539  
88.94787999  
61.4698861  
-41.98811426  
46.03981346  
65.37278087  
130.5750245  
-6.736092507  
-11.68627461  
115.0950133  
75.00925266  
36.50341771  
89.27665356  
76.86412448  
43.96495637  
101.1852277  
14.19314536  
7.719548539  
88.94787999  
61.4698861  
-41.98811426  
46.03981346  
65.37278087  
130.5750245  
-6.736092507  
-11.68627461  
115.0950133  
75.00925266  
36.50341771  
89.27665356  
76.86412448  
43.96495637  
101.1852277  
14.19314536  
7.719548539  
88.94787999  
61.4698861  
-41.98811426  
46.03981346  
65.37278087  
130.5750245  
-6.736092507  
-11.68627461  
115.0950133  
75.00925266  
36.50341771  
89.27665356  
76.86412448  
43.96495637  
101.1852277  
14.19314536  
7.719548539  
88.94787999  
61.4698861  
