-52.34627091  
-10.99307966  
1.152533236  
28.62366913  
-139.9893784  
-130.6254242  
-28.88589593  
-36.55381931  
40.11419378  
-60.9815693  
-304.7038131  
-18.27429725  
4.238343474  
-30.57630888  
-66.23971883  
6.400479871  
-52.34627091  
-10.99307966  
1.152533236  
28.62366913  
-139.9893784  
-130.6254242  
-28.88589593  
-36.55381931  
40.11419378  
-60.9815693  
-304.7038131  
-18.27429725  
4.238343474  
-30.57630888  
-66.23971883  
6.400479871  
-52.34627091  
-10.99307966  
1.152533236  
28.62366913  
-139.9893784  
-130.6254242  
-28.88589593  
-36.55381931  
40.11419378  
-60.9815693  
-304.7038131  
-18.27429725  
4.238343474  
-30.57630888  
-66.23971883  
6.400479871  
-52.34627091  
-10.99307966  
1.152533236  
28.62366913  
-139.9893784  
-130.6254242  
-28.88589593  
-36.55381931  
40.11419378  
-60.9815693  
-304.7038131  
-18.27429725  
4.238343474  
-30.57630888  
-66.23971883  
6.400479871  
