-42.19130486  
-36.69627205  
-14.56661184  
-26.1945578  
-38.09265436  
4.586290209  
14.54769911  
-55.25482056  
-8.506121661  
40.55351421  
-2.377639193  
-4.602884254  
-54.1570978  
-42.19130486  
-36.69627205  
-14.56661184  
-26.1945578  
-38.09265436  
4.586290209  
14.54769911  
-55.25482056  
-8.506121661  
40.55351421  
-2.377639193  
-4.602884254  
-54.1570978  
-42.19130486  
-36.69627205  
-14.56661184  
-26.1945578  
-38.09265436  
4.586290209  
14.54769911  
-55.25482056  
-8.506121661  
40.55351421  
-2.377639193  
-4.602884254  
-54.1570978  
-42.19130486  
-36.69627205  
-14.56661184  
-26.1945578  
-38.09265436  
4.586290209  
14.54769911  
-55.25482056  
-8.506121661  
40.55351421  
-2.377639193  
-4.602884254  
-54.1570978  
