-81.11308154  
-13.98122086  
4.145059767  
-19.09407728  
-74.89701219  
-76.65211656  
-50.22706354  
-71.5194354  
2.019800488  
-31.99770403  
-81.11308154  
-13.98122086  
4.145059767  
-19.09407728  
-74.89701219  
-76.65211656  
-50.22706354  
-71.5194354  
2.019800488  
-31.99770403  
-81.11308154  
-13.98122086  
4.145059767  
-19.09407728  
-74.89701219  
-76.65211656  
-50.22706354  
-71.5194354  
2.019800488  
-31.99770403  
-81.11308154  
-13.98122086  
4.145059767  
-19.09407728  
-74.89701219  
-76.65211656  
-50.22706354  
-71.5194354  
2.019800488  
-31.99770403  
