-49.09222125  
-17.19355145  
-61.31162798  
-45.47262427  
-12.94162889  
-66.54496047  
-48.22817267  
30.69661037  
-91.4413912  
11.15784127  
10.51355295  
-81.92751204  
-52.62006272  
-35.639098  
-35.68781768  
-89.9776997  
-8.998256443  
-2.998057352  
57.03058597  
-49.09222125  
-17.19355145  
-61.31162798  
-45.47262427  
-12.94162889  
-66.54496047  
-48.22817267  
30.69661037  
-91.4413912  
11.15784127  
10.51355295  
-81.92751204  
-52.62006272  
-35.639098  
-35.68781768  
-89.9776997  
-8.998256443  
-2.998057352  
57.03058597  
-49.09222125  
-17.19355145  
-61.31162798  
-45.47262427  
-12.94162889  
-66.54496047  
-48.22817267  
30.69661037  
-91.4413912  
11.15784127  
10.51355295  
-81.92751204  
-52.62006272  
-35.639098  
-35.68781768  
-89.9776997  
-8.998256443  
-2.998057352  
57.03058597  
-49.09222125  
-17.19355145  
-61.31162798  
-45.47262427  
-12.94162889  
-66.54496047  
-48.22817267  
30.69661037  
-91.4413912  
11.15784127  
10.51355295  
-81.92751204  
-52.62006272  
-35.639098  
-35.68781768  
-89.9776997  
-8.998256443  
-2.998057352  
57.03058597  
