-6.255633108  
2.671809285  
57.62119136  
27.02952173  
-13.20101757  
13.86406834  
62.94944905  
19.10720082  
-41.67656957  
-23.54823704  
-39.6093219  
62.9838706  
-30.86599206  
49.57096185  
-6.255633108  
2.671809285  
57.62119136  
27.02952173  
-13.20101757  
13.86406834  
62.94944905  
19.10720082  
-41.67656957  
-23.54823704  
-39.6093219  
62.9838706  
-30.86599206  
49.57096185  
-6.255633108  
2.671809285  
57.62119136  
27.02952173  
-13.20101757  
13.86406834  
62.94944905  
19.10720082  
-41.67656957  
-23.54823704  
-39.6093219  
62.9838706  
-30.86599206  
49.57096185  
-6.255633108  
2.671809285  
57.62119136  
27.02952173  
-13.20101757  
13.86406834  
62.94944905  
19.10720082  
-41.67656957  
-23.54823704  
-39.6093219  
62.9838706  
-30.86599206  
49.57096185  
