3.502842628  
8.92203862  
-24.45529709  
-11.56794956  
20.56495028  
-17.53617525  
42.16190867  
-21.69712545  
14.73970992  
31.73297267  
7.184513932  
12.54247463  
21.79032004  
14.68335898  
11.1491387  
3.502842628  
8.92203862  
-24.45529709  
-11.56794956  
20.56495028  
-17.53617525  
42.16190867  
-21.69712545  
14.73970992  
31.73297267  
7.184513932  
12.54247463  
21.79032004  
14.68335898  
11.1491387  
3.502842628  
8.92203862  
-24.45529709  
-11.56794956  
20.56495028  
-17.53617525  
42.16190867  
-21.69712545  
14.73970992  
31.73297267  
7.184513932  
12.54247463  
21.79032004  
14.68335898  
11.1491387  
3.502842628  
8.92203862  
-24.45529709  
-11.56794956  
20.56495028  
-17.53617525  
42.16190867  
-21.69712545  
14.73970992  
31.73297267  
7.184513932  
12.54247463  
21.79032004  
14.68335898  
11.1491387  
