-27.36799744  
17.7925333  
34.4632786  
36.20666788  
25.55944109  
8.597753585  
-20.51328775  
48.5138026  
64.20429132  
27.46723191  
57.3650728  
15.117538  
9.691731288  
106.8861852  
-3.228383685  
18.44648802  
17.30027732  
-27.36799744  
17.7925333  
34.4632786  
36.20666788  
25.55944109  
8.597753585  
-20.51328775  
48.5138026  
64.20429132  
27.46723191  
57.3650728  
15.117538  
9.691731288  
106.8861852  
-3.228383685  
18.44648802  
17.30027732  
-27.36799744  
17.7925333  
34.4632786  
36.20666788  
25.55944109  
8.597753585  
-20.51328775  
48.5138026  
64.20429132  
27.46723191  
57.3650728  
15.117538  
9.691731288  
106.8861852  
-3.228383685  
18.44648802  
17.30027732  
-27.36799744  
17.7925333  
34.4632786  
36.20666788  
25.55944109  
8.597753585  
-20.51328775  
48.5138026  
64.20429132  
27.46723191  
57.3650728  
15.117538  
9.691731288  
106.8861852  
-3.228383685  
18.44648802  
17.30027732  
