7.894756471  
-26.69508098  
-16.39484993  
14.98714494  
11.73852165  
18.24540001  
10.96634238  
5.515908281  
23.28327055  
9.803278198  
-8.084664743  
11.27639954  
3.831874386  
10.77169907  
50.30431866  
2.789332528  
13.70233256  
7.894756471  
-26.69508098  
-16.39484993  
14.98714494  
11.73852165  
18.24540001  
10.96634238  
5.515908281  
23.28327055  
9.803278198  
-8.084664743  
11.27639954  
3.831874386  
10.77169907  
50.30431866  
2.789332528  
13.70233256  
7.894756471  
-26.69508098  
-16.39484993  
14.98714494  
11.73852165  
18.24540001  
10.96634238  
5.515908281  
23.28327055  
9.803278198  
-8.084664743  
11.27639954  
3.831874386  
10.77169907  
50.30431866  
2.789332528  
13.70233256  
7.894756471  
-26.69508098  
-16.39484993  
14.98714494  
11.73852165  
18.24540001  
10.96634238  
5.515908281  
23.28327055  
9.803278198  
-8.084664743  
11.27639954  
3.831874386  
10.77169907  
50.30431866  
2.789332528  
13.70233256  
