-12.60477881  
-0.6120898794  
31.09656155  
78.89672739  
25.32836325  
-8.963940406  
66.27754522  
53.80289712  
44.28828935  
38.29610482  
0.6466694728  
45.37974431  
-12.60477881  
-0.6120898794  
31.09656155  
78.89672739  
25.32836325  
-8.963940406  
66.27754522  
53.80289712  
44.28828935  
38.29610482  
0.6466694728  
45.37974431  
-12.60477881  
-0.6120898794  
31.09656155  
78.89672739  
25.32836325  
-8.963940406  
66.27754522  
53.80289712  
44.28828935  
38.29610482  
0.6466694728  
45.37974431  
-12.60477881  
-0.6120898794  
31.09656155  
78.89672739  
25.32836325  
-8.963940406  
66.27754522  
53.80289712  
44.28828935  
38.29610482  
0.6466694728  
45.37974431  
