2.998646871  
-74.39334407  
-11.43688279  
-15.58371237  
-32.95544999  
-34.48042235  
49.56648747  
-76.0384688  
-2.188394956  
-12.56785783  
-12.140229  
-30.21045748  
2.998646871  
-74.39334407  
-11.43688279  
-15.58371237  
-32.95544999  
-34.48042235  
49.56648747  
-76.0384688  
-2.188394956  
-12.56785783  
-12.140229  
-30.21045748  
2.998646871  
-74.39334407  
-11.43688279  
-15.58371237  
-32.95544999  
-34.48042235  
49.56648747  
-76.0384688  
-2.188394956  
-12.56785783  
-12.140229  
-30.21045748  
2.998646871  
-74.39334407  
-11.43688279  
-15.58371237  
-32.95544999  
-34.48042235  
49.56648747  
-76.0384688  
-2.188394956  
-12.56785783  
-12.140229  
-30.21045748  
