9.051773948  
-48.83858144  
-110.7570963  
-71.10828539  
50.06436713  
16.58586237  
-34.33954778  
-50.34386112  
-91.07667127  
-10.17863671  
26.40814555  
-102.9723107  
-81.47460956  
9.051773948  
-48.83858144  
-110.7570963  
-71.10828539  
50.06436713  
16.58586237  
-34.33954778  
-50.34386112  
-91.07667127  
-10.17863671  
26.40814555  
-102.9723107  
-81.47460956  
9.051773948  
-48.83858144  
-110.7570963  
-71.10828539  
50.06436713  
16.58586237  
-34.33954778  
-50.34386112  
-91.07667127  
-10.17863671  
26.40814555  
-102.9723107  
-81.47460956  
9.051773948  
-48.83858144  
-110.7570963  
-71.10828539  
50.06436713  
16.58586237  
-34.33954778  
-50.34386112  
-91.07667127  
-10.17863671  
26.40814555  
-102.9723107  
-81.47460956  
