-3.730397997  
22.71391465  
45.31905672  
120.578648  
-0.3882790714  
65.66258104  
75.58282305  
-40.88814195  
15.06370935  
52.81034181  
-12.06616882  
43.536319  
-32.12548581  
30.6894265  
-4.263095262  
-6.251495665  
-3.730397997  
22.71391465  
45.31905672  
120.578648  
-0.3882790714  
65.66258104  
75.58282305  
-40.88814195  
15.06370935  
52.81034181  
-12.06616882  
43.536319  
-32.12548581  
30.6894265  
-4.263095262  
-6.251495665  
-3.730397997  
22.71391465  
45.31905672  
120.578648  
-0.3882790714  
65.66258104  
75.58282305  
-40.88814195  
15.06370935  
52.81034181  
-12.06616882  
43.536319  
-32.12548581  
30.6894265  
-4.263095262  
-6.251495665  
-3.730397997  
22.71391465  
45.31905672  
120.578648  
-0.3882790714  
65.66258104  
75.58282305  
-40.88814195  
15.06370935  
52.81034181  
-12.06616882  
43.536319  
-32.12548581  
30.6894265  
-4.263095262  
-6.251495665  
