-65.54860993  
-61.76693908  
-81.22045965  
61.53535064  
57.17654304  
-14.2433314  
1.55248571  
-7.326278274  
-17.70362882  
40.83457484  
-36.74540671  
-65.54860993  
-61.76693908  
-81.22045965  
61.53535064  
57.17654304  
-14.2433314  
1.55248571  
-7.326278274  
-17.70362882  
40.83457484  
-36.74540671  
-65.54860993  
-61.76693908  
-81.22045965  
61.53535064  
57.17654304  
-14.2433314  
1.55248571  
-7.326278274  
-17.70362882  
40.83457484  
-36.74540671  
-65.54860993  
-61.76693908  
-81.22045965  
61.53535064  
57.17654304  
-14.2433314  
1.55248571  
-7.326278274  
-17.70362882  
40.83457484  
-36.74540671  
