24.74855367  
-1.717814352  
-5.461984171  
77.99634847  
2.201203886  
30.41438325  
15.4609102  
36.60825178  
41.02822704  
-8.653728056  
-21.2012326  
37.65024222  
16.65861431  
50.83524403  
1.868896056  
15.77299304  
57.58418511  
23.18760802  
-39.3262771  
47.69727353  
24.74855367  
-1.717814352  
-5.461984171  
77.99634847  
2.201203886  
30.41438325  
15.4609102  
36.60825178  
41.02822704  
-8.653728056  
-21.2012326  
37.65024222  
16.65861431  
50.83524403  
1.868896056  
15.77299304  
57.58418511  
23.18760802  
-39.3262771  
47.69727353  
24.74855367  
-1.717814352  
-5.461984171  
77.99634847  
2.201203886  
30.41438325  
15.4609102  
36.60825178  
41.02822704  
-8.653728056  
-21.2012326  
37.65024222  
16.65861431  
50.83524403  
1.868896056  
15.77299304  
57.58418511  
23.18760802  
-39.3262771  
47.69727353  
24.74855367  
-1.717814352  
-5.461984171  
77.99634847  
2.201203886  
30.41438325  
15.4609102  
36.60825178  
41.02822704  
-8.653728056  
-21.2012326  
37.65024222  
16.65861431  
50.83524403  
1.868896056  
15.77299304  
57.58418511  
23.18760802  
-39.3262771  
47.69727353  
