-23.11293939  
16.05563912  
37.26493017  
3.425267276  
-71.53029013  
38.19279218  
15.75443742  
91.15036546  
-30.62708499  
42.32306466  
-2.921547047  
47.95721577  
-35.17280914  
76.54280445  
21.6408146  
-7.378045569  
40.51867457  
-23.11293939  
16.05563912  
37.26493017  
3.425267276  
-71.53029013  
38.19279218  
15.75443742  
91.15036546  
-30.62708499  
42.32306466  
-2.921547047  
47.95721577  
-35.17280914  
76.54280445  
21.6408146  
-7.378045569  
40.51867457  
-23.11293939  
16.05563912  
37.26493017  
3.425267276  
-71.53029013  
38.19279218  
15.75443742  
91.15036546  
-30.62708499  
42.32306466  
-2.921547047  
47.95721577  
-35.17280914  
76.54280445  
21.6408146  
-7.378045569  
40.51867457  
-23.11293939  
16.05563912  
37.26493017  
3.425267276  
-71.53029013  
38.19279218  
15.75443742  
91.15036546  
-30.62708499  
42.32306466  
-2.921547047  
47.95721577  
-35.17280914  
76.54280445  
21.6408146  
-7.378045569  
40.51867457  
