63.61376373  
36.35600246  
61.96766894  
40.9509326  
62.48460293  
121.8317725  
81.86472785  
98.84871189  
44.81191281  
53.05899894  
18.9276028  
63.61376373  
36.35600246  
61.96766894  
40.9509326  
62.48460293  
121.8317725  
81.86472785  
98.84871189  
44.81191281  
53.05899894  
18.9276028  
63.61376373  
36.35600246  
61.96766894  
40.9509326  
62.48460293  
121.8317725  
81.86472785  
98.84871189  
44.81191281  
53.05899894  
18.9276028  
63.61376373  
36.35600246  
61.96766894  
40.9509326  
62.48460293  
121.8317725  
81.86472785  
98.84871189  
44.81191281  
53.05899894  
18.9276028  
