2.911330443  
-43.37160564  
-17.18021289  
35.08462416  
-9.443089607  
-40.99859421  
-31.98643937  
-44.66404335  
-20.25233236  
2.911330443  
-43.37160564  
-17.18021289  
35.08462416  
-9.443089607  
-40.99859421  
-31.98643937  
-44.66404335  
-20.25233236  
2.911330443  
-43.37160564  
-17.18021289  
35.08462416  
-9.443089607  
-40.99859421  
-31.98643937  
-44.66404335  
-20.25233236  
2.911330443  
-43.37160564  
-17.18021289  
35.08462416  
-9.443089607  
-40.99859421  
-31.98643937  
-44.66404335  
-20.25233236  
