60.8448328  
29.64729931  
6.245902387  
8.304521938  
11.73417873  
10.84617274  
23.31079804  
25.69103363  
-10.94336514  
52.98085358  
-20.48929024  
41.71391772  
60.8448328  
29.64729931  
6.245902387  
8.304521938  
11.73417873  
10.84617274  
23.31079804  
25.69103363  
-10.94336514  
52.98085358  
-20.48929024  
41.71391772  
60.8448328  
29.64729931  
6.245902387  
8.304521938  
11.73417873  
10.84617274  
23.31079804  
25.69103363  
-10.94336514  
52.98085358  
-20.48929024  
41.71391772  
60.8448328  
29.64729931  
6.245902387  
8.304521938  
11.73417873  
10.84617274  
23.31079804  
25.69103363  
-10.94336514  
52.98085358  
-20.48929024  
41.71391772  
