-21.87596635  
-63.88698949  
-30.58502943  
-52.95110223  
5.913337349  
22.13053895  
-16.36671618  
22.10549147  
3.400623009  
12.01708707  
-6.732155597  
-33.62743601  
-12.16512818  
19.9306331  
-21.87596635  
-63.88698949  
-30.58502943  
-52.95110223  
5.913337349  
22.13053895  
-16.36671618  
22.10549147  
3.400623009  
12.01708707  
-6.732155597  
-33.62743601  
-12.16512818  
19.9306331  
-21.87596635  
-63.88698949  
-30.58502943  
-52.95110223  
5.913337349  
22.13053895  
-16.36671618  
22.10549147  
3.400623009  
12.01708707  
-6.732155597  
-33.62743601  
-12.16512818  
19.9306331  
-21.87596635  
-63.88698949  
-30.58502943  
-52.95110223  
5.913337349  
22.13053895  
-16.36671618  
22.10549147  
3.400623009  
12.01708707  
-6.732155597  
-33.62743601  
-12.16512818  
19.9306331  
