-11.53552652  
-63.39650667  
16.97324786  
76.05608458  
-100.2579162  
-56.14501954  
75.48180694  
42.14999349  
-98.61957966  
3.562644891  
52.60091489  
33.23389192  
-11.53552652  
-63.39650667  
16.97324786  
76.05608458  
-100.2579162  
-56.14501954  
75.48180694  
42.14999349  
-98.61957966  
3.562644891  
52.60091489  
33.23389192  
-11.53552652  
-63.39650667  
16.97324786  
76.05608458  
-100.2579162  
-56.14501954  
75.48180694  
42.14999349  
-98.61957966  
3.562644891  
52.60091489  
33.23389192  
-11.53552652  
-63.39650667  
16.97324786  
76.05608458  
-100.2579162  
-56.14501954  
75.48180694  
42.14999349  
-98.61957966  
3.562644891  
52.60091489  
33.23389192  
