-31.51615637  
-15.89645268  
80.61436001  
-11.80369797  
14.64044685  
71.53477727  
6.396488443  
21.60608075  
14.40827763  
32.73652095  
71.92357912  
-31.51615637  
-15.89645268  
80.61436001  
-11.80369797  
14.64044685  
71.53477727  
6.396488443  
21.60608075  
14.40827763  
32.73652095  
71.92357912  
-31.51615637  
-15.89645268  
80.61436001  
-11.80369797  
14.64044685  
71.53477727  
6.396488443  
21.60608075  
14.40827763  
32.73652095  
71.92357912  
-31.51615637  
-15.89645268  
80.61436001  
-11.80369797  
14.64044685  
71.53477727  
6.396488443  
21.60608075  
14.40827763  
32.73652095  
71.92357912  
