-8.369744476  
-43.26462113  
-26.88527072  
-12.28035477  
2.772999191  
-44.37473718  
-31.061599  
17.89440017  
-43.20251714  
-39.03115945  
79.46331136  
-20.68643485  
3.11260276  
-8.369744476  
-43.26462113  
-26.88527072  
-12.28035477  
2.772999191  
-44.37473718  
-31.061599  
17.89440017  
-43.20251714  
-39.03115945  
79.46331136  
-20.68643485  
3.11260276  
-8.369744476  
-43.26462113  
-26.88527072  
-12.28035477  
2.772999191  
-44.37473718  
-31.061599  
17.89440017  
-43.20251714  
-39.03115945  
79.46331136  
-20.68643485  
3.11260276  
-8.369744476  
-43.26462113  
-26.88527072  
-12.28035477  
2.772999191  
-44.37473718  
-31.061599  
17.89440017  
-43.20251714  
-39.03115945  
79.46331136  
-20.68643485  
3.11260276  
