-50.16775433  
0.3070425491  
-52.84917496  
106.80402  
29.7805931  
131.8415863  
-133.6200288  
-8.500710383  
40.04967923  
-35.29397191  
126.7645166  
-50.16775433  
0.3070425491  
-52.84917496  
106.80402  
29.7805931  
131.8415863  
-133.6200288  
-8.500710383  
40.04967923  
-35.29397191  
126.7645166  
-50.16775433  
0.3070425491  
-52.84917496  
106.80402  
29.7805931  
131.8415863  
-133.6200288  
-8.500710383  
40.04967923  
-35.29397191  
126.7645166  
-50.16775433  
0.3070425491  
-52.84917496  
106.80402  
29.7805931  
131.8415863  
-133.6200288  
-8.500710383  
40.04967923  
-35.29397191  
126.7645166  
