-12.15966067  
13.32357088  
9.102791625  
-13.65301557  
-18.88453175  
21.47479256  
6.352596613  
-18.99236199  
14.22141269  
3.022232805  
-17.55193794  
-2.422162272  
-1.543836635  
-12.15966067  
13.32357088  
9.102791625  
-13.65301557  
-18.88453175  
21.47479256  
6.352596613  
-18.99236199  
14.22141269  
3.022232805  
-17.55193794  
-2.422162272  
-1.543836635  
-12.15966067  
13.32357088  
9.102791625  
-13.65301557  
-18.88453175  
21.47479256  
6.352596613  
-18.99236199  
14.22141269  
3.022232805  
-17.55193794  
-2.422162272  
-1.543836635  
-12.15966067  
13.32357088  
9.102791625  
-13.65301557  
-18.88453175  
21.47479256  
6.352596613  
-18.99236199  
14.22141269  
3.022232805  
-17.55193794  
-2.422162272  
-1.543836635  
