-74.95587798  
5.447686837  
-91.2859923  
27.05848309  
-41.94799205  
22.55719326  
-26.14818756  
0.2366613043  
5.167873006  
-24.11582731  
-28.04263165  
-74.95587798  
5.447686837  
-91.2859923  
27.05848309  
-41.94799205  
22.55719326  
-26.14818756  
0.2366613043  
5.167873006  
-24.11582731  
-28.04263165  
-74.95587798  
5.447686837  
-91.2859923  
27.05848309  
-41.94799205  
22.55719326  
-26.14818756  
0.2366613043  
5.167873006  
-24.11582731  
-28.04263165  
-74.95587798  
5.447686837  
-91.2859923  
27.05848309  
-41.94799205  
22.55719326  
-26.14818756  
0.2366613043  
5.167873006  
-24.11582731  
-28.04263165  
