-80.35234202  
-31.20122586  
-31.11718411  
-13.16773767  
-28.28771439  
-11.46073789  
-106.668523  
-2.81255397  
-33.14972558  
-5.270287193  
-14.70477429  
-25.04464954  
-52.86668772  
-42.24199645  
-35.69510447  
-70.04255606  
-40.83378588  
-80.35234202  
-31.20122586  
-31.11718411  
-13.16773767  
-28.28771439  
-11.46073789  
-106.668523  
-2.81255397  
-33.14972558  
-5.270287193  
-14.70477429  
-25.04464954  
-52.86668772  
-42.24199645  
-35.69510447  
-70.04255606  
-40.83378588  
-80.35234202  
-31.20122586  
-31.11718411  
-13.16773767  
-28.28771439  
-11.46073789  
-106.668523  
-2.81255397  
-33.14972558  
-5.270287193  
-14.70477429  
-25.04464954  
-52.86668772  
-42.24199645  
-35.69510447  
-70.04255606  
-40.83378588  
-80.35234202  
-31.20122586  
-31.11718411  
-13.16773767  
-28.28771439  
-11.46073789  
-106.668523  
-2.81255397  
-33.14972558  
-5.270287193  
-14.70477429  
-25.04464954  
-52.86668772  
-42.24199645  
-35.69510447  
-70.04255606  
-40.83378588  
