18.14370896  
13.08246324  
6.453901819  
-26.12686384  
-52.67125448  
-2.946571969  
-3.865436716  
-3.288353084  
-2.635123762  
-1.039734422  
17.7674861  
-90.14993542  
12.08363888  
18.14370896  
13.08246324  
6.453901819  
-26.12686384  
-52.67125448  
-2.946571969  
-3.865436716  
-3.288353084  
-2.635123762  
-1.039734422  
17.7674861  
-90.14993542  
12.08363888  
18.14370896  
13.08246324  
6.453901819  
-26.12686384  
-52.67125448  
-2.946571969  
-3.865436716  
-3.288353084  
-2.635123762  
-1.039734422  
17.7674861  
-90.14993542  
12.08363888  
18.14370896  
13.08246324  
6.453901819  
-26.12686384  
-52.67125448  
-2.946571969  
-3.865436716  
-3.288353084  
-2.635123762  
-1.039734422  
17.7674861  
-90.14993542  
12.08363888  
