85.49059602  
2.707863163  
60.15953218  
-107.8362695  
-40.58051539  
82.91008901  
-3.93194655  
17.10996458  
39.86025975  
-75.39135425  
-102.7564248  
-45.87862673  
-3.515433774  
85.49059602  
2.707863163  
60.15953218  
-107.8362695  
-40.58051539  
82.91008901  
-3.93194655  
17.10996458  
39.86025975  
-75.39135425  
-102.7564248  
-45.87862673  
-3.515433774  
85.49059602  
2.707863163  
60.15953218  
-107.8362695  
-40.58051539  
82.91008901  
-3.93194655  
17.10996458  
39.86025975  
-75.39135425  
-102.7564248  
-45.87862673  
-3.515433774  
85.49059602  
2.707863163  
60.15953218  
-107.8362695  
-40.58051539  
82.91008901  
-3.93194655  
17.10996458  
39.86025975  
-75.39135425  
-102.7564248  
-45.87862673  
-3.515433774  
