37.55278348  
-61.23979371  
28.14087116  
-12.0842878  
48.30148703  
58.77514325  
-11.71553684  
44.99616682  
43.26094537  
-30.71029923  
23.4611985  
15.81611429  
-51.0366937  
-40.74931084  
2.735793553  
52.29891507  
37.55278348  
-61.23979371  
28.14087116  
-12.0842878  
48.30148703  
58.77514325  
-11.71553684  
44.99616682  
43.26094537  
-30.71029923  
23.4611985  
15.81611429  
-51.0366937  
-40.74931084  
2.735793553  
52.29891507  
37.55278348  
-61.23979371  
28.14087116  
-12.0842878  
48.30148703  
58.77514325  
-11.71553684  
44.99616682  
43.26094537  
-30.71029923  
23.4611985  
15.81611429  
-51.0366937  
-40.74931084  
2.735793553  
52.29891507  
37.55278348  
-61.23979371  
28.14087116  
-12.0842878  
48.30148703  
58.77514325  
-11.71553684  
44.99616682  
43.26094537  
-30.71029923  
23.4611985  
15.81611429  
-51.0366937  
-40.74931084  
2.735793553  
52.29891507  
