-12.85760486  
-10.55274538  
17.38605032  
27.7651364  
34.19808221  
-31.38940873  
-28.18868333  
-40.26649939  
3.128597999  
-2.087913192  
5.190877733  
-56.43069357  
-16.17034636  
-15.45590115  
-27.65174006  
53.45380033  
65.68459004  
-12.85760486  
-10.55274538  
17.38605032  
27.7651364  
34.19808221  
-31.38940873  
-28.18868333  
-40.26649939  
3.128597999  
-2.087913192  
5.190877733  
-56.43069357  
-16.17034636  
-15.45590115  
-27.65174006  
53.45380033  
65.68459004  
-12.85760486  
-10.55274538  
17.38605032  
27.7651364  
34.19808221  
-31.38940873  
-28.18868333  
-40.26649939  
3.128597999  
-2.087913192  
5.190877733  
-56.43069357  
-16.17034636  
-15.45590115  
-27.65174006  
53.45380033  
65.68459004  
-12.85760486  
-10.55274538  
17.38605032  
27.7651364  
34.19808221  
-31.38940873  
-28.18868333  
-40.26649939  
3.128597999  
-2.087913192  
5.190877733  
-56.43069357  
-16.17034636  
-15.45590115  
-27.65174006  
53.45380033  
65.68459004  
