177.038845  
116.7633663  
76.96118629  
9.033239299  
99.66050249  
103.6257276  
-2.044380239  
125.275514  
121.4538617  
60.17131788  
65.55131851  
255.1556828  
-32.91294272  
69.34603  
2.018211579  
20.11703462  
177.038845  
116.7633663  
76.96118629  
9.033239299  
99.66050249  
103.6257276  
-2.044380239  
125.275514  
121.4538617  
60.17131788  
65.55131851  
255.1556828  
-32.91294272  
69.34603  
2.018211579  
20.11703462  
177.038845  
116.7633663  
76.96118629  
9.033239299  
99.66050249  
103.6257276  
-2.044380239  
125.275514  
121.4538617  
60.17131788  
65.55131851  
255.1556828  
-32.91294272  
69.34603  
2.018211579  
20.11703462  
177.038845  
116.7633663  
76.96118629  
9.033239299  
99.66050249  
103.6257276  
-2.044380239  
125.275514  
121.4538617  
60.17131788  
65.55131851  
255.1556828  
-32.91294272  
69.34603  
2.018211579  
20.11703462  
