-80.9663532  
-4.030053065  
37.63333354  
-17.23690268  
26.84460144  
-60.26726345  
0.5386626774  
-53.67499891  
-0.615412403  
-45.75673664  
-85.86444343  
19.43750213  
-28.69908461  
-55.96357877  
-18.88246312  
-80.9663532  
-4.030053065  
37.63333354  
-17.23690268  
26.84460144  
-60.26726345  
0.5386626774  
-53.67499891  
-0.615412403  
-45.75673664  
-85.86444343  
19.43750213  
-28.69908461  
-55.96357877  
-18.88246312  
-80.9663532  
-4.030053065  
37.63333354  
-17.23690268  
26.84460144  
-60.26726345  
0.5386626774  
-53.67499891  
-0.615412403  
-45.75673664  
-85.86444343  
19.43750213  
-28.69908461  
-55.96357877  
-18.88246312  
-80.9663532  
-4.030053065  
37.63333354  
-17.23690268  
26.84460144  
-60.26726345  
0.5386626774  
-53.67499891  
-0.615412403  
-45.75673664  
-85.86444343  
19.43750213  
-28.69908461  
-55.96357877  
-18.88246312  
