52.96186221  
73.21576879  
-6.617857464  
-23.39210866  
3.662589253  
-55.28382065  
-35.21018246  
-48.48550841  
-61.50379362  
52.24188758  
-7.628231299  
41.44964457  
52.96186221  
73.21576879  
-6.617857464  
-23.39210866  
3.662589253  
-55.28382065  
-35.21018246  
-48.48550841  
-61.50379362  
52.24188758  
-7.628231299  
41.44964457  
52.96186221  
73.21576879  
-6.617857464  
-23.39210866  
3.662589253  
-55.28382065  
-35.21018246  
-48.48550841  
-61.50379362  
52.24188758  
-7.628231299  
41.44964457  
52.96186221  
73.21576879  
-6.617857464  
-23.39210866  
3.662589253  
-55.28382065  
-35.21018246  
-48.48550841  
-61.50379362  
52.24188758  
-7.628231299  
41.44964457  
