-9.839307517  
-14.88815088  
22.75354103  
-12.50564697  
31.19677843  
58.6936219  
14.03802246  
110.0633733  
58.04614809  
21.5623919  
43.21849613  
51.19477837  
-9.839307517  
-14.88815088  
22.75354103  
-12.50564697  
31.19677843  
58.6936219  
14.03802246  
110.0633733  
58.04614809  
21.5623919  
43.21849613  
51.19477837  
-9.839307517  
-14.88815088  
22.75354103  
-12.50564697  
31.19677843  
58.6936219  
14.03802246  
110.0633733  
58.04614809  
21.5623919  
43.21849613  
51.19477837  
-9.839307517  
-14.88815088  
22.75354103  
-12.50564697  
31.19677843  
58.6936219  
14.03802246  
110.0633733  
58.04614809  
21.5623919  
43.21849613  
51.19477837  
