18.2764223  
-5.656290924  
16.96034089  
71.07125459  
-51.98508865  
-15.06438258  
62.39334377  
13.02458195  
27.42168055  
18.2764223  
-5.656290924  
16.96034089  
71.07125459  
-51.98508865  
-15.06438258  
62.39334377  
13.02458195  
27.42168055  
18.2764223  
-5.656290924  
16.96034089  
71.07125459  
-51.98508865  
-15.06438258  
62.39334377  
13.02458195  
27.42168055  
18.2764223  
-5.656290924  
16.96034089  
71.07125459  
-51.98508865  
-15.06438258  
62.39334377  
13.02458195  
27.42168055  
