-30.390779  
-55.92808997  
-44.45519119  
-16.64151677  
-30.59825442  
-27.00952253  
1.986104801  
33.4008974  
-13.0491932  
-30.390779  
-55.92808997  
-44.45519119  
-16.64151677  
-30.59825442  
-27.00952253  
1.986104801  
33.4008974  
-13.0491932  
-30.390779  
-55.92808997  
-44.45519119  
-16.64151677  
-30.59825442  
-27.00952253  
1.986104801  
33.4008974  
-13.0491932  
-30.390779  
-55.92808997  
-44.45519119  
-16.64151677  
-30.59825442  
-27.00952253  
1.986104801  
33.4008974  
-13.0491932  
