-149.5871751  
44.18350738  
-41.33778382  
66.54882818  
36.02206719  
14.2379044  
-10.83575685  
-58.17031769  
127.5454221  
-128.7605632  
126.3213892  
-12.81505958  
-149.5871751  
44.18350738  
-41.33778382  
66.54882818  
36.02206719  
14.2379044  
-10.83575685  
-58.17031769  
127.5454221  
-128.7605632  
126.3213892  
-12.81505958  
-149.5871751  
44.18350738  
-41.33778382  
66.54882818  
36.02206719  
14.2379044  
-10.83575685  
-58.17031769  
127.5454221  
-128.7605632  
126.3213892  
-12.81505958  
-149.5871751  
44.18350738  
-41.33778382  
66.54882818  
36.02206719  
14.2379044  
-10.83575685  
-58.17031769  
127.5454221  
-128.7605632  
126.3213892  
-12.81505958  
