-85.13889095  
-39.45476445  
-24.21011514  
-76.4262114  
41.62911158  
-19.2969743  
40.57348494  
11.29960769  
-27.74699463  
-34.12527316  
17.26670196  
-7.861134996  
-26.60525774  
-37.15761718  
12.49991027  
-85.13889095  
-39.45476445  
-24.21011514  
-76.4262114  
41.62911158  
-19.2969743  
40.57348494  
11.29960769  
-27.74699463  
-34.12527316  
17.26670196  
-7.861134996  
-26.60525774  
-37.15761718  
12.49991027  
-85.13889095  
-39.45476445  
-24.21011514  
-76.4262114  
41.62911158  
-19.2969743  
40.57348494  
11.29960769  
-27.74699463  
-34.12527316  
17.26670196  
-7.861134996  
-26.60525774  
-37.15761718  
12.49991027  
-85.13889095  
-39.45476445  
-24.21011514  
-76.4262114  
41.62911158  
-19.2969743  
40.57348494  
11.29960769  
-27.74699463  
-34.12527316  
17.26670196  
-7.861134996  
-26.60525774  
-37.15761718  
12.49991027  
