54.59490646  
32.71720188  
47.91018381  
22.52887394  
8.930803162  
26.16430884  
-1.636950188  
34.53157897  
-11.22124566  
-0.01882299754  
80.71764962  
-0.236182335  
18.45226045  
34.79779329  
-1.268671914  
54.59490646  
32.71720188  
47.91018381  
22.52887394  
8.930803162  
26.16430884  
-1.636950188  
34.53157897  
-11.22124566  
-0.01882299754  
80.71764962  
-0.236182335  
18.45226045  
34.79779329  
-1.268671914  
54.59490646  
32.71720188  
47.91018381  
22.52887394  
8.930803162  
26.16430884  
-1.636950188  
34.53157897  
-11.22124566  
-0.01882299754  
80.71764962  
-0.236182335  
18.45226045  
34.79779329  
-1.268671914  
54.59490646  
32.71720188  
47.91018381  
22.52887394  
8.930803162  
26.16430884  
-1.636950188  
34.53157897  
-11.22124566  
-0.01882299754  
80.71764962  
-0.236182335  
18.45226045  
34.79779329  
-1.268671914  
