-14.2939522  
37.02794104  
-7.073365038  
-49.63950415  
-50.47821115  
-16.65933881  
66.60291901  
-141.4037603  
28.10914961  
53.38273695  
-217.0084689  
-19.81051515  
19.5841111  
76.32173572  
-9.944404564  
-17.77293799  
-14.2939522  
37.02794104  
-7.073365038  
-49.63950415  
-50.47821115  
-16.65933881  
66.60291901  
-141.4037603  
28.10914961  
53.38273695  
-217.0084689  
-19.81051515  
19.5841111  
76.32173572  
-9.944404564  
-17.77293799  
-14.2939522  
37.02794104  
-7.073365038  
-49.63950415  
-50.47821115  
-16.65933881  
66.60291901  
-141.4037603  
28.10914961  
53.38273695  
-217.0084689  
-19.81051515  
19.5841111  
76.32173572  
-9.944404564  
-17.77293799  
-14.2939522  
37.02794104  
-7.073365038  
-49.63950415  
-50.47821115  
-16.65933881  
66.60291901  
-141.4037603  
28.10914961  
53.38273695  
-217.0084689  
-19.81051515  
19.5841111  
76.32173572  
-9.944404564  
-17.77293799  
