68.83149662  
53.49884733  
80.6756405  
-10.47021686  
42.01480163  
56.8933062  
-21.26544405  
149.8413435  
24.66366218  
26.69774548  
149.893262  
52.00103048  
55.77524259  
61.71474715  
-11.56338646  
68.83149662  
53.49884733  
80.6756405  
-10.47021686  
42.01480163  
56.8933062  
-21.26544405  
149.8413435  
24.66366218  
26.69774548  
149.893262  
52.00103048  
55.77524259  
61.71474715  
-11.56338646  
68.83149662  
53.49884733  
80.6756405  
-10.47021686  
42.01480163  
56.8933062  
-21.26544405  
149.8413435  
24.66366218  
26.69774548  
149.893262  
52.00103048  
55.77524259  
61.71474715  
-11.56338646  
68.83149662  
53.49884733  
80.6756405  
-10.47021686  
42.01480163  
56.8933062  
-21.26544405  
149.8413435  
24.66366218  
26.69774548  
149.893262  
52.00103048  
55.77524259  
61.71474715  
-11.56338646  
