-15.476844  
5.939143906  
-9.025447284  
43.40595282  
34.32980115  
15.68503238  
27.30219142  
32.81371104  
21.83524442  
-0.05163220527  
-14.04215926  
-15.476844  
5.939143906  
-9.025447284  
43.40595282  
34.32980115  
15.68503238  
27.30219142  
32.81371104  
21.83524442  
-0.05163220527  
-14.04215926  
-15.476844  
5.939143906  
-9.025447284  
43.40595282  
34.32980115  
15.68503238  
27.30219142  
32.81371104  
21.83524442  
-0.05163220527  
-14.04215926  
-15.476844  
5.939143906  
-9.025447284  
43.40595282  
34.32980115  
15.68503238  
27.30219142  
32.81371104  
21.83524442  
-0.05163220527  
-14.04215926  
