-13.33484066  
-36.62855753  
-13.64778914  
-15.29183724  
-19.54458524  
6.367379338  
18.88223289  
28.54369732  
-27.47505559  
-13.33484066  
-36.62855753  
-13.64778914  
-15.29183724  
-19.54458524  
6.367379338  
18.88223289  
28.54369732  
-27.47505559  
-13.33484066  
-36.62855753  
-13.64778914  
-15.29183724  
-19.54458524  
6.367379338  
18.88223289  
28.54369732  
-27.47505559  
-13.33484066  
-36.62855753  
-13.64778914  
-15.29183724  
-19.54458524  
6.367379338  
18.88223289  
28.54369732  
-27.47505559  
