-65.82414068  
-14.82921922  
-47.78218649  
-36.0549045  
-19.5749834  
-17.55102584  
-24.85953959  
-4.33156739  
69.71026414  
30.4807153  
-34.32857606  
-37.74877276  
9.388803779  
87.2947975  
-65.82414068  
-14.82921922  
-47.78218649  
-36.0549045  
-19.5749834  
-17.55102584  
-24.85953959  
-4.33156739  
69.71026414  
30.4807153  
-34.32857606  
-37.74877276  
9.388803779  
87.2947975  
-65.82414068  
-14.82921922  
-47.78218649  
-36.0549045  
-19.5749834  
-17.55102584  
-24.85953959  
-4.33156739  
69.71026414  
30.4807153  
-34.32857606  
-37.74877276  
9.388803779  
87.2947975  
-65.82414068  
-14.82921922  
-47.78218649  
-36.0549045  
-19.5749834  
-17.55102584  
-24.85953959  
-4.33156739  
69.71026414  
30.4807153  
-34.32857606  
-37.74877276  
9.388803779  
87.2947975  
