-27.61565284  
8.65072436  
29.51015717  
16.6034406  
5.232277155  
34.20762362  
51.16905661  
39.14666646  
24.93649668  
62.59496657  
11.76165843  
-27.61565284  
8.65072436  
29.51015717  
16.6034406  
5.232277155  
34.20762362  
51.16905661  
39.14666646  
24.93649668  
62.59496657  
11.76165843  
-27.61565284  
8.65072436  
29.51015717  
16.6034406  
5.232277155  
34.20762362  
51.16905661  
39.14666646  
24.93649668  
62.59496657  
11.76165843  
-27.61565284  
8.65072436  
29.51015717  
16.6034406  
5.232277155  
34.20762362  
51.16905661  
39.14666646  
24.93649668  
62.59496657  
11.76165843  
