-91.16353576  
-19.76713463  
-4.02316095  
-0.7158216394  
-6.132853854  
-11.55689993  
12.00476136  
-37.19991996  
34.25412447  
-125.1110914  
-25.23385172  
30.10781871  
-23.50560556  
46.52021055  
10.44907897  
-91.16353576  
-19.76713463  
-4.02316095  
-0.7158216394  
-6.132853854  
-11.55689993  
12.00476136  
-37.19991996  
34.25412447  
-125.1110914  
-25.23385172  
30.10781871  
-23.50560556  
46.52021055  
10.44907897  
-91.16353576  
-19.76713463  
-4.02316095  
-0.7158216394  
-6.132853854  
-11.55689993  
12.00476136  
-37.19991996  
34.25412447  
-125.1110914  
-25.23385172  
30.10781871  
-23.50560556  
46.52021055  
10.44907897  
-91.16353576  
-19.76713463  
-4.02316095  
-0.7158216394  
-6.132853854  
-11.55689993  
12.00476136  
-37.19991996  
34.25412447  
-125.1110914  
-25.23385172  
30.10781871  
-23.50560556  
46.52021055  
10.44907897  
