13.99935495  
-27.68350707  
14.20719397  
-5.28032362  
28.6989671  
30.10685073  
-40.47133995  
9.992751746  
26.73491908  
-31.65801101  
-28.52393227  
36.31162756  
-7.788577468  
13.99935495  
-27.68350707  
14.20719397  
-5.28032362  
28.6989671  
30.10685073  
-40.47133995  
9.992751746  
26.73491908  
-31.65801101  
-28.52393227  
36.31162756  
-7.788577468  
13.99935495  
-27.68350707  
14.20719397  
-5.28032362  
28.6989671  
30.10685073  
-40.47133995  
9.992751746  
26.73491908  
-31.65801101  
-28.52393227  
36.31162756  
-7.788577468  
13.99935495  
-27.68350707  
14.20719397  
-5.28032362  
28.6989671  
30.10685073  
-40.47133995  
9.992751746  
26.73491908  
-31.65801101  
-28.52393227  
36.31162756  
-7.788577468  
