-6.261859265  
26.53116901  
-12.26428378  
-30.11298179  
-18.12899589  
45.29659545  
-20.70148177  
25.25567988  
-9.176867286  
18.94041834  
1.328265827  
18.47462662  
-3.166381333  
-22.93928893  
22.28925982  
10.22511656  
-6.261859265  
26.53116901  
-12.26428378  
-30.11298179  
-18.12899589  
45.29659545  
-20.70148177  
25.25567988  
-9.176867286  
18.94041834  
1.328265827  
18.47462662  
-3.166381333  
-22.93928893  
22.28925982  
10.22511656  
-6.261859265  
26.53116901  
-12.26428378  
-30.11298179  
-18.12899589  
45.29659545  
-20.70148177  
25.25567988  
-9.176867286  
18.94041834  
1.328265827  
18.47462662  
-3.166381333  
-22.93928893  
22.28925982  
10.22511656  
-6.261859265  
26.53116901  
-12.26428378  
-30.11298179  
-18.12899589  
45.29659545  
-20.70148177  
25.25567988  
-9.176867286  
18.94041834  
1.328265827  
18.47462662  
-3.166381333  
-22.93928893  
22.28925982  
10.22511656  
