-37.00406365  
31.19143807  
-5.925067191  
-1.029375242  
17.71660223  
31.44947622  
22.10157406  
-80.01729859  
38.00936911  
-149.2721039  
47.30026207  
63.9382763  
-90.2960956  
39.50379155  
18.27306922  
-37.00406365  
31.19143807  
-5.925067191  
-1.029375242  
17.71660223  
31.44947622  
22.10157406  
-80.01729859  
38.00936911  
-149.2721039  
47.30026207  
63.9382763  
-90.2960956  
39.50379155  
18.27306922  
-37.00406365  
31.19143807  
-5.925067191  
-1.029375242  
17.71660223  
31.44947622  
22.10157406  
-80.01729859  
38.00936911  
-149.2721039  
47.30026207  
63.9382763  
-90.2960956  
39.50379155  
18.27306922  
-37.00406365  
31.19143807  
-5.925067191  
-1.029375242  
17.71660223  
31.44947622  
22.10157406  
-80.01729859  
38.00936911  
-149.2721039  
47.30026207  
63.9382763  
-90.2960956  
39.50379155  
18.27306922  
