-9.012799444  
-30.26505688  
87.29649401  
54.46192129  
94.30621751  
20.50256621  
46.98291594  
-32.26737712  
35.29607691  
1.811500614  
15.43641548  
-28.11917804  
-74.49054351  
-23.31160056  
100.3659364  
51.17662589  
19.98684394  
-9.012799444  
-30.26505688  
87.29649401  
54.46192129  
94.30621751  
20.50256621  
46.98291594  
-32.26737712  
35.29607691  
1.811500614  
15.43641548  
-28.11917804  
-74.49054351  
-23.31160056  
100.3659364  
51.17662589  
19.98684394  
-9.012799444  
-30.26505688  
87.29649401  
54.46192129  
94.30621751  
20.50256621  
46.98291594  
-32.26737712  
35.29607691  
1.811500614  
15.43641548  
-28.11917804  
-74.49054351  
-23.31160056  
100.3659364  
51.17662589  
19.98684394  
-9.012799444  
-30.26505688  
87.29649401  
54.46192129  
94.30621751  
20.50256621  
46.98291594  
-32.26737712  
35.29607691  
1.811500614  
15.43641548  
-28.11917804  
-74.49054351  
-23.31160056  
100.3659364  
51.17662589  
19.98684394  
