-29.74083866  
-125.0766383  
41.78752087  
121.4722217  
114.1615534  
79.93947184  
110.7459622  
90.74134635  
55.9275518  
-93.5685529  
25.30370101  
66.53173319  
-29.74083866  
-125.0766383  
41.78752087  
121.4722217  
114.1615534  
79.93947184  
110.7459622  
90.74134635  
55.9275518  
-93.5685529  
25.30370101  
66.53173319  
-29.74083866  
-125.0766383  
41.78752087  
121.4722217  
114.1615534  
79.93947184  
110.7459622  
90.74134635  
55.9275518  
-93.5685529  
25.30370101  
66.53173319  
-29.74083866  
-125.0766383  
41.78752087  
121.4722217  
114.1615534  
79.93947184  
110.7459622  
90.74134635  
55.9275518  
-93.5685529  
25.30370101  
66.53173319  
