-82.28421432  
84.67324558  
-9.943361375  
18.3581217  
-22.66881485  
99.47061058  
61.80957147  
4.113449061  
19.6967908  
38.34202025  
-3.680358761  
42.6199327  
9.454625458  
1.882481233  
6.946544996  
-82.28421432  
84.67324558  
-9.943361375  
18.3581217  
-22.66881485  
99.47061058  
61.80957147  
4.113449061  
19.6967908  
38.34202025  
-3.680358761  
42.6199327  
9.454625458  
1.882481233  
6.946544996  
-82.28421432  
84.67324558  
-9.943361375  
18.3581217  
-22.66881485  
99.47061058  
61.80957147  
4.113449061  
19.6967908  
38.34202025  
-3.680358761  
42.6199327  
9.454625458  
1.882481233  
6.946544996  
-82.28421432  
84.67324558  
-9.943361375  
18.3581217  
-22.66881485  
99.47061058  
61.80957147  
4.113449061  
19.6967908  
38.34202025  
-3.680358761  
42.6199327  
9.454625458  
1.882481233  
6.946544996  
