26.40965386  
55.50162043  
2.706540122  
-2.455670419  
34.28609613  
-21.86056266  
1.152880062  
41.74212281  
-36.42296654  
26.63074346  
35.03326861  
52.84146485  
4.729549403  
9.591636961  
-12.55286701  
-15.1145171  
26.40965386  
55.50162043  
2.706540122  
-2.455670419  
34.28609613  
-21.86056266  
1.152880062  
41.74212281  
-36.42296654  
26.63074346  
35.03326861  
52.84146485  
4.729549403  
9.591636961  
-12.55286701  
-15.1145171  
26.40965386  
55.50162043  
2.706540122  
-2.455670419  
34.28609613  
-21.86056266  
1.152880062  
41.74212281  
-36.42296654  
26.63074346  
35.03326861  
52.84146485  
4.729549403  
9.591636961  
-12.55286701  
-15.1145171  
26.40965386  
55.50162043  
2.706540122  
-2.455670419  
34.28609613  
-21.86056266  
1.152880062  
41.74212281  
-36.42296654  
26.63074346  
35.03326861  
52.84146485  
4.729549403  
9.591636961  
-12.55286701  
-15.1145171  
