6.60665709  
46.54049203  
32.1251522  
-40.89043228  
-4.676640308  
34.32683126  
45.94161837  
47.47327901  
3.294666902  
5.446788266  
-10.68215037  
6.60665709  
46.54049203  
32.1251522  
-40.89043228  
-4.676640308  
34.32683126  
45.94161837  
47.47327901  
3.294666902  
5.446788266  
-10.68215037  
6.60665709  
46.54049203  
32.1251522  
-40.89043228  
-4.676640308  
34.32683126  
45.94161837  
47.47327901  
3.294666902  
5.446788266  
-10.68215037  
6.60665709  
46.54049203  
32.1251522  
-40.89043228  
-4.676640308  
34.32683126  
45.94161837  
47.47327901  
3.294666902  
5.446788266  
-10.68215037  
