-7.208956016  
55.01734952  
-47.50498118  
-2.41375224  
22.86310263  
-23.87949502  
29.9914059  
28.39682913  
-28.0401929  
11.99251309  
4.670964085  
-4.400928431  
-7.208956016  
55.01734952  
-47.50498118  
-2.41375224  
22.86310263  
-23.87949502  
29.9914059  
28.39682913  
-28.0401929  
11.99251309  
4.670964085  
-4.400928431  
-7.208956016  
55.01734952  
-47.50498118  
-2.41375224  
22.86310263  
-23.87949502  
29.9914059  
28.39682913  
-28.0401929  
11.99251309  
4.670964085  
-4.400928431  
-7.208956016  
55.01734952  
-47.50498118  
-2.41375224  
22.86310263  
-23.87949502  
29.9914059  
28.39682913  
-28.0401929  
11.99251309  
4.670964085  
-4.400928431  
