-43.09838719  
46.44690599  
-3.792994216  
-22.54161241  
7.827238218  
58.2876548  
-69.2917104  
6.377955947  
30.30621993  
-17.88417715  
-93.84452045  
-43.09838719  
46.44690599  
-3.792994216  
-22.54161241  
7.827238218  
58.2876548  
-69.2917104  
6.377955947  
30.30621993  
-17.88417715  
-93.84452045  
-43.09838719  
46.44690599  
-3.792994216  
-22.54161241  
7.827238218  
58.2876548  
-69.2917104  
6.377955947  
30.30621993  
-17.88417715  
-93.84452045  
-43.09838719  
46.44690599  
-3.792994216  
-22.54161241  
7.827238218  
58.2876548  
-69.2917104  
6.377955947  
30.30621993  
-17.88417715  
-93.84452045  
