40.29658771  
16.7428399  
10.32411292  
51.91113889  
6.835190314  
59.09797879  
53.44194495  
-11.83694481  
0.2267754582  
56.84575047  
50.25037665  
33.59170667  
-24.29640027  
41.20017898  
47.04042787  
-20.2020313  
40.29658771  
16.7428399  
10.32411292  
51.91113889  
6.835190314  
59.09797879  
53.44194495  
-11.83694481  
0.2267754582  
56.84575047  
50.25037665  
33.59170667  
-24.29640027  
41.20017898  
47.04042787  
-20.2020313  
40.29658771  
16.7428399  
10.32411292  
51.91113889  
6.835190314  
59.09797879  
53.44194495  
-11.83694481  
0.2267754582  
56.84575047  
50.25037665  
33.59170667  
-24.29640027  
41.20017898  
47.04042787  
-20.2020313  
40.29658771  
16.7428399  
10.32411292  
51.91113889  
6.835190314  
59.09797879  
53.44194495  
-11.83694481  
0.2267754582  
56.84575047  
50.25037665  
33.59170667  
-24.29640027  
41.20017898  
47.04042787  
-20.2020313  
