-66.57381647  
105.4134147  
118.6098087  
59.28909983  
38.00025495  
-106.4143717  
105.1144074  
32.01918363  
75.13340915  
60.88736021  
91.36739707  
-2.133414855  
59.82421352  
-66.57381647  
105.4134147  
118.6098087  
59.28909983  
38.00025495  
-106.4143717  
105.1144074  
32.01918363  
75.13340915  
60.88736021  
91.36739707  
-2.133414855  
59.82421352  
-66.57381647  
105.4134147  
118.6098087  
59.28909983  
38.00025495  
-106.4143717  
105.1144074  
32.01918363  
75.13340915  
60.88736021  
91.36739707  
-2.133414855  
59.82421352  
-66.57381647  
105.4134147  
118.6098087  
59.28909983  
38.00025495  
-106.4143717  
105.1144074  
32.01918363  
75.13340915  
60.88736021  
91.36739707  
-2.133414855  
59.82421352  
