-37.11607841  
-18.89128613  
80.32755249  
-31.20608129  
97.04941895  
122.91361  
86.45224469  
25.87505398  
32.63267388  
-113.873929  
16.62841981  
-14.65788759  
-75.5182136  
-17.53425591  
17.4272848  
71.69421407  
-37.11607841  
-18.89128613  
80.32755249  
-31.20608129  
97.04941895  
122.91361  
86.45224469  
25.87505398  
32.63267388  
-113.873929  
16.62841981  
-14.65788759  
-75.5182136  
-17.53425591  
17.4272848  
71.69421407  
-37.11607841  
-18.89128613  
80.32755249  
-31.20608129  
97.04941895  
122.91361  
86.45224469  
25.87505398  
32.63267388  
-113.873929  
16.62841981  
-14.65788759  
-75.5182136  
-17.53425591  
17.4272848  
71.69421407  
-37.11607841  
-18.89128613  
80.32755249  
-31.20608129  
97.04941895  
122.91361  
86.45224469  
25.87505398  
32.63267388  
-113.873929  
16.62841981  
-14.65788759  
-75.5182136  
-17.53425591  
17.4272848  
71.69421407  
