13.70268025  
-39.16073902  
8.699825595  
19.75125954  
101.129299  
91.00278414  
-38.00019854  
5.923740929  
68.73266859  
31.85746733  
-39.09263253  
75.1578897  
37.39667738  
13.70268025  
-39.16073902  
8.699825595  
19.75125954  
101.129299  
91.00278414  
-38.00019854  
5.923740929  
68.73266859  
31.85746733  
-39.09263253  
75.1578897  
37.39667738  
13.70268025  
-39.16073902  
8.699825595  
19.75125954  
101.129299  
91.00278414  
-38.00019854  
5.923740929  
68.73266859  
31.85746733  
-39.09263253  
75.1578897  
37.39667738  
13.70268025  
-39.16073902  
8.699825595  
19.75125954  
101.129299  
91.00278414  
-38.00019854  
5.923740929  
68.73266859  
31.85746733  
-39.09263253  
75.1578897  
37.39667738  
