-97.55901883  
-41.66209409  
-16.60827175  
-10.22155201  
7.644465608  
-0.494563861  
-21.26126694  
36.84894777  
-2.842103018  
-7.958484554  
-28.90292902  
-97.55901883  
-41.66209409  
-16.60827175  
-10.22155201  
7.644465608  
-0.494563861  
-21.26126694  
36.84894777  
-2.842103018  
-7.958484554  
-28.90292902  
-97.55901883  
-41.66209409  
-16.60827175  
-10.22155201  
7.644465608  
-0.494563861  
-21.26126694  
36.84894777  
-2.842103018  
-7.958484554  
-28.90292902  
-97.55901883  
-41.66209409  
-16.60827175  
-10.22155201  
7.644465608  
-0.494563861  
-21.26126694  
36.84894777  
-2.842103018  
-7.958484554  
-28.90292902  
