-28.41156539  
-20.18078869  
77.0019075  
-36.00912923  
134.1408818  
125.2551976  
86.37327968  
15.50708284  
69.61393861  
-5.978958816  
104.9767218  
62.42074191  
-28.41156539  
-20.18078869  
77.0019075  
-36.00912923  
134.1408818  
125.2551976  
86.37327968  
15.50708284  
69.61393861  
-5.978958816  
104.9767218  
62.42074191  
-28.41156539  
-20.18078869  
77.0019075  
-36.00912923  
134.1408818  
125.2551976  
86.37327968  
15.50708284  
69.61393861  
-5.978958816  
104.9767218  
62.42074191  
-28.41156539  
-20.18078869  
77.0019075  
-36.00912923  
134.1408818  
125.2551976  
86.37327968  
15.50708284  
69.61393861  
-5.978958816  
104.9767218  
62.42074191  
