28.76899947  
-21.7551282  
60.32604146  
48.54720023  
53.91538725  
-24.6290246  
55.23280639  
12.44937259  
6.014280881  
28.89739485  
78.13247865  
31.71818072  
39.25099722  
28.76899947  
-21.7551282  
60.32604146  
48.54720023  
53.91538725  
-24.6290246  
55.23280639  
12.44937259  
6.014280881  
28.89739485  
78.13247865  
31.71818072  
39.25099722  
28.76899947  
-21.7551282  
60.32604146  
48.54720023  
53.91538725  
-24.6290246  
55.23280639  
12.44937259  
6.014280881  
28.89739485  
78.13247865  
31.71818072  
39.25099722  
28.76899947  
-21.7551282  
60.32604146  
48.54720023  
53.91538725  
-24.6290246  
55.23280639  
12.44937259  
6.014280881  
28.89739485  
78.13247865  
31.71818072  
39.25099722  
