-19.64672193  
31.89713305  
5.573072885  
37.12875404  
16.62555735  
39.95574509  
62.23519344  
-27.00227591  
11.18333463  
41.36820831  
32.81654387  
8.25333209  
25.17885402  
-13.33234466  
44.79236787  
-19.64672193  
31.89713305  
5.573072885  
37.12875404  
16.62555735  
39.95574509  
62.23519344  
-27.00227591  
11.18333463  
41.36820831  
32.81654387  
8.25333209  
25.17885402  
-13.33234466  
44.79236787  
-19.64672193  
31.89713305  
5.573072885  
37.12875404  
16.62555735  
39.95574509  
62.23519344  
-27.00227591  
11.18333463  
41.36820831  
32.81654387  
8.25333209  
25.17885402  
-13.33234466  
44.79236787  
-19.64672193  
31.89713305  
5.573072885  
37.12875404  
16.62555735  
39.95574509  
62.23519344  
-27.00227591  
11.18333463  
41.36820831  
32.81654387  
8.25333209  
25.17885402  
-13.33234466  
44.79236787  
