25.64898145  
29.9192519  
60.49140202  
82.15758006  
-14.29594929  
63.31483664  
68.12195652  
-4.082179631  
32.1873574  
72.24739516  
18.40864048  
26.57041211  
-24.06857818  
-19.35376334  
39.64993927  
-20.13888994  
65.24314243  
25.64898145  
29.9192519  
60.49140202  
82.15758006  
-14.29594929  
63.31483664  
68.12195652  
-4.082179631  
32.1873574  
72.24739516  
18.40864048  
26.57041211  
-24.06857818  
-19.35376334  
39.64993927  
-20.13888994  
65.24314243  
25.64898145  
29.9192519  
60.49140202  
82.15758006  
-14.29594929  
63.31483664  
68.12195652  
-4.082179631  
32.1873574  
72.24739516  
18.40864048  
26.57041211  
-24.06857818  
-19.35376334  
39.64993927  
-20.13888994  
65.24314243  
25.64898145  
29.9192519  
60.49140202  
82.15758006  
-14.29594929  
63.31483664  
68.12195652  
-4.082179631  
32.1873574  
72.24739516  
18.40864048  
26.57041211  
-24.06857818  
-19.35376334  
39.64993927  
-20.13888994  
65.24314243  
