-19.17297329  
-40.08535045  
-1.486835884  
-3.419673748  
-1.822041599  
-1.881765446  
11.38721291  
3.646595251  
-22.28846895  
18.923248  
-44.62394676  
-19.17297329  
-40.08535045  
-1.486835884  
-3.419673748  
-1.822041599  
-1.881765446  
11.38721291  
3.646595251  
-22.28846895  
18.923248  
-44.62394676  
-19.17297329  
-40.08535045  
-1.486835884  
-3.419673748  
-1.822041599  
-1.881765446  
11.38721291  
3.646595251  
-22.28846895  
18.923248  
-44.62394676  
-19.17297329  
-40.08535045  
-1.486835884  
-3.419673748  
-1.822041599  
-1.881765446  
11.38721291  
3.646595251  
-22.28846895  
18.923248  
-44.62394676  
