-17.15976597  
5.411098233  
10.90131605  
14.09846015  
3.154642021  
24.47530791  
-2.68653063  
11.18260211  
-6.634092774  
-0.7325912714  
-23.9488423  
2.970876427  
11.02816903  
-4.849690469  
-17.15976597  
5.411098233  
10.90131605  
14.09846015  
3.154642021  
24.47530791  
-2.68653063  
11.18260211  
-6.634092774  
-0.7325912714  
-23.9488423  
2.970876427  
11.02816903  
-4.849690469  
-17.15976597  
5.411098233  
10.90131605  
14.09846015  
3.154642021  
24.47530791  
-2.68653063  
11.18260211  
-6.634092774  
-0.7325912714  
-23.9488423  
2.970876427  
11.02816903  
-4.849690469  
-17.15976597  
5.411098233  
10.90131605  
14.09846015  
3.154642021  
24.47530791  
-2.68653063  
11.18260211  
-6.634092774  
-0.7325912714  
-23.9488423  
2.970876427  
11.02816903  
-4.849690469  
