-83.30170098  
-36.69133855  
-16.51216933  
-33.93746736  
74.66437526  
-6.622737723  
-64.62495815  
-20.5260699  
5.078313912  
-115.6763914  
-81.80567586  
-83.30170098  
-36.69133855  
-16.51216933  
-33.93746736  
74.66437526  
-6.622737723  
-64.62495815  
-20.5260699  
5.078313912  
-115.6763914  
-81.80567586  
-83.30170098  
-36.69133855  
-16.51216933  
-33.93746736  
74.66437526  
-6.622737723  
-64.62495815  
-20.5260699  
5.078313912  
-115.6763914  
-81.80567586  
-83.30170098  
-36.69133855  
-16.51216933  
-33.93746736  
74.66437526  
-6.622737723  
-64.62495815  
-20.5260699  
5.078313912  
-115.6763914  
-81.80567586  
