-36.23669005  
-29.0332359  
-8.219638317  
21.08373368  
50.40893703  
-50.37749011  
6.140733788  
-19.51219096  
-32.66220175  
-1.277616219  
-19.89335027  
5.027621139  
20.18465208  
33.22071307  
-36.23669005  
-29.0332359  
-8.219638317  
21.08373368  
50.40893703  
-50.37749011  
6.140733788  
-19.51219096  
-32.66220175  
-1.277616219  
-19.89335027  
5.027621139  
20.18465208  
33.22071307  
-36.23669005  
-29.0332359  
-8.219638317  
21.08373368  
50.40893703  
-50.37749011  
6.140733788  
-19.51219096  
-32.66220175  
-1.277616219  
-19.89335027  
5.027621139  
20.18465208  
33.22071307  
-36.23669005  
-29.0332359  
-8.219638317  
21.08373368  
50.40893703  
-50.37749011  
6.140733788  
-19.51219096  
-32.66220175  
-1.277616219  
-19.89335027  
5.027621139  
20.18465208  
33.22071307  
