-32.48384283  
-40.74834987  
13.43949246  
18.97879206  
-19.85644043  
-27.97498112  
-2.232507265  
-28.76858865  
-9.806935226  
-3.316069624  
-27.98310619  
15.17632168  
1.291017204  
-85.66450023  
-26.95999976  
-32.48384283  
-40.74834987  
13.43949246  
18.97879206  
-19.85644043  
-27.97498112  
-2.232507265  
-28.76858865  
-9.806935226  
-3.316069624  
-27.98310619  
15.17632168  
1.291017204  
-85.66450023  
-26.95999976  
-32.48384283  
-40.74834987  
13.43949246  
18.97879206  
-19.85644043  
-27.97498112  
-2.232507265  
-28.76858865  
-9.806935226  
-3.316069624  
-27.98310619  
15.17632168  
1.291017204  
-85.66450023  
-26.95999976  
-32.48384283  
-40.74834987  
13.43949246  
18.97879206  
-19.85644043  
-27.97498112  
-2.232507265  
-28.76858865  
-9.806935226  
-3.316069624  
-27.98310619  
15.17632168  
1.291017204  
-85.66450023  
-26.95999976  
