-6.590398183  
-116.608603  
-31.03021923  
-31.44743446  
-30.76723156  
-100.1402996  
-6.31110278  
-73.92341431  
-42.04990272  
-52.85959912  
-28.63255041  
-22.35052852  
-13.70162712  
-6.590398183  
-116.608603  
-31.03021923  
-31.44743446  
-30.76723156  
-100.1402996  
-6.31110278  
-73.92341431  
-42.04990272  
-52.85959912  
-28.63255041  
-22.35052852  
-13.70162712  
-6.590398183  
-116.608603  
-31.03021923  
-31.44743446  
-30.76723156  
-100.1402996  
-6.31110278  
-73.92341431  
-42.04990272  
-52.85959912  
-28.63255041  
-22.35052852  
-13.70162712  
-6.590398183  
-116.608603  
-31.03021923  
-31.44743446  
-30.76723156  
-100.1402996  
-6.31110278  
-73.92341431  
-42.04990272  
-52.85959912  
-28.63255041  
-22.35052852  
-13.70162712  
