6.861416444  
13.63623266  
8.907825342  
30.16985044  
37.17681446  
-10.19832126  
28.54643134  
-21.49413742  
58.46228226  
6.861416444  
13.63623266  
8.907825342  
30.16985044  
37.17681446  
-10.19832126  
28.54643134  
-21.49413742  
58.46228226  
6.861416444  
13.63623266  
8.907825342  
30.16985044  
37.17681446  
-10.19832126  
28.54643134  
-21.49413742  
58.46228226  
6.861416444  
13.63623266  
8.907825342  
30.16985044  
37.17681446  
-10.19832126  
28.54643134  
-21.49413742  
58.46228226  
