-190.3180626  
54.29590964  
17.306451  
88.22823335  
-20.50412599  
-20.16664076  
56.00639893  
-248.3341001  
-11.44160067  
-309.4657238  
-30.79613076  
27.54387992  
-127.6826569  
194.4704766  
-71.97915921  
-190.3180626  
54.29590964  
17.306451  
88.22823335  
-20.50412599  
-20.16664076  
56.00639893  
-248.3341001  
-11.44160067  
-309.4657238  
-30.79613076  
27.54387992  
-127.6826569  
194.4704766  
-71.97915921  
-190.3180626  
54.29590964  
17.306451  
88.22823335  
-20.50412599  
-20.16664076  
56.00639893  
-248.3341001  
-11.44160067  
-309.4657238  
-30.79613076  
27.54387992  
-127.6826569  
194.4704766  
-71.97915921  
-190.3180626  
54.29590964  
17.306451  
88.22823335  
-20.50412599  
-20.16664076  
56.00639893  
-248.3341001  
-11.44160067  
-309.4657238  
-30.79613076  
27.54387992  
-127.6826569  
194.4704766  
-71.97915921  
