-78.27172019  
70.36948356  
16.42462548  
75.3331676  
23.25398409  
66.06143862  
38.41449659  
-100.7881283  
39.58069085  
74.1168546  
35.29124638  
14.37464841  
45.87403277  
-78.27172019  
70.36948356  
16.42462548  
75.3331676  
23.25398409  
66.06143862  
38.41449659  
-100.7881283  
39.58069085  
74.1168546  
35.29124638  
14.37464841  
45.87403277  
-78.27172019  
70.36948356  
16.42462548  
75.3331676  
23.25398409  
66.06143862  
38.41449659  
-100.7881283  
39.58069085  
74.1168546  
35.29124638  
14.37464841  
45.87403277  
-78.27172019  
70.36948356  
16.42462548  
75.3331676  
23.25398409  
66.06143862  
38.41449659  
-100.7881283  
39.58069085  
74.1168546  
35.29124638  
14.37464841  
45.87403277  
