21.76027122  
82.29037224  
26.09763644  
27.18848218  
63.51279419  
52.41342186  
55.79096575  
-6.599716732  
67.29326585  
-57.67689248  
58.81632962  
87.31422899  
8.699117468  
15.24512585  
51.36504173  
21.76027122  
82.29037224  
26.09763644  
27.18848218  
63.51279419  
52.41342186  
55.79096575  
-6.599716732  
67.29326585  
-57.67689248  
58.81632962  
87.31422899  
8.699117468  
15.24512585  
51.36504173  
21.76027122  
82.29037224  
26.09763644  
27.18848218  
63.51279419  
52.41342186  
55.79096575  
-6.599716732  
67.29326585  
-57.67689248  
58.81632962  
87.31422899  
8.699117468  
15.24512585  
51.36504173  
21.76027122  
82.29037224  
26.09763644  
27.18848218  
63.51279419  
52.41342186  
55.79096575  
-6.599716732  
67.29326585  
-57.67689248  
58.81632962  
87.31422899  
8.699117468  
15.24512585  
51.36504173  
