-25.63393375  
-41.03344456  
-10.97743567  
23.82078346  
-9.894552021  
-9.050505792  
-36.55847629  
-6.489454221  
37.06576347  
-31.14564063  
35.1606242  
-25.63393375  
-41.03344456  
-10.97743567  
23.82078346  
-9.894552021  
-9.050505792  
-36.55847629  
-6.489454221  
37.06576347  
-31.14564063  
35.1606242  
-25.63393375  
-41.03344456  
-10.97743567  
23.82078346  
-9.894552021  
-9.050505792  
-36.55847629  
-6.489454221  
37.06576347  
-31.14564063  
35.1606242  
-25.63393375  
-41.03344456  
-10.97743567  
23.82078346  
-9.894552021  
-9.050505792  
-36.55847629  
-6.489454221  
37.06576347  
-31.14564063  
35.1606242  
