35.48061134  
123.0000042  
67.70756211  
40.32499885  
-71.82406356  
89.7352958  
28.58033258  
151.3796398  
3.117545141  
47.0900363  
-4.895455476  
121.4594527  
130.2384261  
23.76630805  
21.75500633  
35.52040532  
-45.87797137  
35.48061134  
123.0000042  
67.70756211  
40.32499885  
-71.82406356  
89.7352958  
28.58033258  
151.3796398  
3.117545141  
47.0900363  
-4.895455476  
121.4594527  
130.2384261  
23.76630805  
21.75500633  
35.52040532  
-45.87797137  
35.48061134  
123.0000042  
67.70756211  
40.32499885  
-71.82406356  
89.7352958  
28.58033258  
151.3796398  
3.117545141  
47.0900363  
-4.895455476  
121.4594527  
130.2384261  
23.76630805  
21.75500633  
35.52040532  
-45.87797137  
35.48061134  
123.0000042  
67.70756211  
40.32499885  
-71.82406356  
89.7352958  
28.58033258  
151.3796398  
3.117545141  
47.0900363  
-4.895455476  
121.4594527  
130.2384261  
23.76630805  
21.75500633  
35.52040532  
-45.87797137  
