67.96253443  
-23.65760359  
22.64712591  
95.11551056  
66.03937428  
85.25601458  
106.7320321  
53.98056712  
27.70606368  
-22.08688896  
37.04197822  
51.33646019  
67.96253443  
-23.65760359  
22.64712591  
95.11551056  
66.03937428  
85.25601458  
106.7320321  
53.98056712  
27.70606368  
-22.08688896  
37.04197822  
51.33646019  
67.96253443  
-23.65760359  
22.64712591  
95.11551056  
66.03937428  
85.25601458  
106.7320321  
53.98056712  
27.70606368  
-22.08688896  
37.04197822  
51.33646019  
67.96253443  
-23.65760359  
22.64712591  
95.11551056  
66.03937428  
85.25601458  
106.7320321  
53.98056712  
27.70606368  
-22.08688896  
37.04197822  
51.33646019  
