17.3579175  
33.55575794  
23.43128716  
25.44332336  
8.949728145  
45.00586409  
-8.960466021  
49.48147056  
-2.729489276  
19.46360874  
38.0640095  
3.799488474  
25.43053037  
22.09262526  
-1.868445188  
17.3579175  
33.55575794  
23.43128716  
25.44332336  
8.949728145  
45.00586409  
-8.960466021  
49.48147056  
-2.729489276  
19.46360874  
38.0640095  
3.799488474  
25.43053037  
22.09262526  
-1.868445188  
17.3579175  
33.55575794  
23.43128716  
25.44332336  
8.949728145  
45.00586409  
-8.960466021  
49.48147056  
-2.729489276  
19.46360874  
38.0640095  
3.799488474  
25.43053037  
22.09262526  
-1.868445188  
17.3579175  
33.55575794  
23.43128716  
25.44332336  
8.949728145  
45.00586409  
-8.960466021  
49.48147056  
-2.729489276  
19.46360874  
38.0640095  
3.799488474  
25.43053037  
22.09262526  
-1.868445188  
