2.772501493  
49.14115746  
-44.13578044  
-71.4317148  
-63.48280956  
-23.11997313  
99.83416803  
80.7403628  
-114.2915504  
-6.520358424  
-138.8808615  
91.53250842  
-57.23326891  
8.571388695  
2.772501493  
49.14115746  
-44.13578044  
-71.4317148  
-63.48280956  
-23.11997313  
99.83416803  
80.7403628  
-114.2915504  
-6.520358424  
-138.8808615  
91.53250842  
-57.23326891  
8.571388695  
2.772501493  
49.14115746  
-44.13578044  
-71.4317148  
-63.48280956  
-23.11997313  
99.83416803  
80.7403628  
-114.2915504  
-6.520358424  
-138.8808615  
91.53250842  
-57.23326891  
8.571388695  
2.772501493  
49.14115746  
-44.13578044  
-71.4317148  
-63.48280956  
-23.11997313  
99.83416803  
80.7403628  
-114.2915504  
-6.520358424  
-138.8808615  
91.53250842  
-57.23326891  
8.571388695  
