-76.97498218  
30.60785011  
66.51475161  
20.2455882  
-13.0098621  
-41.26148297  
37.59932071  
-2.849867553  
14.77536277  
23.8208965  
4.411281053  
18.74064671  
-14.15583967  
-76.97498218  
30.60785011  
66.51475161  
20.2455882  
-13.0098621  
-41.26148297  
37.59932071  
-2.849867553  
14.77536277  
23.8208965  
4.411281053  
18.74064671  
-14.15583967  
-76.97498218  
30.60785011  
66.51475161  
20.2455882  
-13.0098621  
-41.26148297  
37.59932071  
-2.849867553  
14.77536277  
23.8208965  
4.411281053  
18.74064671  
-14.15583967  
-76.97498218  
30.60785011  
66.51475161  
20.2455882  
-13.0098621  
-41.26148297  
37.59932071  
-2.849867553  
14.77536277  
23.8208965  
4.411281053  
18.74064671  
-14.15583967  
