-6.993466589  
-47.64924717  
-22.27107178  
-23.99917218  
-42.12286635  
13.85188779  
-26.36419691  
-16.32861197  
-10.62331426  
-3.909797894  
-40.91700846  
-28.5942195  
-38.96418163  
-63.80664  
-19.78829557  
-14.14659582  
-5.942813305  
-3.203070419  
-5.696109677  
-6.993466589  
-47.64924717  
-22.27107178  
-23.99917218  
-42.12286635  
13.85188779  
-26.36419691  
-16.32861197  
-10.62331426  
-3.909797894  
-40.91700846  
-28.5942195  
-38.96418163  
-63.80664  
-19.78829557  
-14.14659582  
-5.942813305  
-3.203070419  
-5.696109677  
-6.993466589  
-47.64924717  
-22.27107178  
-23.99917218  
-42.12286635  
13.85188779  
-26.36419691  
-16.32861197  
-10.62331426  
-3.909797894  
-40.91700846  
-28.5942195  
-38.96418163  
-63.80664  
-19.78829557  
-14.14659582  
-5.942813305  
-3.203070419  
-5.696109677  
-6.993466589  
-47.64924717  
-22.27107178  
-23.99917218  
-42.12286635  
13.85188779  
-26.36419691  
-16.32861197  
-10.62331426  
-3.909797894  
-40.91700846  
-28.5942195  
-38.96418163  
-63.80664  
-19.78829557  
-14.14659582  
-5.942813305  
-3.203070419  
-5.696109677  
