499.4067688	43.86860657	-129.9263	-174.6379852	88.11180878	47.89892578	-2.924733162	-206.94819640000003	86.81570435	-49.65571213	103.85032650000001	59.17053986	-99.62915039	227.6102753	-192.0421295	42.50218201	-118.73918909999998	-20.69158554	128.1881104	41.58871841	-303.9546204	-205.07766719999998	59.39688873	-60.27830124	83.10422516	-18.16768837	-91.15545654	-89.98547363
368.6410522	242.7535248	-44.20241928	73.72981262	-45.30287552	-101.9513855	319.4301758	-14.58550739	22.45654678	2.5174191	143.3562775	-115.20026399999999	-86.32400513	24.70218849	-28.51091194	71.90681458	-157.03155519999999	-261.2286682	155.1859894	278.099884	-8.845432281	-113.6550369	22.52017212	-134.3185425	-58.26313782	-84.50324249	-16.26014519	-16.67832756
717.5633545	349.04937739999997	-43.60785675	-16.32086945	348.75134280000003	116.4644928	31.75815582	-29.27568626	103.9531708	96.81066132	181.0992432	172.0368805	-22.54343414	472.61965939999993	-35.88764954	185.46521	-74.61016846	39.27099228	518.3999023	151.0201416	44.92065811	-124.9613342	-0.3785639107	1.8103441000000002	187.9997406	-170.6244354	-113.3725662	-54.38067627
978.4077758999999	656.4044188999999	189.3572083	268.35955809999996	-40.53781509	181.1486969	-138.8101959	-25.76545715	-130.5741577	-116.8989868	194.04515080000002	225.5858154	-31.20010185	270.1605835	18.95921135	50.94446945	100.5566254	166.87484740000002	814.9735107000001	84.89714813	-293.8445435	27.89277649	23.54833221	148.858139	37.11860657	-102.2659454	57.61178589	-79.45787811
-63.87112808	97.74601746	82.41436005	48.97434616	-23.21681213	58.02936554	52.9197731	58.96709061	-105.35546880000001	-124.1963654	128.07002260000002	267.8739929	-0.9896497129999999	383.42681880000004	63.57078552	63.12487411	-43.863632200000005	35.73261261	-3.1940557960000002	11.49989223	-131.63636780000002	84.42823029	34.57944489	-6.9487605089999995	62.58676147	30.8134346	-64.19178772	22.10705948
-130.1713104	62.37337112	352.6183167	174.1683655	101.957756	38.46269226	52.69433212	23.74637985	-125.36982730000001	-164.6557312	139.230896	225.8008728	-44.01675034	32.78348541	-0.7277691959999999	18.53591728	83.09115601	412.0223083	260.38098140000005	156.2140503	-110.27217859999999	-55.42589951	56.629257200000005	49.51883698	-76.10383606	-233.28527830000002	-58.45858002	-4.569591045
86.69284821	-146.41519169999998	202.4654999	346.71350099999995	-7.664007664	207.80349730000003	60.8313446	-166.19142150000002	-1.2491812709999999	-29.57488441	155.734375	127.3353882	54.58688354	283.7897339	-43.34347153	107.4272919	48.89023972	172.114975	-17.60138512	64.62631226	19.36592102	-53.63296127	14.92794895	-6.109854221	255.5728455	29.55680847	-138.43000790000002	74.38902283
-581.5799561000001	438.3289795	30.79854393	71.62638092	-898.7271729	-634.9395752	-461.4523926	-501.3275757	-289.5507202	-182.6516113	-63.6296196	-74.09655762	207.4158936	246.7816315	-214.9766693	-223.288208	-297.7364807	-115.8352509	-1902.347534	-747.4614257999999	-584.477356	-583.894043	108.55216979999999	-266.3999634	-261.8019714	-350.20413210000004	-272.0492859	-238.195816
-7.403680801	-188.9300995	-353.99600219999996	48.40433884	-47.11883163	-98.54481506	-58.55887222	10.60865021	-4.682210921999999	-103.45372009999998	56.19521713	48.08863068	-107.0168152	178.209137	147.0526276	88.91192627	-117.8988037	-246.7658081	671.7548828	-108.7200394	-137.7585602	154.1478271	-167.5280304	66.33235168	30.79862976	86.88252258	27.43964958	129.4176331
-172.4694366	296.8515625	259.2427979	299.6808777	-103.6153488	152.89550780000002	-178.33924869999998	-168.30644230000001	-86.47007751	-112.2154007	169.73196409999997	213.3558502	22.63619614	338.43420410000004	-175.84935	-80.34120178	115.34201809999999	187.2089539	92.04588318	36.81119156	62.47744751	11.39328289	-199.41159059999998	-101.97865300000001	79.92226409999999	-102.76547240000001	-50.73717499	-102.0406723
846.8030395999999	499.5387573	219.39958190000002	116.08570859999999	21.57325554	140.3912811	-120.5463409	-55.49730682	-146.0675201	-89.94671631	62.91949081	61.17676544	-5.529789925	187.5137939	-58.53264236	43.78649139	199.6931763	162.06242369999998	95.67478943	-274.14913939999997	-303.1116943	-142.9395447	-182.9008026	-37.53357697	20.85309219	2.016214132	-98.28549957	-112.632782
170.7024231	2.396748304	93.08350372	192.1904449	52.82961655	352.4205017	158.9933472	204.9468994	12.23190308	335.6862793	65.93621063	308.63351439999997	32.44387817	234.2951202	-142.193985	65.75808716	260.5799255	207.1589661	203.64202880000002	313.8912964	265.6100464	72.48191833	196.5960236	-141.8192139	126.18788149999999	68.22938538	-36.52742386	-44.25016785
346.6661987	149.48869319999997	-169.83886719999998	43.00600815	94.05014038	96.15493011	-142.86056519999997	163.2923126	-289.67971800000004	244.0156708	-87.30361176	138.635025	2.22861886	384.83016969999994	-140.9400787	-28.14547539	-253.1288452	-271.63824460000006	514.9113769999999	-365.980072	-301.2658081	16.91093254	-154.20968630000002	-332.5742493	-145.1495209	11.31265545	-479.77703859999997	-374.940033
260.4732666	-39.7550621	86.98490906	188.888092	105.63416289999999	55.66522217	272.3297119	166.8160706	46.10421371	99.21768188	7.824799061	139.7622681	-58.61989594	123.1540756	-29.58992958	37.21680832	169.252533	138.59106450000002	-305.9552612	-103.6237106	244.85321040000002	255.2422943	30.64714432	-33.81754684	-17.91019058	61.24427032	68.26198578	-84.56869507
356.1991577	455.98992919999995	160.51248169999997	243.20953369999998	-6.27273035	65.72731018	137.8953857	193.01486210000002	17.76828194	243.44982909999996	-160.0946198	166.311142	15.88338947	488.6624146000001	311.72232060000005	-23.50927734	94.47132874	87.52019501	868.7062377999998	-124.3951263	-182.1555634	-268.5857544	-30.283794399999994	55.42813873	25.64142227	-127.1612396	44.09809113	-129.6710968
198.6781464	195.8414001	-17.02511406	-28.52906227	128.35041809999998	252.92816159999998	-149.5910034	-8.422401427999999	25.58501625	245.47442630000003	140.0218048	246.4364319	-46.13233566	362.9450378	119.22669979999999	37.87878036	113.3817062	187.39703369999998	177.73834230000003	-3.415642023	118.62480929999998	-99.55110931	73.20205688	7.271678925	154.6251373	265.5279236	30.06328201	75.49708557
751.5303345	139.3863831	248.2742462	252.5800781	-127.85117340000002	91.14937592	-54.02466965	120.50534820000001	112.54174040000001	155.92387390000002	2.169413328	118.12435149999999	52.88529968	515.934021	-65.82485962	88.70810699	257.6578369	205.5284576	940.3682251	-83.10266876	-441.1941528	84.43836975	155.2323151	19.34084129	136.7428131	139.12292480000002	28.0113163	97.69535828
-99.05158234	-105.14861299999998	37.48340988	28.90283203	189.91116330000003	375.65991210000004	260.5458679	117.1155777	118.5007095	-14.87531567	61.12203217	218.7917786	24.68051147	389.1935425	116.3809662	-22.97751808	96.69916534	-28.28501701	192.9673004	106.16439059999999	201.6056366	-116.67431640000001	104.05999759999999	9.309608459	156.47253419999998	88.60679626	260.98361209999996	-21.11191368
11.17716026	59.63887405	61.91204071	154.9290771	129.17710879999998	269.3348389	31.7480526	202.11225890000003	124.75724029999999	279.1369934	102.1907272	281.0066528	67.54153442	258.05508419999995	67.30788422	37.89814758	225.8367004	172.5414429	357.6994324	28.89364815	121.7872543	-104.93653870000001	149.43008419999998	-10.1668644	189.9832611	216.8428345	184.4285736	252.0046539
-236.19464109999998	-135.6083374	-178.53414919999997	-55.09145355	-248.8838806	113.6036148	-174.7009735	-149.4447937	-112.6759338	-146.1020508	-14.45628738	-96.08650208	-36.30901337	98.93690491	-205.1660767	-208.45384219999997	-225.4687195	-186.4458313	-50.36531448	-478.43103030000003	-329.5787659	-334.38046260000004	8.151890755	-259.19528199999996	-52.44199753	-178.272583	-61.77486038	-122.5842209
399.7989502	164.6698608	-148.4694061	103.2869949	-116.9371567	210.574295	-176.3943024	81.75634766	68.53346252	210.58811949999998	-52.46250916	96.73519135	43.51126862	444.8268433	-30.81737137	-73.20341492	-12.415190699999998	-93.18637848	246.94253540000003	-90.48947144	-221.3485565	-200.8385315	143.0350647	-60.73468399	82.26966858	-137.70491030000002	-30.5025425	-40.25769043
58.00355148	7.676915169	-106.7211075	-2.7167050839999995	240.2964325	-34.78549957	88.58666229	193.1072388	-58.44160461	-136.5924072	-148.73530580000002	51.73705673	-3.3313062189999996	382.8379211	-144.9987793	-17.15049171	-306.52642819999994	-182.18045039999998	-236.7385864	-164.489975	76.80211639	159.2453003	-230.32998659999998	-76.07457733	22.6072979	-120.19853970000001	-214.6310883	-210.7386627
