-166.25723269999997	-519.6563110000001	254.1950684	307.9405212	76.41381073	185.2196045	-227.9418945	-725.2869262999999	191.8580322	137.8468018	129.5695648	20.10415459	-120.89850619999999	-55.09819412	-373.58288569999996	45.83051682	180.8012085	376.48165889999996	-173.65522769999998	253.93276980000005	242.98930359999997	-27.66410828	154.4499054	-16.86565399	9.615848541	-41.05975723	-69.47854614	-12.57148361
148.6874084	-435.7739563	-105.4753494	-5.154809475	-42.47732162	209.2386169	-60.8536377	-67.93572235	157.71087649999998	204.00267030000003	878.9043579	482.9078674	0.958736062	163.6855316	-306.6268005	128.00105290000002	-84.7000885	189.65116880000002	-59.93808365	64.39537811	333.69149780000004	-28.111425399999995	-114.22892	-376.4855042	-17.06950188	-68.12741852	-197.1548004	-174.1126404
176.34141540000002	-361.01843260000004	273.0325317	156.625	-89.07238007	262.7099609	-267.4659424	-149.31938169999998	130.2527466	357.5128784	143.6078186	183.4355164	-24.075658800000003	210.35891719999998	-11.06946182	-84.67711639	164.1633606	406.6620483	-39.5917511	370.1452637	333.640625	346.2018433	102.14529420000001	175.10031130000002	58.85524368	49.71450806	-33.13208008	141.381546
-190.16246030000002	6.630044937	106.6828232	-52.39167404	45.58382797	237.14675899999997	-137.3345032	136.8148804	139.7785034	236.32261659999998	822.1998291	519.7255859	16.36771393	148.25245669999998	-253.7180481	97.26628876	62.25968552	319.2904968	487.2390137	294.58148189999997	-259.55935669999997	164.53135680000003	287.2114258	200.1610565	-86.12127686	-22.21260643	-20.45816994	-98.45615387
92.34877014	-260.14874269999996	13.79419422	23.87826729	14.38460636	91.9622345	48.39013672	91.31095886	320.3934021	87.4811554	529.3121338000001	218.5192719	8.2746315	160.72027590000002	-338.954071	-84.82863617	91.99468994	437.76190189999994	159.72062680000002	245.55244449999998	93.21833801	77.03855133	204.90702819999998	110.10906979999999	174.97550959999998	17.27288246	-64.21264648	19.49661064
-250.7700806	-357.9158325	-86.53159332	179.28300480000001	93.38860321	44.72798157	-391.5939331	-342.6301575	154.8922882	78.57743835	83.12559509	61.64706421	-48.64533997	29.37949181	-143.4969635	6.450221539	-131.04716489999998	-275.75616460000003	-509.8113403	277.20025630000004	66.62983704	-44.20537567	-61.9274826	222.28456119999998	-41.09428787	-76.95306396	97.84823608	92.02381134
-226.41809080000002	-243.58027650000002	-305.375885	-327.1987305	157.7483215	309.86740110000005	-120.08557890000002	-331.6530151	-118.224884	98.60181427	243.35760499999998	467.11209110000004	-113.42428590000002	-62.71086502	-307.509613	45.75047684	-342.6469727	-261.3126221	-250.04620359999998	31.99181938	587.2224731000001	56.456447600000004	-230.0202484	-255.76446529999998	-125.88327029999999	-91.07691956	-417.9316101	-306.0407715
77.58947754	202.41954040000002	141.1801147	307.4370728	8.308992386	212.5087585	96.58358765	-39.94664001	91.06269073	190.24276730000003	150.3175659	63.70420456	22.58674049	216.8721008	-215.75624080000003	142.9816132	131.4899445	264.7659912	281.54006960000004	225.20230099999998	-95.21664429	24.28018188	232.2978821	284.091217	63.77138901	-22.03573036	-136.64883419999998	-32.62614441
51.92429733	-241.016983	134.77674869999998	93.04947662	6.027939796	160.49621580000002	-231.84815980000002	-118.25840759999998	-18.42039871	30.60773087	693.2640381	164.1065216	-6.557668209	60.19301224	-91.27158356	22.75177956	77.46488190000001	149.8734131	83.40169525	-74.23673248	-277.6741333	151.31770319999998	101.2179337	146.66734309999998	95.08546448	-2.032193661	-37.12343597	2.944736719
-1.910733104	246.41148379999998	113.7669067	400.87048339999996	-19.84729958	251.27961729999998	-118.02666470000001	-125.2667007	-77.44731903	103.5327301	602.352417	396.58547969999995	60.75670624	118.87377169999999	-224.40237430000002	200.24624630000002	278.72598270000003	489.9900208000001	542.2372437000001	379.1042175	565.3688965	167.56625369999998	137.3625946	308.327301	-34.86607742	18.76506805	-165.70266719999998	4.606731415
-379.284668	422.10482790000003	249.43508909999997	295.3603516	190.4032593	251.05961609999997	-6.096436977000001	355.91558839999993	-77.48629761	36.15618896	705.814209	333.0811462	-85.91182709	-110.08571620000001	56.29879379	39.26813126	348.5801392	189.07640080000002	-187.73590090000002	-30.67746925	378.08337400000005	150.9886017	58.02553177	195.10470580000003	31.28925323	-16.93246841	84.25572968	20.34443283
386.75335689999997	279.8606262	55.23219299	151.8041382	78.23880768	225.0045929	39.15745926	71.29273987	-188.41864009999998	-223.7310486	175.8966217	3.5230453010000002	-87.55587769	1.240054369	62.37845229999999	-94.70349121	106.3305588	172.11824040000002	-31.82572365	46.69041061	43.04904175	-206.1231995	-10.98883247	-91.03633881	-12.17128563	-16.4687767	-95.40248871	90.63076019
-55.83422089	48.24905014	200.6020813	311.9571838	59.79677582	90.69319153	-120.15779109999998	-322.4352722	22.93938255	-67.42183685	828.949646	373.8972168	-14.58356476	254.19320679999998	-111.7366638	80.26882935	179.2405548	198.6838989	162.22027590000002	298.6684265	276.45211789999996	212.12263489999998	170.0792084	108.33605190000002	59.06489563	-25.66036034	-14.27415276	-70.99094391
27.31507492	100.76049040000001	-2.574770927	5.142321587	-134.1166382	9.305860519	-125.6584015	-403.2116089	113.02629850000001	-46.90825272	-15.20580673	139.753952	-69.58151245	12.28754139	22.14764786	-104.90921780000001	47.88656998	7.584731579	-72.56549835	-29.21363068	32.88759613	-101.2328262	-75.35674286	-78.29400635	-60.86870193	-37.08926392	-57.49672318	99.27333069
-228.96282960000002	3.7241747380000003	40.33717346	55.76190948	-66.93804169	169.7605743	-111.15973659999999	-286.22103880000003	-73.23045349	-75.01663208	411.6211548	455.1269836	55.53735733	80.35289001	-127.0094757	100.5632172	195.6889496	275.55316160000007	47.43693542	140.1474762	-7.575360298	137.1135406	256.1139526	231.56053160000002	184.37232969999997	-97.07695770000001	-76.0629425	30.72597504
-58.74220276	-82.75136566	81.06852722	175.189209	-80.19796753	80.85993958	-59.15964508	-281.41915889999996	86.96385956	17.46133614	117.3473206	132.0325317	-43.81969452	-133.74960330000002	-307.7441101	-17.77930832	62.21699524	244.4241028	222.7398682	59.17643356	170.75827030000002	-188.7388	-102.3756561	111.20342250000002	28.72506142	-7.281006812999999	-19.72813416	8.746685028
-47.90833664	257.9229126	105.80198670000001	19.09249878	22.08972931	256.34774780000004	-97.68249512	337.6007996	37.13512039	148.735611	352.5225525	271.4083557	81.44692993	-250.55583190000002	-76.78541565	79.05582428	-32.48943329	42.27985001	-166.97383119999998	250.93504330000002	622.5253906	106.7399216	38.89857101	258.9307556	-4.441866875	-37.92475891	140.7311249	74.5504303
-208.2821045	-55.82526398	-85.42459869	269.5010986	-17.17376328	172.2213135	-103.55514529999999	133.7565155	291.11102289999997	167.1751404	287.7289734	268.93197630000003	146.9279175	74.86763763	-38.1498642	130.7415771	107.775444	91.51352692	480.12908939999994	495.2442017	-528.7576293999999	245.4580994	-44.193286900000004	106.80185700000001	-43.45581436	-71.24669647	12.699335099999999	99.86330414
216.2129517	465.0253296	210.9670563	354.1372375	117.60033419999999	260.8204346	375.5942688	421.49804689999996	153.0072937	234.58813480000003	539.6741333	184.50967409999998	240.5514984	199.93746950000002	-37.69821167	-31.52467918	137.5125275	174.56652830000002	425.46340939999993	137.01409909999998	294.6171875	193.39459230000003	-77.54278564	105.80284879999999	109.12696840000001	106.34116359999999	64.74739075	113.9672775
148.5151367	288.7395325	-79.39237213	-95.2592926	-9.15399456	178.37788390000003	99.97047424	96.64555359	224.43135069999997	-22.69696617	428.73767089999996	222.04718019999996	-44.8420372	-71.9945755	-143.99963380000003	208.0525513	115.2108841	142.7115784	-106.71541599999999	94.85837555	68.3992157	192.26568600000002	325.8873596	18.0121212	60.68525314	-32.17582321	-57.58350754	109.1947861
76.51924133	18.95342636	-4.5341882710000005	104.6144714	-101.780838	311.56973270000003	-158.2563629	-188.8526001	-33.48750305	-3.3535134789999996	283.7447205	418.300354	247.5478363	-58.46043777	-90.18739319	105.8635101	154.8575745	153.2451782	169.3587341	-43.87004852	-233.1013184	212.6028442	169.2293854	44.08271408	39.9691925	-185.3889923	-73.00849915	-47.95874405
94.47957611	514.1930541999999	168.5630646	287.444519	146.6138611	230.6337128	-109.9980087	115.15058140000001	48.79645538	321.09420780000005	656.4630737000001	406.39334110000004	118.65292360000001	93.51182556	-125.496315	135.2021637	208.4701691	353.2643433	-395.4186096	126.5403442	-139.5282593	172.86178590000003	177.2601013	23.12501144	28.83842278	15.89372635	216.2870026	17.56025887
35.49367523	-52.848629	-4.784625053	145.6459045	34.71523285	-3.5253558160000003	-85.8938446	187.8465271	106.45329280000001	157.6193695	191.4551697	52.77278137	4.33120203	149.9134369	-228.1345673	-20.04400826	44.26715851	91.31541443	309.3551025	321.0658875	-480.1557007	-13.27740288	31.25007057	241.4600372	103.6835938	-67.01175690000001	-95.6835022	-21.81662941
-236.14202880000002	-82.76513672	21.08580589	87.51300049	-145.9473419	76.94731903	-25.9934597	-290.4887695	82.01158142	197.199646	436.7851562	351.7292175	178.8010712	-169.95812990000002	-68.65692139	-58.39009857	222.31219480000004	445.9758301	573.8067627	-212.41906740000002	27.08495712	291.6855774	172.79290769999997	297.9609375	-153.2760315	-75.75463104	40.50673676	43.41291046
-156.93235780000003	-348.7023621	-45.44711685	132.0887146	-264.1437378	281.0061951	-121.0103912	-521.6080322	-27.37238121	-223.09150699999998	-42.22939301	111.9211044	-5.10015583	-31.55271721	-93.99100494	-77.11440277	39.417617799999995	-69.13818359	788.2050171	237.7494659	-97.12785339	202.57781980000001	-225.04087830000003	194.4705658	-125.5597153	63.66207886	-129.6187592	23.53044319
274.2931213	-270.1795959	-45.76702118	325.24206539999994	-114.5354538	364.2277832	450.75427249999996	-15.51524925	106.5846405	-120.9868088	583.5463867000001	260.708252	208.5990295	417.37982180000006	-146.1429138	301.01080319999994	179.7016907	243.0145569	611.9780272999999	272.01281739999996	-315.1648254	272.4259033	180.19433590000003	298.1057739	172.35737609999998	41.37934113	-162.5751648	-27.90747643
252.0949554	240.8125305	122.18724820000001	59.1307869	78.82374573	334.6578369	139.56326289999998	-113.51543429999998	204.25500490000002	194.6683044	656.3469848999999	585.8619995	441.4677124	452.3368225	160.4727631	-44.07493591	87.80886841	52.28871536	55.19943619	214.82963560000002	54.18507004	474.59661869999996	259.813385	351.6162415	44.18663788	100.436348	104.217453	85.72207642
