86.47489166	113.97909550000001	337.58654789999997	199.70784	96.3818512	235.5679321	166.36918640000002	336.3320923	166.53121950000002	88.47395325	213.62677000000002	62.95488358	-13.54096889	106.68640900000001	302.4221497	144.5716553	359.40637210000006	338.1637268	-98.91226196	-403.8092346	-42.48360062	71.34296417	46.95943069	-43.69551468	18.14858246	19.74151802	339.5766602	24.13593483
-220.35058590000003	-180.0225525	-75.76242828	98.64833069	161.0438385	67.71858978	-101.1067123	-97.12211609	-76.19120789	84.807724	168.5322113	82.20169067	58.51507568	12.7972374	-31.57745934	144.27445980000002	87.49274445	-7.945952892	212.0141449	39.94556046	-33.76125717	65.76951599	106.02355190000002	-41.59208679	-46.44250107	-128.8581238	-88.23575592	15.31144047
-322.2948608	-117.33463290000002	-116.58245090000001	-32.00419617	-80.45532990000001	46.99664307	-176.6300964	-453.8752747	-7.933468342	-4.070760727	136.5039062	121.27382659999998	0.33579128979999995	13.26462269	73.96654509999999	27.01447678	-43.60538101	19.49990845	-391.85000610000003	-166.42300419999998	112.5890121	98.50143433	-404.3731079	-313.2074585	36.11112213	-66.58464813	-285.9050598	-145.3821716
66.55441284	-173.09477230000002	-179.23956299999998	-82.66805267	177.21035769999997	113.0059662	3.38698864	33.79138565	-7.0986447329999995	16.08015823	32.62611771	-11.37622356	-28.03715324	-1.085220695	-48.16973114	46.52527237	37.72687531	-2.34991169	208.39527890000002	193.2214966	-103.6328735	-272.547821	-127.0392761	66.75012207	10.19794369	-16.80125809	-185.4224396	-37.06699371
-56.64296722	-178.78114319999997	-58.33166122	-7.904435635	27.27911568	28.59087181	-30.37558365	-31.38608551	116.60597990000001	193.65003969999998	-78.89739990000001	117.64679720000001	-54.06141663	-101.945549	-84.61691284	-120.1673508	-162.6618195	-11.83541012	-477.96350099999995	-331.0282898	188.320755	-201.69500730000001	-136.4633026	-50.21484756	84.29864502	-28.5204277	9.256076813	193.6554108
253.23994449999998	-10.87769604	31.15737152	71.55435181	104.9318237	216.63056949999998	373.49804689999996	206.0504913	-36.9658432	77.61982727	42.827217100000006	70.60746765	20.80319405	75.02246094	297.2468872	255.0476074	3.5424401760000004	67.60007477	-393.2313538	-586.9925537	-26.42371368	-53.36961746	-304.8053284	-338.6891174	-22.88671684	52.02841568	-110.8900909	-120.21034240000002
79.50801849	181.1322174	276.3394775	263.0268555	169.26301569999998	-0.49945786600000003	76.66786957	142.7717285	148.4016266	97.60768127	53.20309067	56.54062653	10.31242752	43.35351181	-31.63752174	68.45334625	247.6642761	288.79626460000003	129.20332340000002	-28.3765316	185.65275569999997	46.37579727	202.9312592	-7.622587681000001	48.82007217	25.91152382	186.0993805	254.3444977
-28.68301773	-72.28226471	-113.8543243	40.80425262	52.16183853	175.2702179	-43.27416611	64.37426758	-11.22178078	5.306283474	108.85948940000002	136.5335541	39.13961792	72.31117249	69.00847626	63.38467789	13.28102589	-43.82443237	-106.44274140000002	-234.31391910000002	43.50741196	8.928137779	28.49832344	48.352653499999995	12.90273952	-43.344970700000005	-83.89305878	11.70752716
-47.66254425	193.7023926	-61.91418457	-2.073910713	21.58727837	341.1130981	53.14098358	108.07945249999999	-76.6372757	-58.47624969	235.83032230000003	112.09478	65.34220886	194.49221799999998	111.7782288	139.1623535	50.07069778	-48.93109131	1.932986975	-53.22649765	18.82811356	-173.32051090000002	20.94748306	-127.86036680000001	57.88875961	126.68466950000001	-24.11791229	-109.0932236
16.861867899999996	176.2384491	261.0265198	174.1386414	8.683176041	16.39372444	157.7711182	199.6224365	-25.55833626	-58.63654709	21.09412003	67.23999023	-34.65196609	-7.689855576	55.23120499	31.89013481	146.9469604	131.90185549999998	321.2937012	53.35643768	-106.77635959999999	-169.3577118	98.67719269	-10.71115685	11.12347412	193.16133119999998	82.43241882	77.85343933
-124.24518590000002	-26.76274109	-19.42815208	-114.9864044	61.52714920000001	131.1675262	-77.24576569	-119.0000763	38.75701523	27.92019844	189.713089	140.430603	-78.32810974	135.9525909	-7.5367870329999995	69.30342102	37.33075714	77.34458923	-226.79969790000004	-141.9599915	-200.7284546	-17.75250816	-43.68743134	-33.47958755	-63.96260834	-6.893771172	32.67380524	-172.1259918
-22.24777985	258.8248901	30.99580956	114.8453827	80.58569336	205.81605530000002	75.64736938	250.3322449	-125.888649	-55.78866196	284.9259949	28.74783325	-134.654953	-49.69976807	13.19235325	103.06462859999999	83.80330658	-123.7275848	-189.2068024	-76.34271240000001	9.932750702	84.19696808	-148.7474213	-73.51302338	177.5132446	79.03733063	-164.934967	-140.8586273
-174.60150149999998	-250.6680603	92.72637939	100.0567551	35.6962471	39.22886658	-230.4989319	-155.22958369999998	8.446322441	-62.51318359	275.4752808	82.35712433	-13.125063899999999	18.7804203	27.107246399999998	152.43765259999998	43.51687241	41.65638733	25.14164925	-124.74913020000001	-184.7508087	27.18613243	-23.58804512	-12.21627998	9.694087029	-12.10618782	-94.20369720000001	-147.16802980000003
-83.78316498	88.03901672	105.646286	39.14132309	0.3126903772	113.29710390000001	-0.1231789514	99.97364807	-82.15646362	-63.97624207	238.5750732	187.4119568	-79.08614349	-6.622664452	40.79067993	25.53561974	-123.43974299999999	-46.06686783	-19.67996979	52.77043533	4.821771145	72.47702026	-65.10191345	3.039104462	-11.72360802	98.17629242	-111.5544281	-137.0349731
-140.787262	-444.1794128	23.80147171	-108.56707	-10.82394695	7.836256027	-343.6678467	-116.0608368	-63.9679184	-33.07555771	103.67127990000002	2.296475172	-69.55599976	-42.06485748	-122.28559879999999	51.68802643	6.178378582000001	62.87221527	-452.68573	-291.70220950000004	-266.79595950000004	-175.3465271	-73.53376007	21.90054703	-201.8755341	-250.58491519999998	107.7704086	-106.83600619999999
-277.0671387	-443.1096497	-99.03147125	-43.37049484	-81.20953369	-69.09829712	-326.6980591	-241.20532230000003	12.50016689	-1.826788425	42.95311356	7.301111221	-31.31483841	-135.3648224	-51.11107635	35.81727219	-132.862381	17.98554802	45.79442596	29.81630707	-104.336937	15.1083231	-79.71844482	-16.71409988	-44.69955063	-101.89067840000001	-106.69252009999998	-58.74558258
-350.8375244	-88.69017792	214.861908	209.0732574	21.27032661	150.7434235	-140.0993805	-89.50147247	-24.69061279	26.00244331	109.5550537	91.31845093	63.68262863	125.49961850000001	-19.25883293	86.37031555	104.706131	27.74085808	84.34391785	115.429718	-190.5989685	50.31413651	-19.26271057	63.93917847	108.38201140000001	-1.66289413	59.87475586	190.8607483
-366.4836121	-433.17617800000005	-121.1129303	-78.64541626	188.0843658	133.5295715	97.50965881	-14.75203419	39.84174728	-8.733658791	190.19563290000002	-174.87576289999998	31.63863945	168.80641169999998	199.3623505	204.16334530000003	-129.8574524	-96.74588013	-676.6900635	-146.01339719999999	-394.5279236	-299.7236328	-33.12228012	-64.75971222	136.0832367	4.30619669	-304.8537903	-97.56781769
-3.7966365810000005	25.78326797	270.51290889999996	113.47581480000001	111.28552250000001	180.9799957	234.19644169999998	186.6786499	71.31679535	187.47584530000003	234.37428280000003	106.29344180000001	-19.1360321	167.8443604	165.8421021	250.5837097	-20.04434395	59.19220352	-94.08768463	-15.74008656	-42.74184418	-65.87708282	174.6794128	77.51758575	158.8222656	171.92120359999998	146.6258698	-107.6334915
-183.1000671	-329.2536316	187.095047	-46.43330383	-31.72988701	5.273262024	-17.01576996	-216.36479190000003	54.4453125	137.8188477	-111.1968155	-25.7738266	-98.92170715	-78.85489655	-14.60304642	133.0127563	114.69918059999999	7.248793602	-41.33613968	69.07708740000001	235.9564972	-281.8025513	84.44355011	53.56945801	30.37543869	-49.80522156	18.83307838	150.7963562
-785.1719971	-177.991806	-427.2392273	-220.53009029999998	49.12894821	299.8032837	84.05422211	-290.0735474	-217.5169983	-67.06311035	144.5678711	-103.9638367	-131.9232941	70.41860199	64.11583710000001	47.64719391	-744.1671142999999	-530.7582397	-229.056076	352.0148315	-340.65429689999996	-523.2766723999999	-70.26380920000001	-386.1547852	-243.1445923	-203.2675934	-756.730835	-291.0631714
-208.2718964	-40.18643188	92.18768311	237.0724792	71.72457886	211.5318298	26.99764633	-123.37419890000001	-31.78903389	27.33228683	69.81493378	29.46226692	-29.72284508	185.11218259999998	107.376503	7.337367058	5.675599097999999	-54.2233696	-62.79454041	135.72732539999998	-97.72039032	-0.8619229794	42.81215668	-66.27532959	-35.0406189	-90.66322327	-186.88250730000001	91.13485718
67.91072845	-171.0954437	114.2361908	-54.58914948	-0.6093156338	15.506256099999998	8.436812401000001	-8.628463745	-3.604710102	-17.82019997	-142.0158386	41.7370224	-76.13891602	60.3758812	72.09469604	1.409558296	-108.5016861	-265.0777588	162.6323395	148.5280304	-197.24847409999998	-155.1268158	-8.506926537	-35.33063507	32.35842896	-14.86404228	-105.05606840000002	-119.6799469
116.3202896	276.8295898	-235.58691409999997	-182.0922089	63.62002563	-25.47740364	-84.79236603	31.36961937	44.16197205	-134.6163025	-101.7761917	-150.56295780000002	-35.95160675	-147.36062619999998	-214.2382202	-68.75101471	-89.44390869	-86.92845917	-84.61608124	-91.44087219	-42.22608185	26.46858215	78.76966858	-17.13534927	39.24192047	17.80369377	-345.5195312	-255.17131040000004
-212.9048767	-109.6801605	154.66755680000003	53.45925903	125.60486599999999	73.3901062	-51.40413666	-127.9955597	-47.66695786	6.1708660129999995	92.60530853	182.4478302	-35.34280014	159.41954040000002	119.16463470000001	104.90650179999999	-127.2090683	-189.0848236	114.0315399	42.64240265	92.99414062	-143.34420780000002	156.99046330000002	24.24282646	-146.84260559999998	-32.75364685	166.0069733	160.82481380000002
-220.67771910000002	-64.73184967	148.3892365	114.1893692	25.00967979	-95.97032928	-176.38890080000002	-183.6716156	21.78294182	-6.692079543999999	1.374886036	-49.72761154	-68.31807709	-94.41271973	-79.36206055	-55.73241043	276.3660583	115.8161926	-15.6844492	-78.21596527	-119.69618229999999	114.2454071	25.09262085	68.74286652	33.28096771	-116.2645264	-84.70511627	-10.327138900000001
-263.87365719999997	-195.03613280000002	-173.0587769	45.49995041	132.6316376	235.046936	-177.1629791	-251.8477325	-40.38016891	-69.52497864	270.1371155	139.43927	100.1824036	97.82766724	56.66556931	76.93317413	-88.04799652	-208.7766266	-191.525589	112.27013400000001	-30.14690399	-61.67005539	-53.64247131	-153.53440859999998	7.437517166	-168.69981380000002	-201.8717041	-236.2927551
-32.67777634	4.868550301	153.78639219999997	316.60992430000005	37.59275055	102.95719150000001	208.2913055	104.1233902	49.92163467	92.04315186	47.63839722	84.02078247	25.18717957	114.2686081	143.1737823	84.75181579999999	151.78514099999998	89.83681488	3.990381718	241.9103088	292.1227417	19.64032936	-4.1671390530000005	23.76253319	86.6026535	61.56330109	183.97230530000002	-23.44277763
-216.91334530000003	-163.57914730000002	-35.66931534	77.26519012	45.39505768	38.31495667	-65.01266479	-229.1285095	18.797628399999997	-27.42298126	4.28228569	-26.78849411	-86.01920319	54.54706573	-68.16762543	-91.3568573	-101.33697509999999	-40.22034454	-364.88024900000005	-205.9467316	-99.26911163	-141.66230769999999	-38.69163895	12.93393517	36.29305649	35.381515500000006	-234.506897	-34.24839401
328.51876830000003	84.40668488	190.6157074	173.5400238	122.52937320000001	219.050766	164.1769409	186.4555511	82.34996033	227.7384796	286.1252747	349.8318176	201.8641968	145.7203979	56.74459839	213.5548401	101.7876053	117.9882126	136.9074097	59.61129379	-109.8726425	118.222435	-57.94753647	111.8773422	114.39076229999999	15.81283951	-67.31976318	234.0145569
-281.9264832	-270.6759033	-76.2954483	124.0328827	-21.8685112	233.93151859999998	-292.97601319999995	-433.60922239999996	26.02311516	56.89679337	138.7970428	99.87656403	75.03731537	164.4727478	-87.62554932	171.60417180000002	-63.48305893	-26.53085327	-351.6609802	-398.6097107	2.162624359	-55.00531006	-178.67890930000002	-106.4066925	24.45391083	-88.99227142	-369.44519039999994	-123.21360020000002
-241.42797850000002	-62.62863159	-86.58378601	95.06568909	140.8325958	247.9733124	67.80613708	8.527622223	59.6062851	-11.35156536	273.83569339999997	270.7726135	143.27462769999997	109.81059270000002	77.44353485	138.8783417	306.12487789999994	61.08310699	11.09129429	546.0407104	183.42910769999997	47.84309006	-11.63377476	-48.82787323	9.21237278	23.33982658	-21.54631996	106.8251953
-130.0121918	-269.4059143	154.44532780000003	-83.25724029999999	5.309949875	169.657486	-159.2792053	-332.9779358	58.63056564	89.33615112	75.90083313	147.9230347	-1.2625402209999999	-99.35276794	-122.2216263	-34.19210815	159.87467959999998	177.1548309	-518.7557983	-473.6243591	458.78332520000004	62.60175323	-400.4670105	-214.95907590000002	-3.263724566	-133.56520079999999	-212.4904633	-285.1036682
53.02415466	90.82384491	139.4308624	217.1049042	129.9792023	158.00225830000002	-50.60437393	115.07643130000001	103.8078842	149.9486084	159.16430659999997	237.94485469999998	17.57212067	24.50063324	-19.18124771	95.66365814	117.37364960000001	51.23619843	23.93177795	147.85664369999998	7.9494752879999995	-14.75179768	118.78632350000001	83.32500458	109.27066040000001	107.95510859999999	101.8533478	206.2452393
36.3259964	-75.86649323	83.35283661	271.19515989999996	190.2233582	330.44860839999996	-17.54878235	112.2181244	105.5070953	9.502328873	363.8927002	238.9501495	-46.35160828	118.40592190000001	121.843399	159.7203827	132.4906921	92.76111603	-436.27838130000004	-211.1751251	106.94087979999999	-161.85214230000003	104.0699387	18.19918442	260.2570801	23.79992485	-79.93447113	-45.92031097
-120.30941770000001	-196.4581604	142.01573180000003	-74.98799896	110.41584009999998	19.13195992	-92.52312469	-144.4544067	-81.33037567	-51.23884964	41.40569305	41.79417419	90.46615601	-17.08969498	76.25901794	69.76374817	-118.8862915	-233.04928590000003	38.2449646	-18.44957733	58.83478928	-87.94311523	-35.87306213	-121.3946686	-86.7820282	-63.1583519	-15.17929745	-91.8540802
-34.42133713	-118.11115259999998	-53.50788116	4.154738426000001	-11.59700394	288.5355835	-99.33654785	-255.5168915	30.70462608	-10.43028736	72.13376617	142.6575928	105.59070590000002	-27.39603996	-123.4823532	-126.0459824	-121.3072357	-171.1936493	-308.778656	-111.924057	80.01076508	146.3520813	-155.7701416	-111.58010859999999	-21.42766762	-71.01844788	-234.6453094	109.19672390000001
-194.1118927	14.35942364	37.72734833	243.0497742	28.59588814	40.29969025	-97.82615662	25.03815842	35.04954910000001	69.889534	65.46255493	158.0683899	19.59676552	-140.1016541	-161.84515380000002	-10.51056194	-297.5206604	-251.0503082	60.61281586	186.33093259999998	51.97572327	-61.759239199999996	-43.83481598	104.71068570000001	0.0059312763619999995	-87.5456543	-66.47660828	191.1668854
21.41942406	33.8771286	33.23914719	107.7010803	66.21952057	34.48151398	-0.5775590539	196.7849121	18.90023804	11.16293716	-7.089057446	-6.9078741070000005	55.23233795	-46.35397339	-82.88171387	-18.54027176	277.29522710000003	151.40254209999998	-181.9629974	-332.75851439999997	99.22180939	-49.57889938	-12.31808758	-110.802803	-42.29502487	-171.4596405	-258.8197937	-74.13275909
