-162.6341095	-204.5524445	-462.37857060000005	-183.7042389	-256.9861755	-51.96905518	-168.81062319999998	-78.31549835	-93.07630157	-169.367569	72.45420074	71.52041626	58.17892075	-81.88379669	-47.8996315	-85.23535919	-525.8536987	-271.5905457	-101.6745987	-454.2380676	-263.3756714	-257.9396667	-166.65588380000003	-215.3275909	-33.15346909	31.95336342	-545.1124877999999	-383.3952332
-51.00241089	-59.36045456	-149.1331635	-35.75897217	-119.8606873	34.48462296	-108.4747543	-6.922812939	-82.72892761	-138.651001	-75.35780334	97.32427979	-316.1199341	-103.94342040000001	-87.04062653	-42.13369751	-221.80514530000002	-132.6682129	-89.8891449	30.01340485	12.84936333	7.87587738	-152.338501	13.83943844	-157.89155580000002	-112.319046	-9.689699173	-180.3340149
-44.21560669	-103.348938	-19.61940384	-62.3447113	-214.083725	-89.95765686	-216.06484989999998	-133.7220459	33.62078094	-61.54970551	155.3668518	52.53868866	-73.55518341	-86.23574829	-114.59633640000001	-62.17792511	-61.816185	75.88825226	104.7102737	130.40377809999998	-118.78115079999999	-232.2493134	107.49728390000001	13.60071945	-76.89633942	-45.14480972	-135.3618164	-229.5231934
-134.75730900000002	-25.00640488	155.18284609999998	46.87018585	-61.49360275	-34.65436172	-45.92731476	-4.360106945	-30.71442795	-63.10896683	96.05739594	136.178299	-333.0949402	-87.58869171	-82.94702911	13.75178337	-46.48503494	-43.33876038	26.10733414	103.27310179999999	85.26656342	119.75323490000001	27.07792091	37.19723511	-149.1179199	-41.84009552	-79.31151581	-90.59353638
-7.767992972999999	-66.85151672	-106.8947449	-140.4124908	-49.95779037	-6.426263332	-106.1650925	-135.3491821	-9.465641975	-126.06430049999999	-203.6400757	-87.39279938	-44.88618851	-53.67887878	71.85257721	35.68162918	-145.5965271	-170.23370359999998	113.31929779999999	-302.5983276	-108.3743591	485.382782	-39.74069214	-0.7364892364	-37.53508377	-2.674137831	-54.234272	-248.8694
-178.2833405	-178.4117889	-33.17363358	-107.21253970000001	-130.2093658	98.45959473	-10.36564636	-102.1385193	-100.7984238	-96.26564026	343.54422	229.1719818	-91.98139191	91.63381958	53.40278244	15.62936115	-96.14273834	-46.78042603	439.9603577	-38.14102936	-172.07827759999998	102.8952332	-37.0121994	28.64012337	6.94136095	-117.14566040000001	-149.10983280000002	-272.4319458
-143.5933075	-125.39390559999998	-633.2636719	-247.0089111	-41.22340775	-10.31212902	-2.928599834	191.52354430000003	-10.55649757	-126.0576706	98.70225525	-45.49438095	-400.2354736	63.67637634	-198.6935425	-75.27476501	-198.0396271	-448.17413330000005	-347.3344727	-275.9450378	-381.31701660000004	-196.0024261	-326.5956726	-376.5776062	-4.783713818	-4.934145451	-222.10748289999998	-473.50100710000004
-120.21354679999999	20.14430428	127.94267269999999	122.9704514	-28.71441078	61.269958499999994	65.63800049	57.91325378	-57.24095154	65.54051208	175.0775299	105.45353700000001	-157.9141541	-7.83291769	162.35676569999998	20.27423668	213.58601380000002	175.081604	-33.45180893	57.24445724	90.67867279	127.87804409999998	-103.349144	-44.26322556	-151.8364563	-136.82650759999999	227.62715150000002	264.1937561
-77.71257019	32.84422302	27.85793877	50.19633484	-21.05208206	-67.07095337	-35.56487274	-68.74224854	77.63715363	71.33171082	-48.24534607	27.66372871	-32.88703918	62.14128876	-144.491745	-6.609206200000001	141.86451719999997	-9.071705818	218.1660156	347.0297546	125.39378359999999	-217.06816099999998	139.49984740000002	99.16703033	136.90019230000001	68.11677551	83.69057465	-84.33231354
81.30970764	-69.63658142	-18.15281296	-93.56945038	-115.9886703	-22.17667007	-52.86705017	11.0422821	32.32759857	-46.14029312	103.79291529999999	72.86670685	-220.8740845	37.6310463	-140.1460724	-97.67585754	-60.40445328	-54.45309067	156.4927826	59.85047913	98.6537323	286.69577030000005	46.50820541	52.84719849	-128.0683289	-33.71356964	-34.20620346	-68.62123871
-253.2154846	90.00336456	-9.554304123	42.77468491	-25.21772385	-2.779283524	61.08311462	-99.27263641	75.48226929	-118.66384120000001	176.040863	103.2134628	81.54181671	-79.4046936	-85.45011902	-47.86397171	160.34677119999998	87.66598511	365.9759216	60.56121445	-185.9005432	-556.0287476	3.1796367169999997	82.21460724	-121.1272659	-65.16239166	173.2667389	-126.0274811
-64.49774933	-158.20704650000002	-47.6701355	9.665887833	-143.0371704	32.54711914	-62.61092758	-101.14454649999999	-58.60386658	-44.3068428	60.5069313	131.9609375	-239.9949799	14.58576012	-51.93500137	-39.96855164	96.45124817	63.63062668	376.519165	324.56500239999997	21.10651016	175.3055573	-26.96300507	30.27123642	24.91172791	-136.3652039	-110.77384950000001	-42.39419174
2.7226774689999997	-69.61566162	-71.02449036	91.62442779999999	-144.1410522	-25.84727287	-25.57253075	-17.49143219	-10.94586372	-116.6663513	201.15777590000002	128.42387390000002	-124.7573318	49.09381104	-101.9500885	-14.81429577	-94.34589386	28.07165909	612.3446655	427.7915649	74.36391449	-125.45287320000001	-97.2660675	28.54235458	45.12365341	-121.14056399999998	-120.0231705	-143.7707214
-74.98072052	36.84617615	259.79763790000004	166.9179382	-143.0411987	5.526563643999999	7.20478344	70.37081909	119.11643219999999	10.35433006	74.45812225	74.55163574	-89.86539459	133.0674896	-122.0727615	33.416423800000004	177.1528168	152.54422	108.34944920000001	111.7423477	114.3671646	-39.09711456	67.91201019	181.95553590000003	12.65072536	52.85699844	138.6995392	120.7254562
8.904878616	-166.96899409999997	116.27674099999999	-22.45893288	-167.05128480000002	80.695755	-80.26799011	-100.4889145	45.444091799999995	-76.52047729	135.1358795	247.50610350000002	-207.88507080000002	10.75189018	-142.6344452	-10.19996548	181.9245148	12.25629807	265.46740719999997	65.12460327	-100.5236359	-284.21871949999996	-32.17599869	4.8062663080000005	32.32686996	-98.66990662	-146.6989288	154.51222230000002
64.18978119	35.44110870000001	-36.07986069	-114.2147217	-91.81227875	51.81526947	-78.87114716	-42.74661636	74.0100708	-20.87265968	-8.541465759	-96.03314972	-173.5385895	41.96903992	-73.97078705	16.49005127	90.11506653	194.6936646	-129.00784299999998	-55.63101196	106.92443850000001	0.4216351807	92.40345001	91.47153473	25.27696609	30.30088234	-189.3553772	64.38515472
23.40964508	-10.91415596	127.53952790000001	-88.15766144	41.47315979	75.32266998	37.73557281	116.3129044	8.729315758	-57.74928284	234.8237457	194.6923218	-22.28682709	11.91668224	133.5101624	-30.40592384	228.3680878	110.40052800000001	-121.6565094	-112.979454	41.85623932	81.16924286	78.90741729999999	-92.68377686	42.86420441	-41.68251038	-195.01062009999998	-116.9881897
-51.46641541	-29.68784523	67.54367828	-16.58330536	-179.85466	-0.11082799730000001	-17.16209221	-70.42284393	91.53890991	22.34099007	229.34867859999997	96.26842499	128.1495056	105.4744034	-52.97962189	-74.33399200000001	-57.41887665	-62.66869736	14.36903954	89.42273712	-8.371128082	158.8328094	0.054049625989999996	59.95326996	12.78829479	-61.31840515	-142.64193730000002	-24.36648369
-156.74800109999998	-58.23155594	-230.9606934	-212.8397675	-221.4766083	-30.33224106	-69.15110016	-61.77943802	-83.55623627	-33.21034622	60.97040176	75.13569641	-104.00424190000001	-5.35665369	-99.03017426	-36.47690964	65.47298431	5.165950775	-60.91023636	175.9160156	120.33281709999999	-68.84310913	-71.41648865	113.36190800000001	103.13842009999999	-126.2931595	-19.76506233	-189.3630981
-48.94355011	-29.65278053	-67.63980103	-119.9252396	199.6938934	66.71900177	24.84318161	24.75808334	-6.522053719	-84.01659393	328.53952030000005	220.8955841	-89.51010132	13.24458694	-0.400724411	3.2446651460000004	171.54637150000002	76.75957489	236.1510773	197.4878998	87.18943024	302.0846558	82.42311859	117.8272858	135.8529053	3.590896845	98.71976471	38.3572197
-97.54436493	-145.989151	86.6157074	-199.80389399999999	-186.4480743	17.06737328	-47.64513397	-38.08882523	29.40699768	-33.57421112	124.8381348	47.70960236	-89.19258118	54.32383347	-167.8404999	16.98394394	-90.40422821	-46.26789856	-125.5646515	-297.9169006	-64.67832947	15.537296300000001	69.38294983	130.9922028	-43.33553314	-64.06508636	101.06290440000001	98.31417084
-20.41857529	64.01773834	-232.0509186	-15.98457336	-125.1530685	-48.33174515	-13.19115067	20.88481903	-85.22251892	-144.3911438	-200.9980774	63.64620972	-209.2232971	-26.51184845	-78.26957703	29.80557823	-166.58079530000003	-165.40812680000002	137.83406069999998	87.32299042	220.46340940000002	356.00933839999993	4.079763412	13.7120657	-83.47483826	30.93603706	-69.42794037	-200.5264435
-87.64165497	-225.7342682	-265.4856873	-185.191803	-127.9267426	38.47770309	21.97158813	-13.92430401	-8.766782761	-118.24739070000001	-204.6102295	-50.16392899	-151.18386840000002	-47.63404083	-60.54578018	-65.55168152	-232.21487430000002	-171.76095580000003	60.69493484	38.06768036	23.53068352	78.25590515	62.06433487	35.48282242	-32.80993271	-62.38299179	-163.5462646	-254.9462128
