43.30133438	-41.23312378	44.79269791	1.790714383	-51.19271469	168.41061399999998	-17.20596313	44.99190903	197.269165	376.8301086	98.48652649	106.3961868	85.01241302	72.44187164	-204.627594	39.26641083	-134.4229889	-14.55142117	321.25854489999995	-440.14462280000004	-281.83111569999994	-320.03100589999997	180.6397705	95.31407166	107.93498989999999	-42.10118484	-79.14816284	-175.85644530000002
59.59677887	-60.44186401	46.65522003	125.41374209999998	-37.64207077	229.3583069	-73.03314972	-49.35716629	121.7790604	174.4286499	-0.9039242864	-30.0412674	-19.89767456	-132.7457275	-22.68865395	-44.47574234	-92.49562836	-2.138642311	-639.0213012999999	-48.23413086	-65.13254547	-9.126298904	118.58484650000001	269.43203739999996	81.17180634	-147.53898619999998	240.5606995	150.1108246
-178.8648376	-115.57013700000002	65.94408417	-198.30583190000002	6.172729969	266.1305847	-4.46764946	-46.70432281	30.18992233	228.6566772	-4.01541996	37.21120834	188.6269684	267.7355042	-258.2703552	-261.9104004	62.77536011	-52.10554504	-606.7459717	-227.3472748	-259.603363	-266.2413635	24.51038742	-402.9323425	91.57063293	-175.6198425	-250.7618103	-45.54684829999999
-63.83454132	18.22171783	283.0986023	184.5491943	152.9964905	294.0970154	-69.33560944	77.59088898	72.71386719	221.29487609999998	108.34781650000001	232.60136409999998	209.1358185	196.1920929	-19.78499413	130.8574219	149.9069519	346.61413569999996	-261.1712036	57.56843567	112.2818832	37.35100937	-80.54264069	21.925821300000003	240.72541809999998	68.45757294	241.1307983	11.68651867
-389.4313049	-195.10969540000002	-81.88803101	-200.6884003	158.02784730000002	348.7307434	-50.25988388	-41.45619965	-131.0483093	-141.52319340000003	-20.22186279	82.58782196	73.73770142	-59.20927429	91.10194397	24.15546227	-129.7720947	-194.4619751	-886.4911499	-43.16770935	20.66210556	-22.425741199999997	-459.8582458000001	-598.0541382	131.6079102	-24.20139885	-176.31425480000001	-141.43756100000002
14.70739174	-18.96498871	-139.6585693	-314.4688416	-115.91271210000001	504.4611511	-126.8046646	-8.603610039	-2.834064007	179.1998596	208.0024872	20.81240273	147.3809814	5.759585857	-120.58074189999999	-154.96582030000002	-20.58562851	-146.1545105	-613.8956909	-475.0286255	-28.89513969	-48.71166229	354.2997742	-306.5170898	-59.96742249	-12.69595528	-1.082000494	-384.04992680000004
106.7849045	-217.91018680000002	-40.17297745	-108.10675810000001	60.91069794	194.8146057	-96.78346252	81.67658997	109.83724209999998	196.5013885	143.6426697	131.14575200000002	70.07648468	-19.83043289	67.61727142	15.59288502	130.43394469999998	105.5122528	679.5269165	-204.30126950000002	-281.3392029	-124.56538390000001	298.76037599999995	223.3288574	-21.7710762	-32.34712982	132.33699040000002	33.977314
-183.910553	30.37801552	-18.93179512	13.27464771	84.72119904	357.3167114	218.9990082	62.96014786	-27.56744003	-2.505537748	58.29478836	147.5399475	100.4738235	28.34377289	-3.197077751	-77.96648407	-44.51051712	112.4261017	-27.82420158	-233.23213199999998	-236.6145477	-54.93792343	149.28907780000003	122.11425020000001	141.3888092	-12.90162754	17.09449005	-25.12225342
-156.6066742	-204.2406464	126.9894943	-76.85144806	24.66165733	149.4160461	-55.85510635	-23.43571472	57.60884857	59.16247559	-53.59811020000001	113.90203090000001	30.37811089	5.667471886	41.21444321	68.6631546	112.8137436	-4.069172382	484.0381775	-392.6196289	-180.84574890000002	-297.52349849999996	115.6978912	253.81289669999998	204.43305969999997	-55.35782242	-133.7085419	29.68491745
-152.6010437	-201.3676605	73.38427734	-228.0352936	24.06289291	235.36157230000003	-53.45400238	37.71143723	76.56330109	298.0740051	-58.15360641	193.51390080000002	43.17154312	6.626614094	-60.1318779	-1.094315648	-24.92239571	-21.54283142	44.72486496	-108.53960420000001	-80.11566925	12.77854156	258.10495	-163.1366882	104.7409363	10.49461842	-164.00030519999999	-164.120285
-6.350837231	-163.5456696	22.29938316	117.286377	-16.91560173	235.42179869999998	-45.01568985	-0.3396931887	73.87888336	104.0272751	21.95927429	36.24578476	91.71797943	25.05522728	-47.68632889	-176.1934662	131.2418213	117.1596146	-214.0048676	45.21354675	-29.94282532	101.61656190000001	143.2787476	-3.121997595	-107.92014309999999	-131.690155	141.28448490000002	98.9437027
-301.10437010000004	84.23272705	134.2803497	-235.3474579	39.65111542	301.2799377	-45.99747849	69.1289978	100.30439759999999	435.79287719999996	39.23103333	136.00439450000002	31.79697227	30.17031479	-91.41941833	11.83899212	-64.61026764	67.07532501	-384.15524289999996	-150.77771	27.69780922	-164.36039730000002	-115.29712679999999	312.5463562	35.67034531	6.709383487999999	-84.71621704	-166.9372864
-328.18969730000003	-692.3220825	-10.76537037	-86.12953186	-121.7611771	339.16940310000007	-313.9265137	-197.11891169999998	-223.04067990000001	-40.64115143	122.58071140000001	29.53203583	-18.47195053	-14.59218121	-66.92438507	82.24924469	-62.20649719	-252.4293518	646.0613403	-897.21698	-685.7902832000001	-453.9271851	18.020298	-475.1269226	-88.51940155	-109.50211329999999	-486.80853269999994	-465.02044680000006
-199.811676	-159.7935181	40.44724274	82.49082184	-53.18542099	184.54887390000002	-81.03895569	-35.14810944	-63.52014542	-104.28188320000001	21.77154922	124.2416077	-47.99536896	-48.31411362	11.82311058	115.7722778	-190.2995758	70.23445129	95.08480072	111.98959350000001	-71.40210724	229.34184269999997	-10.05012321	30.28521729	-118.6744308	-45.31124115	-32.98802185	-44.19975281
357.5411682	-307.9716797	28.95005989	-198.8933868	50.99556732	416.95642089999996	42.32958221	-86.89689636	-23.19997787	195.93937680000002	164.390152	393.2095032	83.69482422	110.09505459999998	-131.0746613	-55.73560333	-21.02797508	-155.0408936	164.33909609999998	-255.678421	-100.4421463	-121.2557144	196.922348	-171.7685394	122.7623138	66.40688324	-209.5318909	-123.72521210000001
-188.7095032	154.58201599999998	-103.50668329999999	-518.1552124	207.8232574	342.2880249	27.226716999999997	186.42141719999998	37.06628418	12.70228386	254.7990875	348.32781980000004	101.20646670000001	20.00159645	-150.0708466	-40.86850739	-537.5828247000001	-147.75775149999998	-476.541687	-201.04359440000002	-194.0575104	-132.4732971	-75.95518494	-88.21875	-68.48749542	-111.8404541	-364.125885	-527.8572998
46.86429214	-197.7539978	252.3930511	63.01968002	300.0709839	9.194447517	28.31148338	106.21192169999999	-54.29643631	28.855169300000004	56.10087585	245.88969419999998	31.08599091	25.12091827	-31.13229942	257.9257507	-145.5145874	-109.4908676	-151.75222780000001	-42.89708710000001	-207.15185549999998	-209.32324219999998	-97.31150055	4.500522137	-75.79462433	-90.5094223	34.38879776	221.08105469999998
46.99056625	56.03937149	17.64614677	-20.81025314	-202.601181	319.11419680000006	40.44756317	-14.56119156	34.275177	-165.9313965	178.137085	141.687027	-45.63057327	-52.30947113	-35.24579239	29.17981911	-391.2645264	-94.67444611	291.84481810000005	95.89411163	230.6530151	20.16726303	-73.98001862	141.2790375	-67.06734467	22.060398100000004	-129.9410095	-96.41468048
-115.9626389	-141.1812744	31.29881668	121.47823329999999	246.86576839999998	39.19186783	-94.70262909	50.06727219	-70.28630829	-339.93511960000006	-4.161128998	42.40977097	-114.57513429999999	53.93142319	-98.22746277	79.95346069	-191.82489009999998	-200.73237609999998	211.6602173	-211.4699249	-276.7163391	-20.70689964	-293.2121582	-46.19651031	42.64595413	-94.42619324	16.4725399	50.97756958
-71.04705811	-29.83990669	-102.0411606	106.80275729999998	-52.24035645	158.7900543	-178.3809814	-27.28018761	73.76731873	239.61140440000003	-7.3977389339999995	123.54433440000001	45.35996246	70.82117462	-56.71516037	-151.8610535	-0.0420701541	125.6423111	116.2104034	122.57377620000001	-117.22320559999999	27.35952377	-14.97390747	-126.35896299999999	24.11161613	-54.45361328	-88.85275269	4.623880386000001
164.7322845	-1.4571176769999998	126.36414340000002	19.07467461	-95.48854065	305.74243160000003	-74.65363312	-72.87965393	120.7572632	141.7698517	26.27266502	7.763015747000001	-38.26958466	-69.09645081	-15.79517555	-77.08087921	93.66336823	33.32311249	-118.7164078	122.8559189	-41.39801788	-8.323708534	-0.6054383515999999	-182.4806366	52.76753616	119.27174380000001	-179.82699580000002	48.44500732
-224.78207400000002	-248.68928530000002	117.8853607	-83.3995285	-216.7137756	249.28761290000003	-283.58865360000004	-172.091156	114.4225922	141.4301758	124.80458829999999	232.6054077	-53.06124115	-4.464065075	-99.85835266	-117.81336979999999	86.37596893	-68.686203	361.26248169999997	-123.08609009999998	-82.60441589	-230.26042180000005	70.37305450000001	-319.62664789999997	42.20254898	72.20378876	-161.7475586	-72.65141296
129.8665619	-16.85272217	206.630661	380.9705505	56.78390121	215.339035	-60.2209053	56.23893356	61.11829758	395.2047424	29.37963486	177.29818730000002	31.87357712	26.57697296	7.8139233589999995	118.69133000000001	-48.88301849	57.55854034	463.1711121	103.143425	160.6973419	157.34085080000003	76.23818207	74.34647369	57.71920013	52.1426239	211.1784363	77.09049225
-200.458374	-384.67288210000004	-12.25913334	-145.8468018	-43.7961235	190.491745	-93.22366333	-143.1820526	-58.15050888	-44.18824005	-205.98211669999998	20.60500717	38.57072449	40.40357208	-57.11423111	-63.73611069	-31.32488823	62.19908905	342.8564758	-145.7041168	-116.0121307	-73.19084167	-53.54427338	-410.0437622	47.53733826	116.38327029999999	-344.9153442	-1.034680128
-113.20040890000001	151.03616330000003	300.92739869999997	123.2140121	58.60252762	293.8520813	-31.72212029	80.12509918	-81.35496521	51.25206375	-1.957182884	153.3397522	-15.08919716	-14.15999603	-136.41069030000003	-164.7647705	203.20574950000002	40.50286865	-116.8729858	242.8339233	97.46925354	-195.1724243	-85.16308594	-179.0565948	-32.02392578	40.89647675	-84.46933746	-96.76473236
126.4043884	-76.32025909	54.91492081	165.89851380000002	-19.52895164	234.3388062	-27.406536100000004	1.387170911	57.819561	249.96195980000002	134.35891719999998	313.7431641	15.60498333	43.1501503	-39.22212982	134.5089874	-124.0393295	206.88244630000003	-139.94824219999998	24.52585602	-41.85927582	185.2974701	126.84539790000001	135.8038635	53.51714325	29.66419411	50.07839203	81.79203033
78.53885651	-92.44896698	194.14874269999999	83.08525085	63.38835144	264.6209717	44.92844009	41.45542145	117.2326355	399.133667	14.87937641	213.2374268	-53.42778015	-23.11097145	-132.0116425	-29.42790985	75.57954407	238.6754608	133.9985962	-123.4720383	40.35972977	175.558197	55.3635025	-117.9215622	105.87229920000001	107.4206696	-79.98923492	59.98323059
-10.73417473	109.14924620000001	260.9844971	170.5649261	138.9549408	188.09622190000002	4.920589924	148.01136780000002	127.04999540000001	362.8606873	51.51729202	195.069397	40.49185944	88.08729553	-94.05579376	31.12646484	296.1213684	175.1844025	716.8804932	140.0368958	182.9909515	102.96887209999998	111.26598359999998	-86.18733978	307.8857727	126.9573135	136.2456665	231.40789790000002
-173.7145844	-67.9682312	569.4974976	123.5528564	10.90510273	461.3537291999999	-176.02754209999998	-16.55161285	169.2185364	486.3924255	191.6802368	459.74526979999996	-85.07406616	48.23981094	-164.8813171	-111.5133591	161.2904816	174.9247894	137.8570251	-230.7207031	-125.01263429999999	-259.0154114	202.72775269999997	-42.47774506	67.23839569	80.15023041	-121.4334793	137.67984009999998
223.91961669999998	126.1417313	91.99261475	-140.28604130000002	82.19689941	366.9016724	194.1121521	184.5615845	41.05558014	183.5846405	62.02812958	278.217041	96.92324066	55.56975174	122.7723389	165.1173248	-42.63600922	33.23072815	407.6425171	487.7335815	240.97819520000002	265.28903199999996	163.35987849999998	-75.99850464	167.6615753	98.75964355	137.85943600000002	-19.85706711
-154.964447	137.6347046	171.3925934	108.61798859999999	28.47567368	111.88353729999999	-21.67592621	-67.7756958	72.12541962	228.012619	162.9278412	104.76949309999999	-14.23275375	-4.071144104	95.0795517	149.9441528	148.0151367	255.73542790000002	-186.4574585	96.69334412	92.34429932	-394.0377502	42.80119705	8.778755188	53.10042191	108.8659973	142.1526489	0.7600346804000001
-280.6217651	50.41245651	79.87522888	81.29902649	-80.43571472	104.74499509999998	-134.15354920000001	-119.69253540000001	20.57722473	-110.7079544	111.5149841	92.88371277	-18.13834	-64.99398041	-45.29561615	-298.86810299999996	22.37814713	8.583734512000001	82.74687958	188.7476349	-32.18395996	-209.7129059	-106.02761840000001	-92.54872131	-1.968450069	40.87422943	1.2304223779999999	-124.5375061
-44.6725502	212.3001251	17.85723686	261.2311707	114.9885025	72.95952606	-130.3726044	-2.761192322	18.17464256	154.3519745	-13.83356285	71.93846893	64.77856445	28.01819038	-43.91415405	-135.5894775	33.12496567	81.11029053	-45.31594086	61.45200348	275.43414310000003	-86.55406952	69.89978027	581.1447143999999	73.02625275	-19.39640999	476.06469730000003	176.00752260000002
-315.909668	164.14309690000002	35.08395004	70.25187683	-72.99211884	103.6346436	-67.07379913	-8.154478073	-4.49323082	261.0158997	-126.90747830000001	-288.6924133	0.8455842733	-36.41375732	-150.0109406	-47.90537643	48.91279984	-22.75436211	-280.7536926	-163.6123505	90.72164917	-285.65612789999994	40.42404175	189.2201691	42.3066864	37.75162506	-64.87133789	164.25886540000002
-93.11475372	-289.10495	22.17364693	-200.2960205	-152.5050659	183.5400238	-266.6498413	-179.6544495	14.80240154	139.9392395	-89.24812317	180.16567990000001	43.75870895	-25.99968147	56.73977661	-81.46811676	15.28513145	-57.21507645	17.42583656	4.026457787	57.51000595	-67.24656677	80.79980469	-19.36203003	33.57598114	-205.41777040000002	-68.97689056	2.504064798
-396.6967468	-267.6803284	-328.20147710000003	-263.2157288	-115.03662109999999	266.5115356	-244.3042755	-93.15956116	46.37459946	-40.3700943	-93.41794586	-237.70494080000003	56.76181412	-14.27635288	-33.88381577	-96.42937469	-210.35849	-224.0680389	-1295.996216	-198.2749481	-293.81555180000004	-236.85322569999997	-170.71382140000003	-275.60226439999997	-5.235163212	-97.17868042	-391.13586430000004	-302.78750610000003
-129.4546967	-47.43221664	101.06954959999999	93.37894440000001	-14.88270569	354.7415161	-177.8015137	-176.8553009	74.41472626	157.18524169999998	120.63314059999999	178.1118927	179.2074738	107.46612549999999	46.88585281	26.85402107	35.37062454	-6.01385355	392.98181150000005	265.2017517	116.65708159999998	-215.44380189999998	133.4905243	84.38124847	86.38484192	-30.33240128	127.81763459999999	153.7518921
-18.22813225	11.8317852	85.91545868	242.06976319999998	-18.60805702	96.08781433	-59.63827896	55.08330536	32.17765045	169.50022890000002	-10.689044	67.95748138	69.66631317	19.60035133	76.08552551	25.31404495	75.83137512	34.56384659	252.47599790000004	333.40533450000004	35.62237549	-241.32278440000002	108.0299072	132.5673828	-9.655347824	-0.4946184754	127.23996729999999	-255.14329530000003
