-85.91788483	-130.0378876	181.65832519999998	226.23081969999998	165.37226869999998	192.02041630000002	-79.01294708	68.89279175	17.40648079	237.56633	122.3437729	242.03125	45.25366974	115.017746	122.89742279999999	257.5023804	-89.3256073	187.4346619	187.9300995	273.57870479999997	-30.095048900000002	211.97760010000002	60.29515457	-9.507912636	76.9376297	-14.20677185	16.92717743	-95.45519257
148.8093719	223.00331119999998	175.31427	257.7760925	72.04862213	124.65056609999999	126.2009125	399.34918210000006	103.15640259999999	84.14409637	-57.69792938	45.96918869	13.45981407	173.2135315	49.74308777	144.9516449	149.3110352	114.9593811	149.77938840000002	73.077034	-78.23429871	163.2757263	-4.818909645	-27.40887451	85.98378754	39.31162262	134.6487885	-99.87554932
-75.07708740000001	-171.4431305	15.64450455	-75.30480194	-99.16873169	88.85869598	-98.30766296	-286.7591248	26.19090462	-146.24058530000002	117.51643370000001	151.98114009999998	-75.76977539	70.68753815	-135.2811127	12.76122284	-171.6014404	-105.66416170000001	-5.680107594	-435.71328739999996	376.5395508	67.40189362	56.11474609	-138.88943480000003	23.79206467	54.16126251	18.06469345	40.40287018
16.18963432	216.181427	534.8873901000001	242.3363037	-37.32839584	210.28685	120.500473	62.18117905	24.05553055	269.70779419999997	116.12930300000001	263.78601069999996	119.3718185	181.86965940000002	24.69231987	180.3066559	430.83410639999994	451.5407103999999	-220.3873749	-85.66862488	155.15682980000003	93.84500885	172.5315094	73.02385712	106.58947749999999	41.55323029	-14.19373608	118.1844482
-481.33184810000006	-117.08790590000001	-103.92349240000001	-41.40196991	-55.0292244	9.196788788	-73.11008453	-64.51369476	-163.9120789	206.729538	-69.68740082	29.77370262	26.07311821	252.0107574	-105.2125473	-41.03134918	-42.4078064	-41.651786799999996	167.436142	328.19036869999996	-0.9803864956	-244.2457123	-83.60731506	-90.9094696	12.3662405	23.04504585	98.51993561	2.9365472789999996
55.32190323	47.17590714	72.97685242	247.32348629999998	143.1539459	102.1450729	95.03643036	605.0991821	31.5308876	275.2321472	-4.192504406	231.5351562	58.30134201	-52.69320679	30.17516136	170.24473569999998	29.48215103	293.69543460000006	53.49677277	257.3111267	131.58845520000003	17.12414551	-121.5840683	-9.188274384	-2.294316292	58.99197006	18.67594719	119.9100342
107.19232179999999	173.19207759999998	28.31676865	40.43700409	31.69523239	139.97494509999999	54.47209167	-27.08942223	107.1994858	117.24424740000002	89.97052765	137.4744568	39.33998108	155.80293269999999	-142.5735016	63.44927979	71.08427429	183.72061159999998	46.63572311	62.58867264	-15.56739998	99.75452423	46.17548752	4.824800491	13.20388985	126.5766983	13.38904285	193.4749298
-201.5053864	-147.7908936	-118.8867035	-6.645389557000001	117.99880220000001	0.14534759519999998	174.12910459999998	503.2798462	-78.96907806	196.0873566	-66.29846191	-71.59657288	-17.68957138	119.622879	-40.31649017	50.85900116	48.13113785	10.35162354	139.4281311	91.93822479	51.35853195	-175.1541901	-206.4920959	-198.1016846	-9.424366951	6.196483612000001	98.98168945	-134.0302277
48.54957581	14.22159195	-10.34251785	117.29441829999999	-15.28965282	47.11073303	63.67166519	-144.7923279	21.77655602	100.73223879999999	52.81354904	190.85812380000002	57.34576797	189.9164886	-165.8708038	117.43262479999999	130.8881989	255.7842255	24.79124451	-118.28229520000001	183.8362732	113.4101105	115.7827835	-3.2670538430000002	90.01241302	-68.25746918	-87.39364624	81.84872437
-138.82925419999998	-173.5534668	105.3798676	114.3226852	-151.98034669999998	16.76872063	-241.70060730000003	-208.3877563	-20.08860588	-30.52008629	-75.3828125	42.32335281	-50.35255051	155.5510101	-128.0652924	-116.7418747	-52.42588043	45.38909149	166.6079865	-183.594223	-85.04903412	89.44178009	152.905426	19.18690109	-59.49177551	-20.09116745	-98.3110733	23.51668549
93.66424561	-184.3945618	-290.057373	-107.59765619999999	-57.64165115	-63.9365921	-102.9334412	-212.6912689	-52.04713821	-3.037670135	-89.48544312	-25.47154808	-0.8297320604	-7.868340015	-79.46448517	-2.6984674930000003	-52.50009918	-226.19760130000003	103.2868118	52.62135315	-73.5406723	-119.9673615	-95.19190979	-40.71068954	-58.204578399999995	-145.5286102	92.22709656	109.8767853
-318.1721497	81.3862915	-39.52550125	-73.92528534	74.75067139	-0.5676895975999999	120.2727737	282.7416992	-118.55414579999999	97.01269531	-67.44321442	29.96051216	-109.43007659999998	46.08696747	103.2382584	182.3821106	-172.79214480000002	-9.910935402	-332.7547913	-198.2271729	71.27259064	-52.57541656	-355.02444460000004	-59.76421738	149.1593018	-41.25301361	48.54427719	-21.363788600000003
28.91110039	-130.5287628	151.697525	91.87294006	-136.6191406	-48.3824501	-122.4547043	-308.0132141	-30.66067123	-93.72625732	-62.05770493	-63.73730087	26.03555107	137.8131104	-310.6261902	196.7244263	209.5796661	5.1012468339999995	96.93551636	-40.15530777	-114.28160859999998	109.91729740000001	374.553009	141.8344727	64.22315979	7.000415325	-111.0823288	63.3535881
56.41698837	156.6684875	340.2555847	185.13058469999999	-70.81009674	-19.12078094	-1.824484229	-8.910655022	87.03908539	-78.49784851	-253.936554	-166.70050049999998	57.78810883	43.54391479	-95.51233673	86.00292969	185.3162231	241.6527252	-256.98056030000004	-233.201004	199.92510990000002	133.07272340000003	121.414978	125.24330900000001	69.83454895	16.60086441	123.14024350000001	-25.94420624
-169.3627014	180.9914398	101.1952438	-53.52413177	-231.8626099	75.83074188	-40.6224556	-239.97155759999998	98.18470764	162.83209230000003	-73.17935944	-53.85950851	-71.0352478	-43.91079712	-138.07504269999998	-77.23498535	142.92558290000002	213.7773438	120.4738541	-13.895555499999999	83.69417572	107.2480011	-142.7855835	-25.57136536	148.5835876	11.74857807	-256.30462650000004	-87.08800507
-16.86071205	-120.8527985	26.38512611	0.6848849654000001	-214.4466705	-93.64186859	-100.83428959999999	33.93315887	-195.6175232	-83.78173065	-73.03890228	-134.42967219999997	3.0952675339999995	90.44017029	-179.2417603	-90.20815277	94.80435181	-9.165477753	86.15795135	8.119542122	112.2200623	39.18181229	13.44872284	5.844241142	-31.14189339	-131.7102203	23.81411552	-17.16973495
-115.59544369999999	-126.90567779999999	-103.529953	-131.8892822	-37.58737183	71.12548828	29.78523636	-114.1115341	-36.9804039	-61.24002075	107.8670044	-145.40493769999998	-161.52793880000002	13.39111423	-30.86702156	-12.20370579	-18.93387032	34.09523392	-111.602356	-85.7798996	-128.87107849999998	-29.57158661	-201.1869507	-16.059152599999997	50.63178253	-55.21350861	1.6404595380000002	52.6660881
-188.40383909999997	-115.73767849999999	184.4084625	27.70719147	-33.373703000000006	13.51636887	-110.42733759999999	-10.98712254	29.23538399	249.19746400000002	13.21589279	-125.15117649999999	-164.5057526	132.0219421	-343.594696	-69.10578918	39.12751389	205.3456879	-256.039856	-169.69909669999998	-316.1592712	-207.4391937	-294.625	61.27050781	-86.46389008	-34.10295868	-143.3473663	54.43689728
-62.41110229	198.9344482	184.5490417	-47.22691345	-139.62780759999998	81.69965363	-2.286602259	-101.88619229999999	34.97974777	89.31027985	33.88271332	85.36150359999999	82.53790283	104.09685520000001	-53.56088638	95.40603638	298.53860469999995	287.9995728	262.0820007	173.43121340000002	-92.83955383	58.06864929	48.74123764	53.10123825	89.62359619	39.69037247	33.3983078	50.26915741
-190.6771088	-136.5041504	-119.1932907	-244.91246030000002	-57.87824249	-137.5737915	-180.35844419999998	-143.7905579	-35.95188522	-162.5840302	70.44881439	32.668552399999996	-211.304245	-252.7230988	-58.37834549	-134.3999329	-120.0234146	-110.13816829999999	-321.0123901	5.779950619	232.2859344	-34.36920166	-234.809494	-20.06451035	-40.5441246	-142.65744019999997	53.21802139	190.8004456
-250.6708832	-189.6371002	69.13110352	-292.644165	-200.3581085	-173.5908966	54.2713623	-188.3343506	-51.36297989	114.4013672	-73.76408386	-80.04064178	-63.65882492	-58.93246460000001	-162.10574340000002	-61.8170929	-154.2549744	48.02529526	239.46820069999998	13.71313763	132.2224274	-19.72529411	23.84248543	124.63207240000001	-150.9088135	-41.62340927	18.06504631	-69.00486755
-101.9298248	30.51800537	-155.7597961	-98.34474182	124.7830658	116.80138400000001	14.80100632	-216.78324890000002	40.12359238	112.1762848	60.76369858	-163.8678741	-183.2024231	18.46086502	1.557375789	-34.83201981	11.26653194	-125.35215759999998	-204.9313812	-249.7466736	143.75518799999998	19.1755867	-286.5593262	-93.27216339	-149.597702	-65.95153046	132.26483149999999	139.7044067
165.4283142	-267.3809509	552.9068603999999	311.69589229999997	-20.98185349	-27.16321373	91.27323151	-71.83242798	91.59306335	68.17512512	-30.80989075	-18.71135139	-17.17132759	-108.10164640000002	60.19233322	133.2896271	244.109848	346.5058899	-15.52967548	261.1046448	87.68351746	324.8732605	447.14437869999995	22.84819794	78.2381897	-95.15450287	76.62068939	376.3808899
-20.86318779	-132.4625397	43.20849991	-137.36198430000002	-67.00386047	-21.11079597	-25.312994	-212.73904419999997	-27.93790245	-159.1482544	-128.5608368	-106.2727737	-77.3628006	39.35645294	89.194664	-164.305603	16.34450722	-118.74369809999999	-20.02403831	-338.7894287	215.30920409999996	22.450971600000003	287.6549988	-46.45994949	-173.8127136	-164.03660580000002	-39.73785782	-31.74863815
-362.0451965	-296.43249510000004	-445.0694275	-578.0115967	-224.87670899999998	-233.14418030000002	-191.13836669999998	304.02868650000005	-120.05635829999999	-314.5610046	-3.00483346	-136.4894714	-130.2302856	54.11266327	-358.66400150000004	-74.19652557	-507.54821780000003	-535.8483887	-307.43823239999995	75.77084351	-19.61654282	-233.0747528	-474.30654910000004	-175.13412480000002	-137.7548065	10.60519218	-76.65267181	-221.64079280000004
