395.9815369	-549.1781616000001	-185.2006073	-114.5708694	-170.2290649	7.137414932	-59.15797806	-211.22821040000002	-117.9443054	-219.0086517	-60.07820511	-81.13270569	-99.79787445	2.719959497	-209.471283	-94.99037170000001	-187.9754639	-87.8400116	23.79773712	161.56265259999998	56.39687729	364.06265260000004	-139.35966489999998	32.0728035	-70.95294189	-85.45841217	-135.23956299999998	31.463611600000004
-83.90685272	214.10713199999998	54.137145999999994	-204.5018158	-35.93884659	67.63011932	-64.35518646	-104.88666529999999	-29.74014473	-75.58647919	52.81133270000001	-31.00851822	-36.12031174	-37.03853607	-176.6312256	-263.82754520000003	162.49491880000002	-34.76237869	129.4660339	-65.86352539	-198.18807980000003	-322.6860962	-27.64240646	197.3118439	-122.7927017	-202.38717649999998	-132.74263	35.06137085
112.6148071	52.35374832	11.10168648	45.24668121	-61.81964111	47.69857025	30.634941100000002	351.73526	-27.55176735	140.6097565	-9.865568161	39.64709473	-82.3629303	-39.3482666	-160.97654719999997	-69.39057159	-81.04082489	-123.37509159999999	56.99011612	5.119925976	292.3869019	16.45471954	128.74676509999998	90.07077789	-21.71475792	-48.89226151	-38.39169693	113.438179
333.1817627	-181.96401980000002	163.9121094	200.2131195	-90.29309845	37.66360092	34.34601212	164.4297333	-179.97735600000001	133.35403440000002	-95.20706940000001	-23.79099274	52.62793732	-63.34159851	-62.30714798	-51.06324387	20.5109005	-34.93483734	-123.1036606	72.42864227	433.60565189999994	158.96096799999998	68.96483612	-25.46816826	-144.2167816	-77.07440948	62.63540268	48.84997559
-219.80523680000002	8.725135802999999	137.54106140000002	41.13306427	-60.68098831	184.3963776	-80.55735016	-10.03533649	-117.9414368	-25.92147064	36.14056015	78.54418945	-8.74161911	-82.22113037	-36.14727402	-196.1371155	31.51468468	-14.428895	-89.36551666	18.39064217	112.3911514	12.71490383	16.55872917	93.62713623	-162.30796809999998	-22.53811073	-25.22641754	-22.38482094
326.729187	-322.1755676	-207.3621368	-235.6920929	-180.5431824	-9.588897705	-107.89398190000001	13.2384367	-150.2375031	-318.5338745	-45.84887314	-62.44793701	-32.22512054	-60.50288773	-72.18826294	-185.7118225	-196.9829102	-349.8700867	-140.28372190000002	90.22232819	450.0855713	162.02474980000002	-233.99458309999997	-197.1858368	-146.4256134	-177.8815918	-68.27640533	-12.74485683
217.2372131	-0.6436996460000001	83.06204224	32.62759399	-110.1541824	10.7809391	-159.11979680000002	84.18278503	-41.53219604	-129.5569153	108.7862778	32.29003143	-69.59833527	-22.11965561	-202.2438812	-104.6192856	22.42449951	-165.7200775	190.1018982	93.61733246	81.23797607	-365.5652771	-96.67019653	101.6632462	57.60807037	17.75991821	-9.171913147	115.92112730000001
349.0909729	64.73899841	81.08687592	-22.84927177	14.9704361	23.4272995	148.5483856	264.91787719999996	-61.75031662	171.872879	70.85062408	107.77318570000001	-26.07717323	-60.45705414	4.846777438999999	-57.15419006	32.57102585	-73.57220459	-24.89147186	-4.6969499589999995	134.0167999	-40.33153152	79.02747345	20.88066292	-141.15797419999998	-73.65558624	-49.08528137	136.8701782
-145.5149994	-139.3812408	-42.44611359	-74.97324371	8.821667671	172.7719269	167.3346405	59.623027799999996	-46.13996124	-43.35665894	107.9422913	101.55858609999999	-82.42582703	39.33129501	-152.1590424	-153.9242401	24.53197861	-117.4703217	-75.52164459	-215.9103699	875.963501	521.2811889999999	-120.20392609999999	-309.85311889999997	-20.56319237	-147.18070980000002	-46.59182739	47.51366806
291.3284607	39.09667587	100.7847443	95.71494293	19.89449501	75.00019073	-69.7440567	103.9527817	-4.99718523	155.5751801	116.88374329999999	155.4784698	-129.72267150000002	-47.99595642	-26.343515399999998	-59.99807739	13.715025899999999	139.26130680000003	-10.17099667	-81.09766388	120.08535	248.51336669999998	43.41062927	6.369935036	-135.2802887	-1.341777444	68.57567596	-9.78690052
-142.4046631	-178.0042419	220.2273254	118.810791	-159.5410309	74.20781708	-138.70668030000002	1.791857839	35.33061981	-38.11422729	54.46873474	27.36506462	-109.0007172	33.41214371	-167.0876007	-71.03201294	-117.8953629	75.45497131	-81.09592438	-111.9592361	509.6252747	568.0195312000001	-188.6100311	-116.057045	14.251647	22.31838799	-27.09267807	-106.6409912
247.3436279	-136.7970581	-151.0814819	-218.5277863	-178.59414669999998	-142.491745	44.97983932	-4.467878342	-197.7438965	-43.11438751	-107.4808273	-79.25684357	-20.37487602	-74.77252197	-194.3241272	-266.8710938	-203.78527830000002	-289.1586609	-215.45515440000003	-91.95867157	-44.25919724	-259.5869141	-131.1425476	-89.54538727	-264.82061769999996	-151.6700592	-246.99211119999998	-109.416954
130.6300507	24.8340435	-191.0751343	-142.37162780000003	-37.42286301	61.54483032	-59.29731369	-24.46158409	-108.90560149999999	-53.81274796	-73.34962463	-160.8786621	-66.86376953	-44.73426437	-151.459198	-177.17184450000002	-19.40056038	10.36100006	-2.126441479	-108.92362209999999	282.3811951	197.2820587	-180.3981781	-125.4444199	-84.63200378	-159.2528687	-29.19403839	-6.137894154
168.97183230000002	-95.11127472	68.47335052	203.7501831	-139.094223	21.47006607	7.076369762000001	78.70513153	41.93903732	186.29081730000001	142.5412445	168.050354	-41.91810226	11.58594608	-245.85290530000003	-113.45079799999999	-100.239502	-8.363359451	-21.10182381	-34.35198975	194.1163025	43.14824295	30.22068024	-3.14640522	82.50312042	12.27431297	-155.1429749	83.01519012
-589.1317138999999	322.048584	-504.1097107	-459.65295410000004	-387.6686707	-146.7989655	-195.17195130000002	-203.39851380000002	-35.33869553	-28.59257507	-48.89727402	-16.20026016	209.97448730000002	-49.78510666	-206.22027590000002	-183.1583557	-270.692627	-339.612793	-300.67517089999996	-111.48457340000002	33.30273438	125.66678619999999	-15.39162922	-217.6762543	-170.10470580000003	-200.9418793	32.87982178	-162.75032040000002
87.10536194	200.3521576	69.06416321	-108.42538449999999	-68.05395508	90.71309662	122.10243229999999	180.92828369999998	161.5920105	-1.075767517	64.41146088	223.5169067	25.84339333	160.39038090000003	-142.28508	84.55496216	-1.4704988	-38.43021393	-10.89992237	152.81352230000002	-68.18487549	-571.7637329	54.52706909	-127.0385818	183.6058655	50.74731827	76.26824951	-188.8405762
181.42289730000002	-173.4606628	-317.3825378	6.926579475	-130.92988590000002	-128.95664979999998	-9.748764038	-104.3939056	-157.849823	-55.69729233	-108.78115079999999	-182.1089325	-107.2198868	-106.02734380000001	-73.4108429	-111.8881378	-167.48487849999998	-115.64727020000001	-8.105887413	183.94438169999998	-276.4893494	-229.8358765	-218.90246580000002	-2.2956640719999997	-248.11135860000002	-184.03625490000002	-54.45194626	150.1371155
2.494344711	-169.51402280000002	-62.11733246	-4.126981258	-102.5045242	17.53125954	1.3851343390000002	69.5224762	11.74228668	-130.99223329999998	-45.58770752	-100.80507659999999	-68.69887543	72.44843292	129.2370148	-104.14730829999999	-22.19475174	47.03865051	14.9721489	294.50354	-183.8727112	63.95365143	-12.54022312	-41.70004272	-65.93826294	26.43480492	236.7760315	132.32852169999998
75.69486237	-360.5484619	-164.0292969	-93.00218201	31.67354393	-33.77066422	-81.92845917	-107.730484	-206.5185852	-188.4243011	-70.11466217	-88.36724854	-33.90113068	33.0375061	-6.697460651	-183.1966553	3.092399359	34.26539612	103.7066879	-63.24657059	236.42196659999996	119.2270432	-343.3005981	-146.51675419999998	-113.9081879	-93.13580322	-64.30940247	133.2889557
-28.96241379	184.08625790000002	-61.35413742	-55.50109863	-99.9099884	-187.2580261	-299.87304689999996	-49.52524185	-97.80136871	-1.615864635	-153.283432	-282.4721985	-98.08159637	-43.74322128	-218.9768219	-127.7605209	-96.46247864	-140.7738495	84.33927155	136.2056274	386.6851807	-95.40763092	-60.73261642	11.87110519	-106.7900162	-139.23121640000002	-53.38709259	59.18848419
1.921341062	-296.1363525	-11.10853863	-125.94832609999999	-38.06175613	48.03648376	-70.282341	151.8819733	-137.5411682	-29.630683899999998	73.63887787	50.07543182	-70.57845306	15.38516617	-36.31867218	35.21840668	-187.7737732	-320.2521362	-26.88604164	-37.24773788	-6.482627392	-57.60540009	-359.44982910000004	-129.07543950000002	-50.57332611	-34.42464828	-219.384079	49.03139114
383.9573059	-302.336731	27.59602547	57.54872513	-144.3264313	5.430929184	-10.50698757	77.32498169	-89.22874451	-14.53135109	-61.1242485	-84.09423828	4.638796329	-2.4476783280000003	-170.54364009999998	-38.43115234	-102.8379745	-25.47546768	-19.14662933	48.61507034	220.110733	91.15426636	-30.32494164	-58.94648361	-104.06461329999999	-169.9853821	-67.57851409999999	39.83298874
-241.02510069999997	63.79982758	-258.61853030000003	-287.6966858	99.80582428	-8.613238335	44.01319122	10.72489548	-21.15357971	-42.93472672	40.97141647	69.4103241	-60.88341522	65.14193726	-69.06343842	107.1290817	5.957038879	-219.7543182	137.3630219	56.47784042	-145.39099119999997	-637.5671997000001	-103.4557037	-100.3804016	61.57157516	72.57698059	42.62674713	-71.94373322
-479.40844730000003	407.127533	60.1570816	117.68822479999999	-70.54429626	48.91009521	-146.6538696	348.08068849999995	48.47661591	80.10469055	73.00223541	50.25587463	-41.57860565	-77.42324066	-171.44090269999998	-124.06414790000001	-31.97768974	-27.43203354	82.34819794	23.29161835	-282.9717712	-419.59170530000006	2.828246117	30.99396706	-69.71503448	97.99126434	-121.78759	108.07258610000001
98.40033722	-69.1654129	130.7726135	18.14874077	-99.29196167	61.27359772	-144.4888306	195.0081482	-11.34629726	6.027042866	110.654129	43.19726181	8.776117325	-13.87892151	-84.51271057	-86.61693573	57.21264267	-47.03697586	-84.64433289	14.546265599999998	-186.2963409	-28.75332642	-206.9493103	-118.5263138	-24.93338966	11.66796112	-239.41224669999997	40.43317032
-316.7897339	309.7714539	-252.3354645	-151.1418457	-33.68455887	186.25558469999999	87.40982819	262.0131226	54.83844376	-69.74107361	235.10217290000003	180.804245	-95.95375061	23.38287544	-131.32264709999998	101.0037155	-132.8856354	-97.88379669	-13.33103561	-96.96033478	456.43267819999994	-116.13021090000002	-134.5189514	-184.93678280000003	-16.50488472	-45.57965469	-31.66324806	8.294993401000001
-778.1346436000001	242.6412506	-117.21531680000001	-45.34258270000001	-53.38341141	153.19998169999997	88.06565094	-552.8233642999999	115.8758392	-219.6345062	114.52777859999999	213.37229920000001	-57.8421936	56.06068802	223.277359	187.2095032	19.82587242	-36.24960327	-411.0431213	10.23226452	-128.404068	545.9083252	-31.78427124	-279.50888060000005	25.37342453	113.0623398	-203.69650269999997	-197.6070557
17.07139206	25.08649635	-195.9912872	-152.3060303	-111.73122409999999	-62.06851196	-22.20419502	-91.63886261	-46.16236877	-339.04382319999996	-151.0805664	-64.3976593	-206.02062990000002	-231.584137	-24.17471504	-101.2154541	-28.76203346	-237.02326969999996	68.35759735	-17.513261800000002	-184.02354430000003	-786.347168	-164.8468018	-370.7634888	-180.16151430000002	-86.31471252	-40.27906036	-48.56067657
-142.9252319	176.6089478	-160.2893219	-276.236145	-39.94629669	130.7751007	-85.19034576	-103.54336550000001	-31.49989319	-71.82811737	109.24772639999999	-135.6705322	-44.05775833	-50.70480347	-65.22831726	-109.33192439999999	-72.57816315	-222.6134338	-10.796978	-268.4835815	172.53909299999998	645.2168579	15.62847519	-170.3492889	58.91402054	1.8109707830000001	-77.58009338	-9.569791794
306.53936769999996	-10.89757442	97.76276398	-50.78645706	191.0106506	94.73392487	36.30251694	362.53128050000004	-16.84163284	-168.8500214	184.97993469999997	-45.06632996	-73.56704712	-4.268755436	25.95069313	-13.340662	209.19567869999997	118.3217926	79.59989929	183.0873108	222.10447689999998	35.51150894	-181.5944977	137.7541199	-74.23962402	-8.793946266	9.681477547	-15.95648479
-207.9481049	8.12669754	-50.92752457	-112.894104	-145.7741699	41.11244965	-162.2423706	-258.8964539	-94.91170502	-188.4576416	181.6525269	197.1449738	-47.59828186	-72.71708679	4.612149715	-11.09244156	-134.8937378	-129.48074340000002	85.28324127	-46.26651382	413.538208	174.0511475	33.76509857	-142.9032135	-70.38354492	31.77649307	45.21525574	-40.58415222
375.9449768	-120.18235020000002	-17.03043556	-89.71936035	53.05654144	133.0187683	-5.7102832789999995	177.96871950000002	-18.75932503	-114.0139236	326.16705319999994	330.73165889999996	0.9990641475	83.79907227	16.2189312	64.31281281	-68.05696106	-36.390338899999996	81.49981689	-30.32388687	551.5157471	142.44909669999998	144.1710205	-119.64888	194.3248291	83.0102005	175.9364624	26.19685364
345.269104	232.9201355	117.5353622	-21.52352715	-19.47610855	-71.38439941	279.9467773	252.72451780000003	61.68442535	149.9243774	81.43748474	-52.62921143	-116.6849442	-174.945694	-18.27903175	-4.091473579	145.9838409	-63.14030457	55.25355148	263.3649292	-395.1524048	-759.1594238	-59.15459061	1.1420967579999999	-39.60992432	-45.0308609	-43.51783371	212.95477290000002
145.43786619999997	138.9556427	29.51531219	-77.72594452	45.73749924	-79.60540771	164.0582886	342.0439758	1.928958535	-19.6528492	-22.48984146	-6.8259878160000005	-56.97459793	54.42666626	-19.67222595	91.83374786	-164.77905269999997	-77.77075958	-59.76311493	14.312876699999999	353.82482910000004	272.2015076	-97.95848846	98.39305878	66.45575714	146.5528717	38.31059265	-9.675312042
227.2995148	-76.29333496	-114.5908051	-91.29815674	-105.60596470000002	-30.04979134	137.282135	187.305069	-31.79024315	113.76908870000001	59.80408096	70.14234161	3.277597904	49.70423126	-109.65278629999999	-142.0531921	-70.56244659	22.33961296	99.55484009	-80.10413361	322.502594	108.96807859999998	-49.36127853	41.69860458	37.67750168	-19.72294044	-87.73652649	-40.05258179
-307.2857971	295.8098145	-60.315795900000005	-195.35153200000002	73.82427216	195.2367249	22.95259285	-31.53204918	-77.33860016	-181.8657684	-285.713562	-316.7829285	-66.26939392	-59.45365524	-46.9643364	-63.95876312	-33.05376053	-151.71499630000002	28.81310654	21.59484673	-82.86140442	75.68740845	-228.95910640000002	-221.37026980000005	-49.96137619	-203.4549561	-63.84992981	-42.83267975
74.37453461	-58.03418732	-311.6710815	-194.2487335	161.7020111	-42.25105286	-40.10876465	-128.4848633	33.54948044	-192.29968259999998	-174.2855225	-115.57035829999998	-21.35775185	-150.61425780000002	108.722908	-92.66623688	-79.69631195	-4.351261616	92.29692841	-261.4305115	380.62347410000007	398.151062	-82.95824432	-221.631546	-8.24106884	-192.1366119	-128.4232483	76.14933014
-207.3710632	-177.059906	-98.04416656	-46.64477921	135.0223694	-19.93933678	-0.5986834764	95.76771545	-49.47252274	-54.21248245	-147.3224182	-42.70558929	30.08127213	2.305147409	-47.80849838	49.9667511	-45.87649536	-112.8241272	-84.43685913	-32.67960739	240.27511600000003	364.34631349999995	-155.7431488	-147.5322113	-4.37462616	15.13678551	80.14562225	32.65391159
37.19874573	54.59502411	350.7563782	161.423996	-14.87881184	57.17371368	-6.048949242000001	-129.2147675	-49.02837753	6.993438244	89.02872467	119.03929140000001	69.06015015	-10.48361874	-20.53673553	39.64132309	-29.27221489	45.76467896	-3.199677467	-9.954131126	376.3061218	220.9611206	-67.57663727	62.67903519	21.74833107	-13.05634975	25.22933006	74.42136383
260.6421814	81.51602936	-128.1905975	-46.27236176	35.07867432	-11.54873943	46.40130615	-26.8336544	-22.83457947	-47.04220963	-22.60597801	-118.6207123	48.87015152	68.80309296	98.95962524	-12.06777763	-22.23026848	-50.82752991	119.03371429999999	40.48718262	57.50113678	51.54415894	-135.49391169999998	-154.786911	52.82450867	-70.12171936	-37.73426819	109.7537689
-100.32590479999999	522.7149048	180.3898163	51.76199341	217.9588776	157.43937680000002	200.93717959999998	561.4233397999999	34.85947037	132.4237213	223.629425	209.5058289	-63.74187469	162.7914124	149.26173400000002	125.2127838	7.793389797000001	-30.79258156	0.3233799934	152.1902161	-163.376709	-639.9117432	-49.76048660000001	160.1554108	164.916214	133.2997894	140.2558899	83.9969101
-243.3711548	314.3312378	-8.750819206000001	-114.3856812	-200.0944977	-30.78574181	36.98616791	95.98667908	49.36998749	-200.3091125	-75.27632141	-146.27946469999998	-57.77579498	25.30381966	-65.54510498	-161.18739319999997	26.41694832	101.35929870000001	47.02225876	-18.99531364	-42.91399002	-445.89462280000004	-73.31846619	25.89286041	-25.57888794	113.56461329999999	-23.76404572	-111.81201170000001
255.379715	-158.77265930000002	34.38233185	-176.7278595	-41.54316711	31.793630600000004	181.868454	403.04684449999996	-117.85037990000001	55.12164688	126.9574051	0.5332770348	-8.220732689	-70.64969635	-43.94498062	-128.9395142	-66.14851379	-247.62144469999998	2.404986858	92.54579926	-92.35243988	15.21083736	-33.00148773	-48.35234833	-84.04842377	29.18679619	129.71606450000002	1.1924749609999998
-146.89562990000002	-2.775453329	20.39836693	-99.01490784	-6.1632995610000005	-14.36749554	81.65345001	141.1042175	16.94856453	140.8595428	34.97577286	24.83962059	-26.40214729	64.24481201	94.52415466	45.53274155	-39.20403671	-70.8719635	-15.21826839	235.54205319999997	-243.4299164	-207.23526	-207.1956482	-43.4290123	-76.03529358	-48.99543381	143.4395905	-1.707918644
21.05677986	177.8430176	26.79349136	-16.52024269	-109.94010929999999	-0.08787240832999998	107.74144740000001	-78.47376251	-114.3624496	-131.6410675	-186.3570099	-168.2373505	-153.42156980000001	-84.07277679	162.40917969999998	33.09287262	68.74273682	-164.9202271	114.6778946	156.89059450000002	137.4716187	-222.9086761	-227.078125	-20.38702965	-114.3734207	-159.81242369999998	121.01750179999999	182.7429962
373.9281921	264.8766174	-29.63901329	23.37338829	67.04152679	24.51632118	-29.02772141	262.8029785	-35.70993042	-228.100647	-5.816319942000001	185.0303955	9.53979969	210.3276215	138.7036133	203.168396	62.13879013	-62.37376404	29.77894974	-92.3237381	350.7741089	152.4417114	-173.58569340000003	-245.5812531	127.34736629999999	33.813564299999996	-53.40868378	-110.3781357
6.379095078	243.1654358	50.68740082	15.34835625	-81.31437683	-52.67102814	-14.46444511	-166.0766754	-28.81633759	110.62359620000001	-2.706402302	-93.3695755	-19.27215195	162.96968080000002	-4.650208473	-77.00309753	22.47550392	-90.27265167	-78.36282349	50.49549103	21.15121078	283.2303162	-29.53424835	111.91754909999999	91.73260498	-10.98960686	69.40421295	-35.80979919
94.05438995	120.116951	-113.31653590000002	-112.0246811	-184.2980347	42.54378128	210.7800751	62.23592377	6.704758644	-63.90254593	-172.8056488	-116.54066470000001	-6.437565804	32.43863297	-224.58041380000003	-120.2469788	-115.2381439	-0.1897239238	-37.41387177	-23.66829491	312.60867310000003	259.7937927	-108.83120729999999	-131.35897830000002	-34.10987091	-82.13935852	-107.39266200000002	-8.115352631
233.4528351	-189.6390686	-0.20011600850000003	-316.8870239	-128.4309082	-73.01502991	-100.01795200000001	47.04932022	-62.51128006	49.14945984	-53.62082291	35.28297043	-83.78981781	-67.73542023	-268.3879089	-134.6712494	-127.3886871	-93.93498993	14.81221676	-105.77163700000001	124.0664978	68.84667206	-30.04745865	-179.214035	-7.7912631029999995	-67.62567902	-286.2142639	-117.74095919999999
-187.8793488	292.26470950000004	260.5688782	409.1730652	5.3172087669999994	-37.13404846	109.7632294	161.1989288	-26.51412964	-51.9318428	-59.12164307	-22.61564064	-1.017351627	82.03160095	294.3708801	-0.6042644382	7.72451973	1.677459478	-63.95893097	-0.9438235164	-40.57822418	-62.93414688	11.24609756	-160.5905304	25.63389587	2.7025301460000004	251.2225189	61.93977737
-38.34981537	321.3674622	-125.210228	30.47329712	27.68640137	17.6076355	73.56990814	49.89599609	-38.66269302	-195.6672668	-22.32853889	-85.8662262	-117.93359380000001	-45.45637512	70.49887085	-124.0323868	5.645617962	4.432937145	40.990215299999996	230.0219727	242.1940918	-296.9664917	-137.459259	-32.40236664	-130.440506	-17.26907539	42.8833046	-5.519400597000001
28.49483871	20.61084175	-71.01530457	-142.9289551	-138.81723019999998	84.5249939	58.01371384	-17.7495327	-119.5643158	-108.30641940000001	-175.26231380000002	-267.6001892	-144.7927856	-125.85777279999999	45.98648071	-161.4876251	-134.7649841	-158.4812775	74.24160004	111.86022949999999	72.06198883	-203.97808840000002	-195.64872739999998	-32.15216827	-168.38061519999997	-46.555233	61.11115265	-2.459776878
191.4939575	339.0085754	-121.26297	-3.94752121	-144.9619751	-38.41955185	42.14717102	75.556427	-64.43493652	109.12277979999999	-82.29219055	-137.9156036	-19.25424194	-30.50860405	-126.0689926	-250.2618866	-212.34196469999998	-73.22853851	9.328512192	51.32044983	353.4185486	401.4675598	179.8447876	67.8507843	0.29739341140000003	72.77584076	32.53876495	63.35751724
210.95600890000003	-354.1543274	-41.82933807	14.18484974	37.28274918	2.2454233169999998	107.16538999999999	8.997280121000001	-62.14144897	-130.05915829999998	-211.1521301	-176.56681819999997	-66.90467072	12.65570641	75.9261322	-113.0341415	61.37089539	84.55683899	-6.018519402000001	90.53809357	-147.3676605	-348.0476379	-7.500689982999999	-105.2987366	-74.57824707	-121.9369431	-149.9970245	-226.50378419999998
-186.7410278	-273.1777649	-24.92187119	-86.43994904	-27.18890762	-190.7609406	26.91101837	139.0877686	-111.6048584	-243.9561005	-45.47775269	-161.1950378	-68.05451965	-79.55531311	36.64846802	-141.5199738	-42.65765381	-150.8089294	-57.2271843	69.77392578	-146.9585114	-293.57565310000007	-200.4610291	-1.882352948	-124.8631821	9.530716896	159.1323242	120.6327362
194.9403381	15.88849354	-44.58197021	-191.9466553	-40.53428268	58.16777802	11.08057404	108.456543	-77.97611237	-125.045372	91.98217773	84.11190033	-25.065458300000003	-27.01108932	-63.445079799999995	53.39903641	10.696129800000001	-69.61508179	88.49505615	228.68040469999997	219.8865204	471.1769409	102.7129822	-74.78322601	-76.63729858	33.16358948	-73.28850555	-16.19701576
199.2512207	202.75425719999998	-144.6004028	-104.57414250000001	123.24072269999999	12.46594906	2.17053628	-3.416777372	74.4830246	-186.9315186	-16.38784027	-97.19637299	-66.13683319	-12.99666882	277.7984924	-182.7692413	186.43046569999998	133.240448	74.30908203	-5.19674921	106.6524811	-83.50141144	-89.60939026	-304.58609010000004	38.81842041	153.6821747	-44.88710403	-212.78707889999998
342.0216675	-371.51275630000004	30.15698814	-87.35568237	76.68692017	-36.83235931	127.87790679999999	22.65659332	-114.5618134	136.4868164	-6.648683071000001	-48.29162598	20.98358536	-58.61946106	-61.32809067	23.37005424	120.5809479	135.35887150000002	-25.76518059	-16.90265656	93.71476746	-85.29537964	157.8996735	11.10080242	1.9667775630000002	-15.35842037	-35.78585052	-10.93652916
-97.65229034	263.78900150000004	-264.9891663	-197.8722076	87.39340209999999	64.59994507	368.56604	163.1156158	-67.95837402	-148.792572	-21.84275055	-16.710783	-52.03689575	10.13323689	-107.514946	-48.76577759	-19.844398499999997	-85.02939606	-81.4119873	-212.73176569999995	99.53498077	-292.7536316	-291.41949460000006	-175.05561830000002	-66.34676361	-63.41515732	-45.44508743	-1.459289789
26.84181404	-75.30955505	-2.445304871	6.7662239070000005	16.89568138	62.08577728	-113.33991999999999	215.25196839999998	76.99763489	46.47210312	-12.02746487	125.14324950000001	35.16426468	27.10607719	-32.99046707	29.5941391	7.331261635	-35.95728683	-16.65001488	14.21844482	-8.699972153	277.0253296	76.23788452	281.0504761	-99.09870911	-48.55469131	65.18049622	80.64938354
166.717514	79.73471832	74.31965637	36.41500092	31.85059929	-38.03923035	-120.55177309999999	148.73704530000003	-48.05076218	-94.56083679	-346.87747189999993	-124.1832962	-60.20926666	-50.87552643	-95.21933746	-73.31391144	-87.36170197	-46.59545517	-84.95107269	-148.3701935	21.32552719	376.53890989999996	-153.9057312	-0.4263442457	95.94693756	65.20619965	-124.74943540000001	58.59490204
-112.5256119	257.7657471	-232.8478394	-205.9642792	-57.48587036	144.5766449	41.38543320000001	-309.0721436	131.4370117	20.86506081	64.51465607	68.62895966	56.88142776	74.43271637	3.9314110280000003	-159.576828	-70.49736023	-70.76140594	-189.80853269999997	-118.34365079999999	207.6238251	723.0232543999999	40.53843307	49.41772842	139.7169037	-59.00341797	-115.65618899999998	-272.34170530000006
-367.39196780000003	-63.79258347	-98.23645782	-103.0383072	-89.22193909	-8.34968853	-116.36009979999999	-312.7964478	4.791434765	48.40728378	-243.98728939999998	-208.2185822	-47.17414093	-157.6698914	-42.38621902	-400.2611389	-192.01795959999998	-286.56356810000005	-94.28268433	-210.79911800000002	57.21107864	208.7118835	57.49707413	105.8924561	-24.11999702	62.8491745	85.2170105	-19.744731899999998
169.1277161	-46.27495956	-57.4970932	-125.45031740000002	202.4079285	-83.57675934	13.58259392	32.76767349	-65.52746582	-429.87091060000006	-141.93495180000002	-205.9480591	-81.77312469	-104.06034090000001	126.55367279999999	-21.35276985	-195.0438385	-224.4846954	-39.87442398	-35.48108673	-23.98021126	129.1916962	-263.8919983	-175.46798710000002	-52.354496000000005	-80.21758270000001	-152.53448490000002	-43.13137817
355.4152832	-94.29934692	-24.4913311	-100.1185684	-246.56106569999997	-74.96437836	162.2733002	221.78550719999998	-71.19487762	100.31482700000001	-5.68626833	16.22925186	-166.19058230000002	-69.71395874	-354.0721436	-172.97984309999998	-109.70754240000001	-18.35482216	48.8106842	-34.38990402	283.009613	-45.68139267	-43.05618286	-71.8250351	149.0610657	-5.144871235	-169.3296356	50.77666855
76.40712738	149.4497375	67.9625473	-105.43059540000002	-157.969162	36.86809921	60.96644974	129.9843597	97.12644958	222.6991577	-91.44502258	44.21850586	-22.29770851	-35.96540833	-115.87395479999999	-12.46578693	-120.8834534	-129.72723390000002	-92.358284	-139.76559450000002	-179.7330017	40.82428741	60.87475586	-59.96199799	18.66680908	-27.83543587	-93.31575012	30.92352867
191.4607544	269.1342468	127.24677279999999	105.258255	-54.6856041	45.471267700000006	-104.48145290000001	-47.67432022	85.95001984	34.49119568	4.865475655	97.18891144	-33.61553192	31.88063812	42.11473846	174.30113219999998	73.71112823	-68.23815918	-67.6842041	-106.59033970000002	4.664115429	275.8062744	-26.96621132	-167.4701843	79.91853333	45.08843613	-133.3462372	-29.78915405
-559.6000366000001	1144.36499	-159.66386409999998	-294.10217289999997	-188.5648499	70.54088593	-426.88046260000004	-492.51113889999993	205.8760071	119.35062409999999	-8.238487244	132.6510315	-36.88751984	-54.72954941	-108.27046969999999	-112.0298767	49.79039764	-24.37854958	-90.17350769	-371.3487244	42.83772278	539.0847778	36.72930527	38.81930923	41.89502335	-121.910347	34.6644249	-219.01879879999998
193.95414730000002	-59.31700134	-206.5032654	-39.21173096	222.82260130000003	-30.99215889	9.261510849	168.5597382	-70.77307129	-91.16384888	69.83985138	44.38122559	13.16891575	96.13608551	89.85684967	-116.31140900000001	-186.2435455	-148.02633669999997	4.368353367	62.51890182	291.2243347	63.14209366	-65.58454895	-296.3631287	30.73818016	124.5399399	-123.7560196	-188.7616119
-104.26522829999999	-193.88305659999997	-311.1367798	-273.4591064	-293.39282230000003	-140.33352659999997	-171.50267030000003	-330.0066223	59.41025925	107.9989777	-207.7453918	-184.5838776	-36.33222961	-51.647686	-286.6564331	-260.4179077	-155.42094419999998	-204.736618	-122.42150120000001	118.2160034	47.0845108	-219.87640380000002	183.11668400000002	166.9569397	22.90081787	19.21242523	-221.40357969999997	-147.26560969999997
-150.5855103	147.94464109999998	-80.88400269	-135.9379272	-141.30813600000002	-62.64198685	-101.1869125	-98.27323914	-21.57752228	-207.3945007	-202.43367	-52.48355484	-147.7837524	-160.38909909999998	-200.9416962	-141.9628601	3.41929841	-137.86738590000002	-122.5273666	-39.66676712	80.34860229	107.94847109999999	-112.51045990000001	-146.71881100000002	-0.10825050619999999	-19.70614052	-128.683548	-23.31989861
-87.35770416	391.4583435	-61.06414032	-224.9488983	-126.94987490000001	-4.704096317	-215.7784576	-109.6917801	20.949049	-248.77459720000002	-230.8242645	-236.3401031	-117.3817596	-58.623909	-64.7068634	-327.47610469999995	-23.09331512	-153.6339111	62.21398926	-10.57278347	142.6477356	-273.87496949999996	-186.099411	-79.04950714	-24.95279312	15.02426529	-284.06866460000003	-47.74905777
-205.6845245	125.68606570000001	-180.8068085	-285.5672302	-184.625824	-90.0894165	-239.1864014	29.92091179	32.81417847	-109.7094345	-106.12746429999999	-43.70932388	-86.45409393	-123.92404170000002	-247.6487122	-312.2529602	-13.03714752	-104.1639328	-23.49606705	-274.96545410000004	147.14772030000003	195.63722230000002	-107.83726499999999	-152.8414001	35.85737991	50.00387192	-173.7989807	-125.0146255
114.90539550000001	149.4798584	-251.159256	-206.33699040000002	263.2745056	35.98429871	100.1602631	131.5877228	-24.64105225	20.19613838	-229.38471980000003	-14.02525806	-42.42374039	22.2992878	165.4838867	-287.80334469999997	-49.66966629	-44.32666397	-42.30496216	-58.43670273	294.1107483	511.235321	-82.00189972	-330.39529419999997	9.337597847	14.95191765	-151.4333038	-129.9650269
-146.9669189	155.780777	-137.4282227	-177.3870239	-168.1076813	-87.52271271	-269.2545471	1.493515968	-20.35574913	-36.62612534	-103.4257812	-36.08070374	-66.26351929	-122.70516200000002	-35.68314743	-159.3517303	-70.02870178	-194.77984619999998	5.098415375	109.6863098	-348.8845215	-366.2136841	-96.78702545	-370.7931213	-137.6021729	-44.1713295	-162.22863769999998	-87.31311798
-52.39508057	45.25131989	-198.84648130000002	-270.3034668	-207.0992889	-157.4954834	-142.95280459999998	-315.0581665	-46.18323517	-334.3047791	-183.8844604	-49.02339172	0.2056363225	-123.5985336	70.41468048	-85.10480499	-70.62748718	-81.50394440000001	30.72134781	7.882444382	200.7428741	171.13359069999998	-201.9722748	-362.5011597	-2.9835886960000004	227.0963898	-2.0869627	-119.21047209999999
314.8372192	-178.4801483	218.8849335	43.78712463	-221.73223880000003	156.6914368	91.59738159	256.0533142	-61.46320343	97.68300629	-237.04113769999998	29.94458771	-60.03418732	-55.82313538	-101.31366729999999	-102.68472290000001	-49.07870483	104.2813187	-45.95267487	-104.683075	117.10994720000001	603.4022217	15.24953461	-113.3231888	-76.97330475	-110.2806702	-342.2226868	-30.37494659
12.65553951	488.8437805	86.81607056	69.73491669	140.1034546	56.13887405	122.55843349999999	159.3209991	150.59771730000003	-25.60067368	85.09239197	123.01553340000001	-22.13135147	152.0609436	320.5731506	184.2672729	67.09623718	35.89386749	48.79110718	232.7810669	-39.62395859	-424.5834961	2.598283529	-82.1282196	135.680542	261.4381104	353.32131960000004	18.06812859
-87.94122314	-539.0985107000001	-63.02642441	44.34516907	-54.89535141	171.61717219999997	36.85379028	73.74091339	5.950445175	14.72426701	242.51307680000002	237.5698395	-102.74788670000001	25.82747841	94.29694366	270.0330811	-72.49063873	-169.23840330000002	67.2686615	-59.42592239	79.05522919	485.22351069999996	-8.844041824	-274.1378479	133.82341	-11.06900883	273.26138310000005	-31.53699303
-400.1726379	394.7962341	-261.1986389	50.05435944	-112.67554469999999	-38.24597549	-32.41885376	197.30200200000002	137.603302	56.38936615	-151.7997437	-137.28286740000001	-132.4579315	57.40313339	-33.26501465	-71.66837311	0.6965359448999999	-298.2176514	-33.56804657	-137.3729706	202.4161682	-246.96649169999998	122.37184909999999	-258.5832825	137.5050964	102.0859375	-23.18580818	16.27566338
-107.18354029999999	-169.11769099999998	-202.03839109999998	-214.47465519999997	-114.0619202	-49.75748444	-66.20553589	-59.94651413	-9.037169456	-120.1622925	-33.00016403	148.6506195	73.11491394	7.923615456	-37.32448196	-65.9347229	-83.79485321	-166.0080872	-138.5762329	-30.34139252	-319.32873539999997	16.798769	-71.15995026	-115.0961456	41.31920242	-57.72008896	-141.8063965	-101.85171509999999
-71.1706543	246.19500730000004	-27.21739578	188.1815033	-72.51280975	156.8971558	54.38531876	-96.24610138	10.33620358	5.886616707000001	206.5038605	193.3758545	9.127142906	36.87628937	-67.49363708	-138.9383545	-90.71273041	-15.61377144	50.75067139	-14.37072372	-185.1978302	-300.9735413	140.87577819999998	-55.85009766	-39.81262207	11.72899055	72.38791656	57.31587601
-322.2253723	417.27868650000005	-50.19070053	79.77544403	22.1084919	357.9905701	-16.23426819	165.2729034	14.78805351	47.60375214	153.07109069999998	128.0948639	-128.6795197	138.0280457	70.81944275	152.9071503	133.1290436	-92.34872437	78.06008911	91.65609741	582.5057982999999	269.76541139999995	77.91257477	-52.79117966	19.75130463	42.03993607	222.4048767	59.24085999
-199.7169037	-399.49023439999996	-410.16421510000004	-218.76373289999998	-125.10033419999999	39.44624329	-193.5090485	-138.55090330000002	-10.59181213	-125.61049650000001	-3.0538840289999998	68.72930908	-135.9480286	12.24474907	-29.39595032	-94.91500854	-78.97151184	-144.06217959999998	46.33607864	-62.959716799999995	246.59953309999997	25.67979622	-1.391400814	-82.95847321	-12.791022300000002	62.84749985	87.33913422	-35.40524292
1.093474507	185.39921569999998	70.80287170000001	156.392807	25.50722122	90.85738373	203.9181366	157.091156	37.98051453	9.010543822999999	127.7757416	19.51649475	-140.57098390000002	15.99685383	16.60671234	123.741188	3.955088615	-47.05479431	9.581402779	37.07746887	104.6174927	143.2391968	86.22940063	-109.43717959999998	-16.00159264	54.36253357	150.1914368	165.9994049
110.28023529999999	323.2486877	110.4994736	110.64599609999999	77.67144012	75.58901978	147.92306519999997	156.13609309999998	-53.14352417	-141.99011230000002	124.87303159999999	108.81406399999999	32.37487411	72.46839142	-16.17759132	-118.2290344	82.54497528	-31.16257668	156.80499269999999	-132.06230159999998	530.9405518	89.30759429999999	-206.6986084	-22.17304993	66.31851959	11.9112854	-78.41208649	70.31377411
-167.8133087	334.4996338	78.41941833	97.15605927	-117.12164309999999	3.457201958	-109.66579440000001	-15.94353199	5.9140653610000005	133.1673279	41.42603683	104.8334579	-27.06225204	-51.43364716	-183.68318180000003	8.526382446	-84.12883759	39.23837279999999	3.309950829	-69.95041656	254.63209530000003	494.7575378	109.5553131	13.34012699	19.64476013	109.23704529999999	-97.57998657	6.518834591
-196.5740509	-360.35064700000004	-68.15657806	-80.63105774	-22.32879448	42.00761795	-211.76797489999998	-18.72670937	-8.487924576000001	-95.18732452	-35.19697189	82.02742004	95.992836	188.4741821	-22.76646423	-226.70178219999997	23.15639114	-22.41631126	39.61951828	27.35226059	-18.55524254	-86.66565704	-195.5778503	-92.90885162	49.43049622	111.30815890000001	-86.2984314	30.33775902
0.890108943	-224.37690730000003	-134.290863	31.78238297	82.18358612	18.96245575	-281.22500610000003	54.31680679	-32.81399536	-102.840416	19.75679588	113.8639679	20.38227844	-29.67262459	-78.13368225	-245.14151	31.52067375	-35.05868149	131.4417114	-18.75628662	-114.8765793	345.0951538	26.78118515	-3.443075657	25.190044399999998	93.51706696	74.49611664	245.37535099999997
373.2114258	161.17993159999997	193.461792	-31.75689316	19.76603699	-53.66381836	107.88743590000001	235.0007019	149.57060239999998	-187.03350830000002	136.00389099999998	59.38202667	10.15964985	29.49980736	-101.16115570000001	-177.05871580000002	52.66304779	15.68512821	-29.10900116	-55.76254654	200.8424225	260.7049255	65.05601501	62.24412918	-27.78699112	89.87952423	-123.70301059999998	95.06941223
-29.44902992	800.1213379	-158.51824950000002	-131.0753784	-243.66937259999997	-154.9572601	-45.35643005	279.8128662	225.49147030000003	343.2114258	206.323288	190.9732056	28.81730652	113.15370940000001	-188.3489075	20.461299899999997	116.98688510000001	-214.6334991	86.4919281	-26.31191063	-390.21038819999995	-1052.157959	263.1577454	250.24876400000002	309.0993042	245.49432369999997	-227.2275238	-384.9173889
-46.91099929999999	151.51144409999998	131.4854889	-200.93910219999998	-88.55937958	3.38087821	-104.33969880000001	-82.26319122	0.7525773644	-59.66622162	89.47543335	74.09623718	-29.03756905	-48.00959015	-86.99047089	-59.4813118	-21.75223732	-116.2235107	3.041016579	-226.25570679999998	10.33497715	153.49285890000002	41.39179993	17.000986100000002	31.76164246	-28.74034119	32.12050629	103.0166779
7.7419581410000005	94.9360199	-104.42653659999999	-62.03123856	7.919577599	305.73687739999997	52.5449295	267.6471863	33.90382004	-34.79088974	134.6872864	3.704854965	-72.68731689	-51.85538864	51.10432053	-9.048844337	-40.14475632	-280.76797489999996	202.7900238	192.6021881	-88.32983398	-478.37704469999994	-119.56269070000002	135.7100372	156.3244781	41.41400146	153.8496704	-8.792451859
-95.38417816	46.06148148	70.80738831	296.51919560000005	8.280575752	189.9836731	179.1769257	619.8043822999999	245.66885380000002	245.09927369999997	450.6642456	276.21722410000007	-5.861854553	182.6333771	83.57315063	154.603363	153.6480255	63.04085159	185.4058075	25.51171494	-126.04730990000002	-901.3345947	77.61586761	104.4995041	281.07592769999997	210.078598	97.88991547	164.43331909999998
-194.9905243	108.8549652	-75.23007965	-108.65347290000001	-30.91197205	-65.03805542	-71.79160309	-69.89679718	135.5259552	-104.80198670000001	-170.69418330000002	-176.22879030000001	-94.18634033	18.68009567	-152.07879640000002	-20.30466652	126.2921753	-135.66172790000002	-51.34535599	-47.20297241	230.5115814	3.161426306	38.01050568	-83.07752228	99.8686142	119.04020690000002	-84.65050507	50.35571289
-71.14232635	138.7323303	61.79816055	11.80978966	-33.71780396	64.98381042	-119.06038670000001	-300.6245728	99.84220123	-33.71661758	257.89978030000003	200.0385895	62.04498291	15.16932583	-50.16996765	-53.74505997	-4.168428421000001	29.1318512	-73.44827271	-62.33232879999999	-140.8795624	-279.7130737	122.8333054	106.9794388	-98.6940155	45.12714386	149.9883575	15.57841682
364.43737789999994	360.1672668	-64.39880371	135.6360779	-92.28965759	129.10585020000002	141.76260380000002	424.2935181	128.5970154	177.7818756	212.8510284	179.4094391	100.1995621	315.7825623	-30.85376358	76.51039886	44.36571503	102.894104	107.27285	65.31198883	62.317821499999994	-948.3004761	89.99784851	88.04140472	267.27630619999996	182.0522614	146.4376678	-67.28344727
56.16194534	7.650289536	-96.7943573	-204.4417114	-125.04682920000002	-175.04840090000002	-133.8439178	-56.74993896	-129.9081268	-30.42466164	-108.902771	-90.84352875	-109.12409209999998	-141.19528200000002	-192.898056	-209.92637630000002	76.77694702	-115.2837372	-89.69115448	73.66622162	-528.7128906	-235.34446719999997	-170.16722109999998	-4.78574276	-133.6108093	-79.79066467	-44.68555069	90.59335327
-250.69862369999998	-187.2750244	-273.70938110000003	-214.5153961	-62.63608551	58.76507568	-284.32751460000003	-175.59338380000003	-180.3160095	-249.93147280000002	24.39870262	0.1431176364	-156.3404999	-185.2621002	-281.93945310000004	31.46019173	-119.267601	-251.2106628	-23.32612419	0.8534093499	364.8296204	383.84799189999995	-173.0906219	-155.42527769999998	-216.19647220000002	-57.00666809	-13.84055328	31.94812965
87.54145813	46.04842758	-28.35910416	51.86877823	10.24590397	180.8271332	-77.30673218	126.78784180000001	75.68159485	-116.9503555	174.9806061	166.1801758	92.92168427	-37.60547638	-4.295967102	42.62665558	-70.51903534	-64.04178619	-38.04011154	-105.08348079999999	7.861455441	240.8784485	15.08745384	51.45814514	8.61497879	20.37453842	70.61293793	30.01945114
272.4360046	227.6282654	166.5592499	15.26470661	-32.53549576	239.3196869	84.70388031	334.97885130000003	90.70881653	160.08291630000002	287.5949707	141.9565125	252.44285580000002	148.8025208	82.50457001	94.81287384	63.25147247	99.05340576	26.76362991	156.16438290000002	-562.4296875	-698.9509887999999	-205.4993134	-75.83747864	-84.02670288	113.89834590000001	27.08527374	148.89350890000003
155.0284576	-25.09274673	-192.919693	-186.6669312	-119.413826	-53.29362106	-177.5545654	-237.2219391	-78.12633514	-37.41025925	-241.3115997	-212.9517975	-68.22224426	-24.81269073	-12.78909588	-496.8516235	61.42332458	-70.44765472	24.80819893	-95.77098083	-445.405304	-529.5919188999999	-300.69335939999996	-23.02041626	-217.8557281	-117.38311000000002	-257.3027344	113.54611969999999
-251.23358149999999	64.40066528	-39.71509552	145.1968079	-80.79318237	8.857504845	-19.11355019	-21.83960342	11.12924099	65.72686768	20.54620743	35.77686691	-40.95701981	-137.6803131	-139.3899689	-61.60941315	46.66332626	38.80867386	56.0735054	-54.44989014	238.81082149999997	93.11791992	104.5978775	190.19656369999998	-168.7704468	-115.62292479999999	-51.338871000000005	52.01096344
30.50079918	325.1050415	68.96314240000001	-201.1690063	-62.3219223	8.269759178	27.65878296	148.148056	-38.85417175	-6.429009914	-141.0943451	-51.84594727	19.34145927	13.81584072	-123.3274078	46.53243637	-68.71875763	-76.87114716	36.54924393	7.833076954	129.8928223	-156.18476869999998	-190.9953156	-75.20903778	-78.34378052	-43.98079681	-162.1434937	-141.88488769999998
