-74.61220551	-26.95331192	73.08598328	8.432171822	73.79923248	-1.6610476969999999	-13.13689518	2.526465178	-14.43521976	62.36175919	82.12319183	95.41693878	16.82116318	51.40351868	108.61176299999998	69.48841095	52.12440872	29.23303413	76.14115143	31.36942863	176.1158142	158.4731293	-64.57559204	17.94626999	73.11054993	-3.536994457	-2.815143108	-23.31326866
-71.89227295	-67.06969452	-128.4044342	-116.89008329999999	31.77927017	58.350109100000005	-8.547281265	209.4255219	15.14832497	30.44800377	54.09670639	113.83773799999999	-51.57162857	88.45037842	28.89177322	2.285283089	-18.65902138	57.63067245	-80.93960571	52.13196182	739.4678345	160.3548584	-81.82688141	-21.80516052	-20.30630112	-17.26738167	120.75470729999999	54.84967041
-67.83387756	-183.8781738	-4.015149593	-135.7455444	-14.07501221	1.976659775	-28.24858665	17.28975487	-9.843750953999999	-17.08942986	8.423173904	51.54658508	-2.6742889880000003	102.5723801	31.28344536	-59.776577	-70.94425964	15.87531376	-79.22306824	-43.03376007	440.5197449	149.0680695	-56.203022	28.29954147	55.60021973	1.116993427	22.22198296	-150.9211273
-16.02363968	65.15207672	40.72607422	30.35421562	-55.51999664	-27.49253654	-18.8488903	-20.69913292	-44.72930527	-108.24278259999998	-9.406316757	24.29477501	-16.14470291	85.52251434	25.13977623	-35.15941238	3.116670847	34.40652466	-23.89985466	-28.32833099	-105.07263950000001	-125.25859070000001	-123.00466159999999	21.636758800000003	-16.28549767	-16.72380257	-82.93228912	-84.69216919
10.32114697	86.08586121	77.8631134	-15.67041397	33.06913376	-89.43477631	19.02460289	130.6744843	-26.79790306	-113.1394882	9.122216225	25.53035164	1.8983737230000002	70.65722656	14.57625961	-30.47129059	23.84102058	-32.45884323	30.3976078	-4.90303278	143.424469	78.76635742	-21.138237	-0.7953519820999999	-30.92187691	-63.447830200000006	-2.045479298	-107.58843229999998
-152.2097778	-51.87740707	142.2611084	2.684417248	1.750366211	131.030777	24.73463058	135.8831635	33.88925934	60.72716904	77.66008759	122.932869	-19.81028175	73.89169312	72.41453552	41.67805862	158.621048	139.0221558	1.8084537980000002	12.97498226	340.5814514	47.16797256	-0.5417935252	38.36794662	20.30621529	0.4645784497	-2.823194504	-96.03465271
-83.75424194	-92.37587738	49.70664978	-35.32976913	-3.331830978	50.46365738	-55.67457581	83.34426117	81.73069763	-11.88229656	107.341835	112.10144809999998	47.36248398	82.48957062	-34.29701996	-4.767966747	44.20029068	-10.48287582	-78.34738159	-77.85076904	50.46333313	193.2584686	70.70542908	106.7212982	66.37866211	27.47093391	8.055450439	-78.37979889
27.29361534	22.9468174	97.19474792	38.24531555	18.11504555	19.12648392	-8.652097702	173.3568115	75.99025726	143.90696719999997	111.1422577	44.25567627	30.43383217	58.94138336	89.86682892	69.43006897	-19.34357262	105.15285490000001	-87.16445923	-82.56919861	-127.81739809999999	-94.87306976	48.430778499999995	-29.51079559	15.44839668	-2.679724216	-71.64924622	-36.88205719
-68.51255798	15.78918266	-5.845540524	48.73910522	33.99757767	45.15921021	1.019463062	108.2830582	15.74445343	17.9882164	52.55187988	113.9286041	-13.70795059	108.57863619999999	39.33717346	-8.239721298	30.35153389	34.47838593	11.60659218	28.05800056	826.7172852000001	276.2301636	-9.569410324	35.167331700000005	7.08097887	-39.28440857	118.6819	-15.50335217
5.623569012000001	106.3172607	50.0775032	-94.94702148	17.86208916	49.24259567	22.47027016	15.14230061	-9.683737755	54.15281296	96.99991608	173.6619568	62.36432648	83.87400055	65.06235504	13.88653851	128.4461975	113.014328	104.5448151	51.81264877	471.8061218	164.9600372	34.23506927	120.6773758	49.26391602	35.76593781	55.79683304	-53.8641243
8.801844597	-5.044995308	29.48132133	-51.17368317	85.71952057	91.86009979	43.99968719	118.290451	7.726567745	49.25118637	116.097435	212.38136290000003	44.80582428	66.94782257	84.24699402	62.40691757	-82.68959045	24.60107231	-3.9791655539999997	-18.14639473	491.57711789999996	270.9702454	74.39023590000001	34.45246887	97.69354248	47.37243271	15.62976074	-30.60013008
-148.3969421	-129.9073792	43.133461	-195.74534609999998	-0.1201488376	-51.87279892	35.37430954	116.8272476	-35.57856369	78.86148834	-1.221860766	55.482948300000004	3.281294584	120.3262405	55.89027786	-16.82723808	95.41704559	-22.12637138	78.66879272	-56.49328995	639.3516235000001	341.09436039999997	-121.42138670000001	7.219088554	22.74515152	-35.72491074	37.76269531	-121.8107147
-58.60923004	-57.785739899999996	-122.6070633	-105.3770828	-2.8773384089999996	51.34367752	-15.4328413	8.335213661000001	-4.743804932	64.82257843	79.69151306	109.12516780000001	26.2998848	45.32214355	21.85310745	4.18283987	-36.31494141	-50.43968201	-11.83712101	-69.3267746	284.09432979999997	150.2144775	-22.739564899999998	54.36517715	-50.49550247	-0.8671272396999999	2.741732597	-76.0182724
31.9194355	9.356731415	46.51488495	-73.77587891	58.01681899999999	93.47606659	99.28691101	196.48971559999998	-21.37733841	-49.05931091	80.17363739	56.99737929999999	-26.23733711	39.08974075	8.956822395	-11.81602097	-42.5294075	-41.07413101	-50.95665741	-58.17731476	128.3521881	-2.284662724	10.248909	76.26213074	18.68021584	-0.3830778003	-80.91734314	-147.7358246
-58.44473648	-74.47728729	-26.88200951	-15.19574261	-4.925765038	19.89654732	-2.6876358989999996	50.55864334	-23.10717583	-9.234625816	48.22883224	148.0910034	28.76603508	50.24818802	-113.738266	52.54914856	-50.24032974	-4.80395031	-95.53678894	-87.15221405	164.9827881	84.83479309	-1.623312354	-42.60005188	-16.82355499	13.29502296	-99.5409317	-111.90789790000001
-63.46337891	110.0756912	148.47808840000002	39.87116623	-48.51810074	20.47107315	-21.83327293	-92.19671631	43.91228867	108.2664108	42.40074539	126.02332309999998	-31.865318300000002	102.4663467	-124.95858759999999	10.69978333	193.3859253	133.9206543	-90.35454559	-50.94184113	292.7589111	179.2057648	-0.3955599368	19.93426895	59.4212532	-11.810033800000001	-51.30052948	-107.3099976
-64.34933472	-163.86050419999998	-6.173612595	-173.2849274	-21.61261749	2.162031651	-13.64895916	28.41656685	8.817649841	-74.54915619	-34.50262833	-59.98745728	23.58716393	71.97166443	-35.89530945	-38.81409073	-123.76506040000001	-29.73950577	-15.09310246	-91.74568939	326.4082336	141.34635930000002	-101.9525909	-7.382325648999999	89.8957901	6.997077942000001	-74.96958923	-104.7610855
-63.88017654	-100.0895615	36.96049881	-60.21121597	16.81668854	-43.61249542	76.26650238	198.5137024	19.360569	28.64603806	-33.61777115	38.26877213	-1.082210302	104.83202359999999	-61.10769653	-24.29001617	-75.42990112	34.39654541	39.32500839	-74.88335419	322.712677	103.64829250000001	-154.2413635	-15.79814339	-14.77334595	-17.7684536	-85.86370087	-135.9205017
-16.48523903	-127.90094760000001	74.49567413	11.28743744	-47.3587265	-11.78596592	28.46013832	6.031397342999999	21.38871384	-33.71379852	-52.02674103	-42.99914169	17.89327621	68.46392822	-75.85469055	6.651734352	24.88020134	49.03220367	-14.1833744	-27.18426323	-22.39254189	-25.38332939	69.86079407	35.17956161	31.69738388	33.05471802	-57.70661545	-25.70066452
-152.3707581	110.42803959999999	115.3995361	45.96649551	-0.9159633517	6.671427727	107.13963319999999	275.33535770000003	-11.8214817	55.51219177	9.709895134	131.3111115	-39.68124008	50.3491478	16.16873741	21.52491951	42.44603348	133.271286	74.05109406	-28.43103218	496.2805786	182.90261840000002	-13.28146362	-2.0662519930000003	44.41155624	41.95442581	7.877647877	-104.5469818
-37.00664520000001	-114.49864199999999	-144.9743195	-24.55895615	-16.77988625	-39.64493942	-10.05754471	-48.97591782	-23.77079773	56.06117249	6.727251053	55.32487488	3.01514864	51.00123978	-51.9213295	-29.62108803	-38.31622696	-37.45280838	-22.91855621	-33.56171799	178.0687561	62.76067734	-39.129776	17.88393974	26.21542549	-14.16924095	-102.13999179999999	-136.3072662
16.63564873	20.56818771	31.91900635	55.77147293	25.622509	42.50251007	-14.46923542	45.21782303	3.9240827560000002	41.4298439	63.41054535	130.667572	22.38236427	95.02672577	15.68857098	38.32016373	-41.90018463	38.09869385	-13.60161877	-78.5531311	125.14531709999999	128.91195679999998	-33.35713577	45.11888123	23.95422745	19.91164589	-36.54216385	-43.77190018
8.071148872	-4.863074303	63.19830322	65.32245636	114.52021029999999	10.49110985	3.022751808	141.91061399999998	39.41511154	72.31384277	41.42150879	115.0236206	64.39051056	139.7137756	-17.91419792	18.57436752	40.88966370000001	47.54692841	38.16262054	-28.05885696	318.469635	169.2849731	125.91595459999999	50.21117783	60.95623398	24.41997147	6.601491928	-113.87486270000001
30.35751152	155.2647095	161.73684690000002	34.41829681	-35.87974167	-1.6044416430000001	79.95921326	104.71350859999998	7.050105095	-74.37298584	-38.86643982	85.41889191	49.911544799999994	15.27782249	-3.2600145339999997	-39.00790405	117.69008640000001	163.7763519	10.3899641	5.945002079	-73.66748047	16.02498627	-1.443562865	52.09555435	-29.0349369	18.48482704	-39.18513107	-79.62741089
15.50902367	191.9869385	66.7263031	6.3823509220000005	-4.820056438	-47.71689987	46.5947876	103.28022	8.541787148	-6.155293465	-77.70656586	-28.62745094	6.011936188	161.8497467	3.5628628730000003	60.76083755	83.54072571	96.28415679999999	37.15657806	29.48885536	41.57506179999999	146.2188721	5.561644554	63.33416367	32.28998947	10.54793262	14.90342617	-11.63436413
16.20002747	9.216285706	66.27801514	48.08022308	-23.63286591	55.19446564	58.8086586	66.69125366	-0.7808727026000001	21.61137581	48.17536926	65.24052429	16.99759865	49.37903976	-34.36318588	1.699561715	107.43094640000001	121.54064939999999	-49.52946854	-11.77881813	116.412056	102.42855829999999	128.81402590000002	22.03368378	-3.3185400960000004	-40.50530624	-9.399888992000001	-162.1673279
-60.78728104	-106.4218979	42.86456299	-52.71218491	-19.10681152	-57.9396019	-116.53089140000002	-31.91851807	-37.86379242	-12.01890659	-40.10765076	33.53887177	-12.58344936	77.50489807	-47.78258514	46.222435	150.2841949	83.85604858	-49.22320175	-93.92737579	291.52355960000006	102.6723251	20.91548538	29.8062458	-7.333059788	11.55842972	-61.79357147	-90.57598877
-235.061142	-171.6867981	-73.69775391	-256.89367680000004	-53.51297379	91.88548279	-57.58577728	-64.53530121	-96.1546402	43.48622513	96.74832916	107.0039139	-55.36642456	85.26746368	26.48422813	62.50334549	-118.0870438	-202.74617	-95.39064026	-190.4012909	247.43469240000002	15.04869843	-89.18510437	-160.79582209999998	-53.43637466	-30.16761971	-15.57324123	-146.2178802
-17.3062973	-25.94042778	61.29003525	-36.28620529	-1.459994435	33.54288864	21.93786812	92.6842804	-13.94323063	16.1887207	101.1406708	60.20347595	-9.150182724	82.74051666	-71.14559937	40.13463211	14.35355186	73.49752045	-62.73222733	-47.58220291	296.733429	66.90270233	61.01538849	95.41648102	-12.37716579	-2.241240978	-42.84911728	-60.53878784
-28.649061199999995	-10.89569473	15.32620049	27.16152954	-29.07650757	-35.56219482	-7.917331218999999	120.9177017	-48.48464584	-21.74674606	-15.09357834	-10.99189949	-7.471720695	3.8044047360000004	-73.55919647	34.56848145	-58.6876297	-1.238541961	-4.399758339	-60.14215088	53.48836517	33.5606575	-98.84298706	5.581692219	-35.57184601	-35.47613144	-48.28479004	-37.2166748
-5.643984795	-98.82425690000001	83.35410309	-23.20763588	2.0224380490000002	75.96110535	-32.3436203	-13.85634804	14.92171764	10.75462627	3.565380096	88.80809021	-8.446203232	36.71720505	-59.67417908	11.82209778	73.53160858	79.01443481	38.33716965	6.094666481	172.5576935	113.78649140000002	82.29943085	-21.50740623	36.65117264	-43.28823853	-38.928466799999995	-102.906601
-37.20272446	-15.27775764	-100.8476257	-57.61511612	5.170620918	26.56352806	32.3108902	83.56210327	-4.375295639	27.63547516	66.65512085	42.52018738	-71.37432861	-28.89889908	-82.42324066	-39.65800858	-89.21039581	-41.49275589	75.35571289	-84.135849	267.6780396	160.02293400000002	-108.73172759999999	20.77765846	-24.75372696	13.91810989	-70.54511261	-82.74871063
-48.62831116	90.52253723	68.64822388	-44.39913177	17.25256348	98.42721558	30.91386223	105.3868027	-10.89457798	181.8479004	105.3476257	92.11764526	25.33018112	162.2367554	53.57521439	74.76208496	61.59333801	127.54215239999999	-77.36734009	63.82400894	-59.25488663	135.6698151	-126.63869479999998	-129.4956512	131.9045105	90.50394440000001	-17.11084557	-21.08751869
-60.09954453	-130.3078156	-120.1521301	-135.4375	-91.50405121	-35.55953598	-83.73255157	-115.83645630000001	7.162557602000001	-19.869808199999998	-53.35381317	-53.40197372	-10.61473274	36.85850525	-115.2695389	-145.2434845	-31.10442543	-5.6700572970000005	-44.28210831	-59.65937424	76.06693268	109.0415649	7.835978031000001	13.26743126	-6.433996201	12.45364761	27.79362679	-158.8129883
-140.8902893	-107.690506	5.814708232999999	-116.72168729999999	-83.53566742	-32.90193176	-121.20976259999999	-99.68873596	-75.39434814	-69.4382782	-51.72589493	-36.8966713	-23.81734085	33.76229095	-56.76663208	-27.79174995	-46.10697174	-24.84498596	-45.45731354	-113.72966000000001	122.31354520000001	103.53417209999999	21.16437721	105.91416170000001	-63.39561081	-37.816211700000004	-104.46762079999999	-185.3365784
6.7433142660000005	46.06478882	126.88628390000001	86.58374023	-11.618783	-21.29702568	11.04228401	37.3735199	8.634838104	34.75042725	-4.569297314	-8.185199738	-29.5495739	19.50525284	-41.22714233	29.56316376	56.55597305	100.8760681	116.14060970000001	72.92030334	229.50701899999999	37.96161652	23.88282394	30.41757965	22.29364777	-46.46355820000001	-29.28428841	-53.74094009
-80.38191223	-60.62125015	60.98244095	-11.24269772	29.14554405	20.37738037	-83.02801514	21.10255241	-51.65824509	45.3958931	17.87032318	142.92932130000003	-8.34978199	92.89877319	-1.904682755	31.13503075	64.54432678	7.070203781	-73.06082153	-57.97195053	355.1237793	197.5405579	3.5299284460000004	33.56776047	-17.06359863	38.80836105	-34.13423538	-70.10433197
-28.53617668	-94.72193146	-150.10995480000003	-65.66635132	-20.55360031	0.20530901850000002	-21.93816376	57.12518692	-40.87587738	-61.90774155	-15.68982601	17.35053253	-72.48704529	17.70547295	-118.4257965	-34.40111160000001	-73.19158173	-76.91451263	-10.42604256	-64.97252655	253.83934019999998	187.4750977	7.413208008	10.96435261	-9.892820358	-61.90381241	3.673921347	-85.11439514
50.61463547	143.89974980000002	101.079628	-41.26219559	0.9536266326999999	58.71472549	72.42025757	138.8472748	-14.23375511	16.79197121	13.63486195	146.3900299	71.96108246	40.635746000000005	0.3827393651	-41.17655563	131.5226593	144.44113159999998	20.62202072	115.4158936	334.6152649	265.5144653	51.32906342	33.0630722	26.7413063	26.67569923	37.68275833	-11.18452168
-62.00257874	-25.627491	19.89975929	41.69054413	-6.435915947000001	28.53304863	27.438407899999998	83.23835754	-22.77474213	-19.40676117	-3.3664584160000004	86.43585205	-2.793606281	83.22293854	-31.73638535	-71.11006165	-23.78263474	99.07871246	-23.86162949	-4.630990028	368.61975099999995	135.67637630000002	73.35155487	65.31645203	-2.452312231	-11.97790623	-63.97458267	-75.26742554
-31.14292336	51.06692123	98.34154509999999	25.56050491	34.77869034	62.78512573	-27.05947113	-23.73453903	-21.41853333	-19.74031639	128.7871704	66.41571045	-61.19393158	-0.8573560119	-17.80430794	7.256473064	31.98965073	17.03778648	96.11669159	-6.397501945	155.3895264	50.17808533	-131.84106450000002	-47.27000427	-30.86452103	-26.06637764	-54.4280777	-118.69240570000001
-43.535739899999996	-84.77359009	27.27624893	-83.41588593	-42.25591278	36.97042847	10.32195091	-1.0144737959999999	14.23005104	55.65880203	71.31156158	35.27124786	15.28540421	-8.747070312	-84.30279541	-1.338657975	-3.779987097	81.60649109	8.154707908999999	32.82538986	171.5053711	166.81077580000002	-22.40753174	70.2109375	29.28341484	-3.945105791	-87.40988922	-111.9869537
-34.99381638	-37.91291428	-76.69797516	-26.80055428	-38.75527954	-33.28973389	78.91712952	234.174942	-53.84458923	-73.03983307	-25.96232796	81.48558044	-23.39973068	99.29566193	-101.47251130000001	-30.55298233	-157.80783080000003	-126.70059199999999	-94.12440491	7.374090672	53.43495178	40.22969055	-178.5608215	-35.6881218	-13.32935905	-6.769260882999999	-68.75928497	-130.5146332
53.60168457	-120.0421371	-34.42744827	-48.6556778	-65.54946136	-12.58067703	-9.998122215	74.94101715	-39.3081131	-122.4176712	-49.01633835	-4.563669682	12.56532669	-70.62862396	-6.108260632	-52.40380859	41.33463669	45.30988693	-67.79295349	-120.10162350000002	-2.086261034	-16.51406097	161.57272340000003	46.97167206	-113.8449554	-90.04317474	-126.197052	-178.3732605
-76.03453064	41.38381958	19.18074417	-158.6805725	76.03908539	121.71107479999999	-43.84994888	20.21095085	25.88030815	55.57221985	38.46588516	3.750273705	1.261453271	10.955877300000001	-9.623997688	36.74213409	48.19627379999999	71.80219269	-47.11255646	3.716234207	302.9975891	315.017334	16.00348091	32.13716888	24.25605392	53.962158200000005	-93.27639771	-110.010025
115.4006729	-116.444725	-29.49606133	-5.053200245	78.91113281	168.13937380000002	8.210538864	251.44729610000002	-4.9636616710000006	2.6338801380000003	114.03459170000001	100.1369324	5.595535755	23.12639236	-22.011264800000003	2.737464905	-51.65842819	-14.43489361	1.813898325	13.79836082	377.1769409	195.0639954	-164.93128969999998	-4.459021568	-13.90274239	12.5043869	-21.83047676	-38.89037704
-19.48716354	-97.60160828	85.5875473	52.4577179	-39.33163452	-25.35072899	-9.457806587	-77.66656494	-14.935371400000001	79.13975525	-43.48888779	-36.22838974	-7.914727687999999	27.63207436	-157.03121950000002	-30.61529541	31.77126503	46.44358063	-39.82223511	-80.1067276	-160.5782928	138.10870359999998	2.350557804	15.50101948	2.7632231710000004	26.77297211	-102.8258667	-50.91872025
30.63349152	-31.55623436	-10.46588802	26.54191589	105.3765717	71.71957397	7.378483295	99.50880432	9.715435982	68.53119659	76.35819244	141.64031980000001	-15.40210915	47.23657227	-14.23973465	13.87588692	-14.89579105	102.4462585	-38.20589828	-28.34793282	339.081665	85.70265198	-32.99840164	-2.357488871	74.18798828	29.24841499	-43.71086121	-144.58331299999998
119.86637879999999	-67.83019257	205.7048035	19.36703491	63.47572708	35.63263321	110.23398590000002	237.65782169999997	43.29710388	-12.50045204	42.74594498	8.893470764	38.47170639	86.90759277	-3.091537952	3.905412674	112.99100490000001	98.87979126	84.47709656	122.80937959999999	-81.45614624	-107.75032040000002	2.92505908	50.77347183	67.42847443	-9.832284927	-12.64284992	-52.11804581
-129.18238829999999	-290.9194336	-70.06212616	-121.1124496	-1.636463165	28.28949165	-73.24800873	-40.77659988	-61.41049957	59.46100235	14.44502735	-35.59690094	-14.30630016	82.35176849	-83.36257172	-33.33405685	-48.78015518	60.35031128	-99.35834503	-42.47956848	280.79449460000006	182.7903442	-129.9605713	29.67063522	-35.54185867	40.44559479	-151.8782501	-191.22155759999998
-46.54832458	-190.3331146	31.28502083	-90.17414856	57.97712326	121.44065090000001	-27.70187187	-17.3285656	-30.17176437	-83.00490570000001	30.63939857	50.17604828	-24.56024933	80.15081787	114.0650558	26.45822716	-8.147217751	-18.35965347	143.2955017	21.50364876	35.66226959	-58.89268875	-155.85717769999997	-118.7629318	-40.68228531	-12.88473797	-82.15052795	-50.71142197
25.73516464	-99.57263184	-21.56469154	-100.4348755	34.25707245	22.12293434	-35.5470047	141.44671630000002	8.73541832	-8.32476902	13.575088500000001	-50.02364349	-15.81859493	16.6747303	-48.62706375	-31.7729702	-118.0151978	-11.94102287	-53.80262756	-117.6993713	67.8887558	23.80566216	-118.65815729999998	62.05349731	-6.845845222	49.09282303	-109.627121	-72.2569809
-106.57514950000001	-70.12681579999999	-281.4526367	-211.21710209999998	-47.35551834	-84.72408295	-6.031991959	289.68774410000003	-119.3321533	-167.66737369999998	-28.96542358	-46.4197731	-95.89421844	-21.26473999	-230.42527769999998	-138.8617401	-256.5022278	-189.11647030000003	-115.9046936	-15.3873291	107.5243835	290.33685299999996	-240.0708466	-52.99840927	-39.080616	49.55137253	-46.44742966	-174.2256927
88.41112518	-41.79712677	26.56055832	29.61460114	-22.24491692	53.55150223	0.4930700958	197.8177948	3.777286053	90.11941528	50.93972778	90.21601868	2.546315908	-45.88519287	-32.83547592	73.96549225	58.53259659	31.25981331	-112.49206540000002	2.565199375	-198.2989807	22.03620338	-64.04443359	-69.88158417	50.42643738	2.626768351	-70.68221283	42.30754471
90.13232422	86.07398987	-23.57692528	38.06259918	-12.48710823	95.8649292	106.3817596	176.3458405	68.16268158	-17.148178100000003	49.25016785	55.90087509	-24.81040573	73.08026886	-94.10546875	-67.30596161	-55.43493271	5.8222785	-32.37297821	-25.12750244	275.4367065	71.17273712	-12.0825634	20.87605667	25.53933144	17.78068352	-16.86083221	-36.80471420000001
-38.89967728	-133.674881	-37.76922607	-233.1646881	-16.39437675	41.96310425	-122.8799362	89.73753357	-33.2055397	43.45932007	55.34141922	105.5020676	-6.355421066	70.45704651	-29.85207939	1.753456116	-171.8516083	-91.95368195	19.41451645	-117.62200159999998	578.1072387999999	148.61741640000002	-118.9128189	-25.36602783	16.43374252	24.74583817	-54.0837822	-76.81070709
-74.61220551	-26.95331192	73.08598328	8.432171822	73.79923248	-1.6610476969999999	-13.13689518	2.526465178	-14.43521976	62.36175919	82.12319183	95.41693878	16.82116318	51.40351868	108.61176299999998	69.48841095	52.12440872	29.23303413	76.14115143	31.36942863	176.1158142	158.4731293	-64.57559204	17.94626999	73.11054993	-3.536994457	-2.815143108	-23.31326866
10.32114697	86.08586121	77.8631134	-15.67041397	33.06913376	-89.43477631	19.02460289	130.6744843	-26.79790306	-113.1394882	9.122216225	25.53035164	1.8983737230000002	70.65722656	14.57625961	-30.47129059	23.84102058	-32.45884323	30.3976078	-4.90303278	143.424469	78.76635742	-21.138237	-0.7953519820999999	-30.92187691	-63.447830200000006	-2.045479298	-107.58843229999998
-152.2097778	-51.87740707	142.2611084	2.684417248	1.750366211	131.030777	24.73463058	135.8831635	33.88925934	60.72716904	77.66008759	122.932869	-19.81028175	73.89169312	72.41453552	41.67805862	158.621048	139.0221558	1.8084537980000002	12.97498226	340.5814514	47.16797256	-0.5417935252	38.36794662	20.30621529	0.4645784497	-2.823194504	-96.03465271
27.29361534	22.9468174	97.19474792	38.24531555	18.11504555	19.12648392	-8.652097702	173.3568115	75.99025726	143.90696719999997	111.1422577	44.25567627	30.43383217	58.94138336	89.86682892	69.43006897	-19.34357262	105.15285490000001	-87.16445923	-82.56919861	-127.81739809999999	-94.87306976	48.430778499999995	-29.51079559	15.44839668	-2.679724216	-71.64924622	-36.88205719
5.623569012000001	106.3172607	50.0775032	-94.94702148	17.86208916	49.24259567	22.47027016	15.14230061	-9.683737755	54.15281296	96.99991608	173.6619568	62.36432648	83.87400055	65.06235504	13.88653851	128.4461975	113.014328	104.5448151	51.81264877	471.8061218	164.9600372	34.23506927	120.6773758	49.26391602	35.76593781	55.79683304	-53.8641243
3.983937502	-117.67673490000001	111.5805054	77.39333344	108.5765533	104.0085907	71.58428955	248.995575	24.23159409	151.5785675	65.40741729999999	147.9480133	63.86470032	-7.417607783999999	112.29071040000001	98.49337769	66.22815704	109.37348940000001	28.81262207	26.49476051	194.79977419999997	51.52230072	-23.46923256	73.06173706	97.61373138	12.46854305	26.321455	59.75140762
22.99501419	101.91548159999999	286.6398315	126.33332820000001	1.722465277	-45.70934296	-62.59533691	102.2970047	15.45050049	-62.50801468	73.12425995	137.2476196	-46.46282578	88.24825287	-1.7094161509999999	31.25540924	177.0706482	183.5270386	-47.50544357	-42.2407074	213.18382259999998	96.1687088	83.45571136	12.90697765	11.17362785	12.14703178	-25.4108696	-53.26964188
-58.60923004	-57.785739899999996	-122.6070633	-105.3770828	-2.8773384089999996	51.34367752	-15.4328413	8.335213661000001	-4.743804932	64.82257843	79.69151306	109.12516780000001	26.2998848	45.32214355	21.85310745	4.18283987	-36.31494141	-50.43968201	-11.83712101	-69.3267746	284.09432979999997	150.2144775	-22.739564899999998	54.36517715	-50.49550247	-0.8671272396999999	2.741732597	-76.0182724
-167.10119630000003	-12.39653873	-13.93653965	-95.80565643	19.64074135	11.62808132	13.72101307	62.59039688	-1.5522382259999998	44.18525314	-2.4052493569999998	81.1887207	44.82592392	99.0331192	41.01913452	-47.10611343	6.662050724	29.79301262	36.25829315	24.46259689	451.3630676	266.5158997	-68.23749542	75.9985733	49.43141556	9.605884552000001	66.81414795	-23.04769516
-64.34933472	-163.86050419999998	-6.173612595	-173.2849274	-21.61261749	2.162031651	-13.64895916	28.41656685	8.817649841	-74.54915619	-34.50262833	-59.98745728	23.58716393	71.97166443	-35.89530945	-38.81409073	-123.76506040000001	-29.73950577	-15.09310246	-91.74568939	326.4082336	141.34635930000002	-101.9525909	-7.382325648999999	89.8957901	6.997077942000001	-74.96958923	-104.7610855
-71.43647766	-142.5757294	-199.2203064	-110.68130490000001	-9.76548481	62.76499557	35.55244446	193.2208405	-47.57089233	-44.80807114	28.68906212	68.67938232	17.96085358	40.74727631	-3.2564144130000003	-67.21507263	-42.31087494	-0.07149083167	-104.50928499999999	-87.14944458	426.9997864	76.89501953	-44.99359894	-31.78874207	-9.648948669	14.35196781	-57.20520401	-169.907135
-152.3707581	110.42803959999999	115.3995361	45.96649551	-0.9159633517	6.671427727	107.13963319999999	275.33535770000003	-11.8214817	55.51219177	9.709895134	131.3111115	-39.68124008	50.3491478	16.16873741	21.52491951	42.44603348	133.271286	74.05109406	-28.43103218	496.2805786	182.90261840000002	-13.28146362	-2.0662519930000003	44.41155624	41.95442581	7.877647877	-104.5469818
-37.00664520000001	-114.49864199999999	-144.9743195	-24.55895615	-16.77988625	-39.64493942	-10.05754471	-48.97591782	-23.77079773	56.06117249	6.727251053	55.32487488	3.01514864	51.00123978	-51.9213295	-29.62108803	-38.31622696	-37.45280838	-22.91855621	-33.56171799	178.0687561	62.76067734	-39.129776	17.88393974	26.21542549	-14.16924095	-102.13999179999999	-136.3072662
8.071148872	-4.863074303	63.19830322	65.32245636	114.52021029999999	10.49110985	3.022751808	141.91061399999998	39.41511154	72.31384277	41.42150879	115.0236206	64.39051056	139.7137756	-17.91419792	18.57436752	40.88966370000001	47.54692841	38.16262054	-28.05885696	318.469635	169.2849731	125.91595459999999	50.21117783	60.95623398	24.41997147	6.601491928	-113.87486270000001
30.35751152	155.2647095	161.73684690000002	34.41829681	-35.87974167	-1.6044416430000001	79.95921326	104.71350859999998	7.050105095	-74.37298584	-38.86643982	85.41889191	49.911544799999994	15.27782249	-3.2600145339999997	-39.00790405	117.69008640000001	163.7763519	10.3899641	5.945002079	-73.66748047	16.02498627	-1.443562865	52.09555435	-29.0349369	18.48482704	-39.18513107	-79.62741089
-157.0295563	-86.68923187	-60.02367401	-250.3314667	-63.8184166	-14.1324625	-36.19642639	39.92076111	-34.00101089	-10.14487076	57.994003299999996	42.95289612	-45.55245209	73.28736115	-126.1352615	-31.97582054	-88.27783203	-22.64137268	-142.96734619999998	-147.3544159	384.1455383	125.4755936	52.25788498	70.19242096	-44.27645493	-23.32053947	-46.19254303	-26.191860199999997
-235.061142	-171.6867981	-73.69775391	-256.89367680000004	-53.51297379	91.88548279	-57.58577728	-64.53530121	-96.1546402	43.48622513	96.74832916	107.0039139	-55.36642456	85.26746368	26.48422813	62.50334549	-118.0870438	-202.74617	-95.39064026	-190.4012909	247.43469240000002	15.04869843	-89.18510437	-160.79582209999998	-53.43637466	-30.16761971	-15.57324123	-146.2178802
47.8937912	-47.16705322	60.39353943	141.4658051	-82.79082489	-8.453309059	40.72324371	1.213584065	-38.03159714	-64.99121094	56.26934814	-35.13004303	-4.51587534	75.94379425	37.89631271	-76.24875641	103.5866547	59.14362717	194.40029909999998	-83.95149231	-324.94519039999994	-305.83685299999996	4.911890507	-15.80227566	17.37853241	34.75573349	-159.71850590000003	10.96259689
-29.65945435	29.4547348	12.93760204	1.170148611	-6.936957836	13.02093029	66.69276428	169.3131866	-35.74657822	59.03841019	-5.767430305	21.09560776	-64.90797424	-23.15565681	-75.73017883	-0.1501947939	-68.04428864	85.47612762	83.02220917	-4.406689167	218.90174869999998	171.7295532	-122.828804	40.56119537	13.85116291	13.79135799	-120.7469482	-44.76426315
-0.020962785930000002	171.03312680000002	86.95825195	-43.87261963	50.23582077	151.66584780000002	29.117940899999997	116.6769409	10.02464676	105.5995636	82.96149445	135.7689819	-4.86861515	32.31622314	23.25596619	33.04002762	68.36442566	51.90004349	-56.42618179	17.48980522	204.156723	69.80268097	-67.55349731	-5.889901161	39.92034912	38.90236664	-53.51878357	-83.68339539
-28.649061199999995	-10.89569473	15.32620049	27.16152954	-29.07650757	-35.56219482	-7.917331218999999	120.9177017	-48.48464584	-21.74674606	-15.09357834	-10.99189949	-7.471720695	3.8044047360000004	-73.55919647	34.56848145	-58.6876297	-1.238541961	-4.399758339	-60.14215088	53.48836517	33.5606575	-98.84298706	5.581692219	-35.57184601	-35.47613144	-48.28479004	-37.2166748
-48.62831116	90.52253723	68.64822388	-44.39913177	17.25256348	98.42721558	30.91386223	105.3868027	-10.89457798	181.8479004	105.3476257	92.11764526	25.33018112	162.2367554	53.57521439	74.76208496	61.59333801	127.54215239999999	-77.36734009	63.82400894	-59.25488663	135.6698151	-126.63869479999998	-129.4956512	131.9045105	90.50394440000001	-17.11084557	-21.08751869
47.65442276	89.6092453	115.0303268	5.119238853	13.74880123	72.88236237	42.13867569	104.6973114	26.08719254	45.601848600000004	54.05356979	196.1070709	49.33715439	38.37551117	-49.21213531	-54.24139404	184.0478821	164.20126340000002	-73.30158234	-14.11086559	256.0762024	136.3379822	63.54465485	61.7359314	39.11073303	15.47508907	-55.61798477	-72.34630585
-28.53617668	-94.72193146	-150.10995480000003	-65.66635132	-20.55360031	0.20530901850000002	-21.93816376	57.12518692	-40.87587738	-61.90774155	-15.68982601	17.35053253	-72.48704529	17.70547295	-118.4257965	-34.40111160000001	-73.19158173	-76.91451263	-10.42604256	-64.97252655	253.83934019999998	187.4750977	7.413208008	10.96435261	-9.892820358	-61.90381241	3.673921347	-85.11439514
50.61463547	143.89974980000002	101.079628	-41.26219559	0.9536266326999999	58.71472549	72.42025757	138.8472748	-14.23375511	16.79197121	13.63486195	146.3900299	71.96108246	40.635746000000005	0.3827393651	-41.17655563	131.5226593	144.44113159999998	20.62202072	115.4158936	334.6152649	265.5144653	51.32906342	33.0630722	26.7413063	26.67569923	37.68275833	-11.18452168
-31.14292336	51.06692123	98.34154509999999	25.56050491	34.77869034	62.78512573	-27.05947113	-23.73453903	-21.41853333	-19.74031639	128.7871704	66.41571045	-61.19393158	-0.8573560119	-17.80430794	7.256473064	31.98965073	17.03778648	96.11669159	-6.397501945	155.3895264	50.17808533	-131.84106450000002	-47.27000427	-30.86452103	-26.06637764	-54.4280777	-118.69240570000001
-43.535739899999996	-84.77359009	27.27624893	-83.41588593	-42.25591278	36.97042847	10.32195091	-1.0144737959999999	14.23005104	55.65880203	71.31156158	35.27124786	15.28540421	-8.747070312	-84.30279541	-1.338657975	-3.779987097	81.60649109	8.154707908999999	32.82538986	171.5053711	166.81077580000002	-22.40753174	70.2109375	29.28341484	-3.945105791	-87.40988922	-111.9869537
-34.99381638	-37.91291428	-76.69797516	-26.80055428	-38.75527954	-33.28973389	78.91712952	234.174942	-53.84458923	-73.03983307	-25.96232796	81.48558044	-23.39973068	99.29566193	-101.47251130000001	-30.55298233	-157.80783080000003	-126.70059199999999	-94.12440491	7.374090672	53.43495178	40.22969055	-178.5608215	-35.6881218	-13.32935905	-6.769260882999999	-68.75928497	-130.5146332
53.60168457	-120.0421371	-34.42744827	-48.6556778	-65.54946136	-12.58067703	-9.998122215	74.94101715	-39.3081131	-122.4176712	-49.01633835	-4.563669682	12.56532669	-70.62862396	-6.108260632	-52.40380859	41.33463669	45.30988693	-67.79295349	-120.10162350000002	-2.086261034	-16.51406097	161.57272340000003	46.97167206	-113.8449554	-90.04317474	-126.197052	-178.3732605
115.4006729	-116.444725	-29.49606133	-5.053200245	78.91113281	168.13937380000002	8.210538864	251.44729610000002	-4.9636616710000006	2.6338801380000003	114.03459170000001	100.1369324	5.595535755	23.12639236	-22.011264800000003	2.737464905	-51.65842819	-14.43489361	1.813898325	13.79836082	377.1769409	195.0639954	-164.93128969999998	-4.459021568	-13.90274239	12.5043869	-21.83047676	-38.89037704
34.67012405	-173.1398163	-91.96471405	-49.5812149	71.83425140000001	157.67034909999998	-11.18819809	198.0667877	-60.58587265	63.11333466	106.7921219	121.46124270000001	29.24625969	-10.00352955	-8.094499588	34.32013321	-79.53119659	-21.22198868	-127.78566740000001	-80.76265717	221.08708190000002	74.38990021	-47.50031281	-5.281786442	22.95121574	48.5703125	-17.20069504	-128.8391571
1.173481941	39.54053879	-57.02986145	-120.70825959999999	-49.98468018	88.71876526	-81.42214203	-26.41059303	-40.99901199	47.89556122	86.05619812	29.01138878	38.92236328	54.20071411	-90.72101593	-27.21002579	13.14153957	7.947484016000001	-7.7341637610000005	-23.83882332	185.96850590000003	158.71017460000002	-101.48696140000001	22.61156464	-12.94922066	31.06312561	-52.64569092	-131.1114502
25.73516464	-99.57263184	-21.56469154	-100.4348755	34.25707245	22.12293434	-35.5470047	141.44671630000002	8.73541832	-8.32476902	13.575088500000001	-50.02364349	-15.81859493	16.6747303	-48.62706375	-31.7729702	-118.0151978	-11.94102287	-53.80262756	-117.6993713	67.8887558	23.80566216	-118.65815729999998	62.05349731	-6.845845222	49.09282303	-109.627121	-72.2569809
-43.41511917	-83.19581604	16.16244888	36.96039581	-84.26258087	101.9988556	39.16891098	-29.79814529	-33.89100647	-35.12696075	10.96526909	11.63528824	20.8918972	60.89136124	-93.22753906	-75.91093445	38.50387573	86.6951828	10.51853371	46.57599258	255.3701935	198.6298523	-7.161538601	38.69149779999999	9.085392952000001	25.40460587	-133.1861572	-163.37063600000002
-106.57514950000001	-70.12681579999999	-281.4526367	-211.21710209999998	-47.35551834	-84.72408295	-6.031991959	289.68774410000003	-119.3321533	-167.66737369999998	-28.96542358	-46.4197731	-95.89421844	-21.26473999	-230.42527769999998	-138.8617401	-256.5022278	-189.11647030000003	-115.9046936	-15.3873291	107.5243835	290.33685299999996	-240.0708466	-52.99840927	-39.080616	49.55137253	-46.44742966	-174.2256927
88.41112518	-41.79712677	26.56055832	29.61460114	-22.24491692	53.55150223	0.4930700958	197.8177948	3.777286053	90.11941528	50.93972778	90.21601868	2.546315908	-45.88519287	-32.83547592	73.96549225	58.53259659	31.25981331	-112.49206540000002	2.565199375	-198.2989807	22.03620338	-64.04443359	-69.88158417	50.42643738	2.626768351	-70.68221283	42.30754471
-71.89227295	-67.06969452	-128.4044342	-116.89008329999999	31.77927017	58.350109100000005	-8.547281265	209.4255219	15.14832497	30.44800377	54.09670639	113.83773799999999	-51.57162857	88.45037842	28.89177322	2.285283089	-18.65902138	57.63067245	-80.93960571	52.13196182	739.4678345	160.3548584	-81.82688141	-21.80516052	-20.30630112	-17.26738167	120.75470729999999	54.84967041
-67.83387756	-183.8781738	-4.015149593	-135.7455444	-14.07501221	1.976659775	-28.24858665	17.28975487	-9.843750953999999	-17.08942986	8.423173904	51.54658508	-2.6742889880000003	102.5723801	31.28344536	-59.776577	-70.94425964	15.87531376	-79.22306824	-43.03376007	440.5197449	149.0680695	-56.203022	28.29954147	55.60021973	1.116993427	22.22198296	-150.9211273
-152.2097778	-51.87740707	142.2611084	2.684417248	1.750366211	131.030777	24.73463058	135.8831635	33.88925934	60.72716904	77.66008759	122.932869	-19.81028175	73.89169312	72.41453552	41.67805862	158.621048	139.0221558	1.8084537980000002	12.97498226	340.5814514	47.16797256	-0.5417935252	38.36794662	20.30621529	0.4645784497	-2.823194504	-96.03465271
-46.16199875	-106.28720859999999	-88.04285431	-69.93845367	-13.29370213	43.27904129	-88.80429840000001	53.4845314	3.0278267860000003	-33.0362854	72.38328552	35.10065079	-39.60634232	50.22828293	9.868238449	-20.76304817	5.18538332	59.65554047	-25.44005013	-55.73558426	362.89227289999997	43.39312744	-19.41934967	84.32306671	-1.842329144	-15.68580437	-36.45884323	-101.1077881
-83.75424194	-92.37587738	49.70664978	-35.32976913	-3.331830978	50.46365738	-55.67457581	83.34426117	81.73069763	-11.88229656	107.341835	112.10144809999998	47.36248398	82.48957062	-34.29701996	-4.767966747	44.20029068	-10.48287582	-78.34738159	-77.85076904	50.46333313	193.2584686	70.70542908	106.7212982	66.37866211	27.47093391	8.055450439	-78.37979889
-68.51255798	15.78918266	-5.845540524	48.73910522	33.99757767	45.15921021	1.019463062	108.2830582	15.74445343	17.9882164	52.55187988	113.9286041	-13.70795059	108.57863619999999	39.33717346	-8.239721298	30.35153389	34.47838593	11.60659218	28.05800056	826.7172852000001	276.2301636	-9.569410324	35.167331700000005	7.08097887	-39.28440857	118.6819	-15.50335217
67.84534454	50.83673477	37.53702927	31.89000702	32.18382263	-61.33496094	17.29540062	64.46313477	-10.10929012	43.00948715	43.54928589	116.18426509999999	-52.60647202	17.66186142	12.34411812	60.97270203	-56.51255035	16.93922997	-118.7162781	-23.82512474	45.69701004	40.5133934	-68.61079407	19.61240959	5.324132442	-19.02361107	-108.3054199	-139.6905365
9.044880867	40.90858459	101.10185240000001	-42.56428528	-13.9278698	-19.24714661	30.09902954	133.9308929	3.827482462	22.04458427	19.86039925	84.3003006	-19.84068298	89.41049957	-21.28120422	-6.855746746	41.64224625	69.5171051	-27.18150139	-9.737808227999999	-125.7261353	39.39815521	-55.40008926	7.966816902000001	-13.91414833	65.87507629	-49.49629211	-80.46188354
5.623569012000001	106.3172607	50.0775032	-94.94702148	17.86208916	49.24259567	22.47027016	15.14230061	-9.683737755	54.15281296	96.99991608	173.6619568	62.36432648	83.87400055	65.06235504	13.88653851	128.4461975	113.014328	104.5448151	51.81264877	471.8061218	164.9600372	34.23506927	120.6773758	49.26391602	35.76593781	55.79683304	-53.8641243
22.99501419	101.91548159999999	286.6398315	126.33332820000001	1.722465277	-45.70934296	-62.59533691	102.2970047	15.45050049	-62.50801468	73.12425995	137.2476196	-46.46282578	88.24825287	-1.7094161509999999	31.25540924	177.0706482	183.5270386	-47.50544357	-42.2407074	213.18382259999998	96.1687088	83.45571136	12.90697765	11.17362785	12.14703178	-25.4108696	-53.26964188
22.86975288	11.86217594	39.70703125	2.348211765	5.54864502	-45.54611969	68.90710449	125.8473358	-10.84701347	41.03830338	-27.48225784	81.87718964	0.30092749	45.94868469	-24.23817825	-36.19947433	79.10448456	78.78803253	-29.4420929	-36.49620056	77.12604523	27.96862411	-27.74456406	84.69478607	32.39048386	-39.95698929	-62.57461548	-68.99850464
8.801844597	-5.044995308	29.48132133	-51.17368317	85.71952057	91.86009979	43.99968719	118.290451	7.726567745	49.25118637	116.097435	212.38136290000003	44.80582428	66.94782257	84.24699402	62.40691757	-82.68959045	24.60107231	-3.9791655539999997	-18.14639473	491.57711789999996	270.9702454	74.39023590000001	34.45246887	97.69354248	47.37243271	15.62976074	-30.60013008
-148.3969421	-129.9073792	43.133461	-195.74534609999998	-0.1201488376	-51.87279892	35.37430954	116.8272476	-35.57856369	78.86148834	-1.221860766	55.482948300000004	3.281294584	120.3262405	55.89027786	-16.82723808	95.41704559	-22.12637138	78.66879272	-56.49328995	639.3516235000001	341.09436039999997	-121.42138670000001	7.219088554	22.74515152	-35.72491074	37.76269531	-121.8107147
23.27538681	129.884201	126.8022919	16.47144127	13.42543507	-42.41823959	26.64048004	50.128711700000004	21.29481506	5.349209309	17.63996506	94.75684357	-37.36435699	97.67443848	30.89715958	4.697797775	6.980744362	97.79251099	-24.95242691	31.22681046	218.0739136	161.55160519999998	-94.7310257	-41.81469345	30.62300682	22.71288872	-37.92551804	-79.81978607
-58.60923004	-57.785739899999996	-122.6070633	-105.3770828	-2.8773384089999996	51.34367752	-15.4328413	8.335213661000001	-4.743804932	64.82257843	79.69151306	109.12516780000001	26.2998848	45.32214355	21.85310745	4.18283987	-36.31494141	-50.43968201	-11.83712101	-69.3267746	284.09432979999997	150.2144775	-22.739564899999998	54.36517715	-50.49550247	-0.8671272396999999	2.741732597	-76.0182724
-167.10119630000003	-12.39653873	-13.93653965	-95.80565643	19.64074135	11.62808132	13.72101307	62.59039688	-1.5522382259999998	44.18525314	-2.4052493569999998	81.1887207	44.82592392	99.0331192	41.01913452	-47.10611343	6.662050724	29.79301262	36.25829315	24.46259689	451.3630676	266.5158997	-68.23749542	75.9985733	49.43141556	9.605884552000001	66.81414795	-23.04769516
31.9194355	9.356731415	46.51488495	-73.77587891	58.01681899999999	93.47606659	99.28691101	196.48971559999998	-21.37733841	-49.05931091	80.17363739	56.99737929999999	-26.23733711	39.08974075	8.956822395	-11.81602097	-42.5294075	-41.07413101	-50.95665741	-58.17731476	128.3521881	-2.284662724	10.248909	76.26213074	18.68021584	-0.3830778003	-80.91734314	-147.7358246
23.49827385	126.5311203	111.6449203	143.1795197	74.64723969	106.8789902	12.22630501	58.50314331	24.96122932	139.0830841	87.51342009999999	269.6367188	41.88557053	-53.55902481	-61.72132874	73.33863068	122.89203640000001	138.3371582	24.41935539	-24.98326874	425.42739869999997	47.22295761	37.56310272	77.40584564	65.20778656	42.72855759	-27.93842506	-110.0079422
-58.44473648	-74.47728729	-26.88200951	-15.19574261	-4.925765038	19.89654732	-2.6876358989999996	50.55864334	-23.10717583	-9.234625816	48.22883224	148.0910034	28.76603508	50.24818802	-113.738266	52.54914856	-50.24032974	-4.80395031	-95.53678894	-87.15221405	164.9827881	84.83479309	-1.623312354	-42.60005188	-16.82355499	13.29502296	-99.5409317	-111.90789790000001
-63.46337891	110.0756912	148.47808840000002	39.87116623	-48.51810074	20.47107315	-21.83327293	-92.19671631	43.91228867	108.2664108	42.40074539	126.02332309999998	-31.865318300000002	102.4663467	-124.95858759999999	10.69978333	193.3859253	133.9206543	-90.35454559	-50.94184113	292.7589111	179.2057648	-0.3955599368	19.93426895	59.4212532	-11.810033800000001	-51.30052948	-107.3099976
-71.43647766	-142.5757294	-199.2203064	-110.68130490000001	-9.76548481	62.76499557	35.55244446	193.2208405	-47.57089233	-44.80807114	28.68906212	68.67938232	17.96085358	40.74727631	-3.2564144130000003	-67.21507263	-42.31087494	-0.07149083167	-104.50928499999999	-87.14944458	426.9997864	76.89501953	-44.99359894	-31.78874207	-9.648948669	14.35196781	-57.20520401	-169.907135
-16.48523903	-127.90094760000001	74.49567413	11.28743744	-47.3587265	-11.78596592	28.46013832	6.031397342999999	21.38871384	-33.71379852	-52.02674103	-42.99914169	17.89327621	68.46392822	-75.85469055	6.651734352	24.88020134	49.03220367	-14.1833744	-27.18426323	-22.39254189	-25.38332939	69.86079407	35.17956161	31.69738388	33.05471802	-57.70661545	-25.70066452
-152.3707581	110.42803959999999	115.3995361	45.96649551	-0.9159633517	6.671427727	107.13963319999999	275.33535770000003	-11.8214817	55.51219177	9.709895134	131.3111115	-39.68124008	50.3491478	16.16873741	21.52491951	42.44603348	133.271286	74.05109406	-28.43103218	496.2805786	182.90261840000002	-13.28146362	-2.0662519930000003	44.41155624	41.95442581	7.877647877	-104.5469818
16.63564873	20.56818771	31.91900635	55.77147293	25.622509	42.50251007	-14.46923542	45.21782303	3.9240827560000002	41.4298439	63.41054535	130.667572	22.38236427	95.02672577	15.68857098	38.32016373	-41.90018463	38.09869385	-13.60161877	-78.5531311	125.14531709999999	128.91195679999998	-33.35713577	45.11888123	23.95422745	19.91164589	-36.54216385	-43.77190018
-44.65019608	-13.26021099	78.76033783	-6.095527172000001	-19.3100872	48.21030045	-22.34194374	37.12406921	-15.63603497	7.538920403	32.65310669	74.64932251	-17.78192139	14.54820347	-62.745666500000006	-66.52331543	29.70663643	-7.039831638	51.07091904	10.00209141	247.38050840000002	89.72948456	-5.661536217	1.148508787	-24.47263908	-27.40983582	55.66186905	-133.28442379999998
8.071148872	-4.863074303	63.19830322	65.32245636	114.52021029999999	10.49110985	3.022751808	141.91061399999998	39.41511154	72.31384277	41.42150879	115.0236206	64.39051056	139.7137756	-17.91419792	18.57436752	40.88966370000001	47.54692841	38.16262054	-28.05885696	318.469635	169.2849731	125.91595459999999	50.21117783	60.95623398	24.41997147	6.601491928	-113.87486270000001
-30.63195801	-108.7985764	127.22345729999999	-34.45937347	-35.32362747	41.00828552	-52.02073288	28.13449478	-52.49149323	-57.80462646	9.810617447	5.608420849	-17.38708878	61.63926315	-15.33757973	-72.04036713	143.8658447	127.11811829999999	-8.942131996	-68.46529388	144.70022580000003	21.44088936	57.639404299999995	51.06999588	-22.85956383	-36.12895584	49.18128204	-122.63380430000001
-140.8699341	-112.33929440000001	38.73513031	-126.3772278	-113.44096370000001	14.75143242	-70.59230042	-99.19421387	-39.21269226	-57.63536453	-25.76029205	69.82857513	-30.57353973	39.94776917	-197.1727295	-40.58444595	-124.59374240000001	-83.38147736	-58.58023453	-8.649876595	258.7726135	139.8429413	-76.83381653	1.7551882269999999	-52.11109543	4.09566164	-27.81461143	-106.9884338
30.35751152	155.2647095	161.73684690000002	34.41829681	-35.87974167	-1.6044416430000001	79.95921326	104.71350859999998	7.050105095	-74.37298584	-38.86643982	85.41889191	49.911544799999994	15.27782249	-3.2600145339999997	-39.00790405	117.69008640000001	163.7763519	10.3899641	5.945002079	-73.66748047	16.02498627	-1.443562865	52.09555435	-29.0349369	18.48482704	-39.18513107	-79.62741089
15.50902367	191.9869385	66.7263031	6.3823509220000005	-4.820056438	-47.71689987	46.5947876	103.28022	8.541787148	-6.155293465	-77.70656586	-28.62745094	6.011936188	161.8497467	3.5628628730000003	60.76083755	83.54072571	96.28415679999999	37.15657806	29.48885536	41.57506179999999	146.2188721	5.561644554	63.33416367	32.28998947	10.54793262	14.90342617	-11.63436413
-157.0295563	-86.68923187	-60.02367401	-250.3314667	-63.8184166	-14.1324625	-36.19642639	39.92076111	-34.00101089	-10.14487076	57.994003299999996	42.95289612	-45.55245209	73.28736115	-126.1352615	-31.97582054	-88.27783203	-22.64137268	-142.96734619999998	-147.3544159	384.1455383	125.4755936	52.25788498	70.19242096	-44.27645493	-23.32053947	-46.19254303	-26.191860199999997
16.20002747	9.216285706	66.27801514	48.08022308	-23.63286591	55.19446564	58.8086586	66.69125366	-0.7808727026000001	21.61137581	48.17536926	65.24052429	16.99759865	49.37903976	-34.36318588	1.699561715	107.43094640000001	121.54064939999999	-49.52946854	-11.77881813	116.412056	102.42855829999999	128.81402590000002	22.03368378	-3.3185400960000004	-40.50530624	-9.399888992000001	-162.1673279
-62.77497482	-159.4097137	47.39019394	-23.76556015	-72.76369476	-13.419487	-9.144925117	20.17849159	-12.24634171	12.40424919	-18.48595619	51.77352905	-48.33708191	56.52791977	-135.2706604	-48.30020142	-3.993404627	13.95335579	-106.3930969	-116.07080079999999	40.91788101	60.09830093	-3.698687315	-2.293226719	-27.98700142	-0.9953699112000001	-120.3445129	-96.9811554
-60.78728104	-106.4218979	42.86456299	-52.71218491	-19.10681152	-57.9396019	-116.53089140000002	-31.91851807	-37.86379242	-12.01890659	-40.10765076	33.53887177	-12.58344936	77.50489807	-47.78258514	46.222435	150.2841949	83.85604858	-49.22320175	-93.92737579	291.52355960000006	102.6723251	20.91548538	29.8062458	-7.333059788	11.55842972	-61.79357147	-90.57598877
-45.94208527	63.20373917	35.61515045	-40.59070206	-9.969676018	57.55992889	-18.01950645	49.4060936	-32.23450851	16.43137741	130.186264	114.78271480000001	-41.4019165	52.03262329	-11.64893055	46.05039215	8.847876549	86.12647247	-52.25667953	-92.30389404	149.793045	167.4510345	-51.57485962	14.92830658	10.97199631	28.143247600000002	-37.08757401	-0.600066483
-17.3062973	-25.94042778	61.29003525	-36.28620529	-1.459994435	33.54288864	21.93786812	92.6842804	-13.94323063	16.1887207	101.1406708	60.20347595	-9.150182724	82.74051666	-71.14559937	40.13463211	14.35355186	73.49752045	-62.73222733	-47.58220291	296.733429	66.90270233	61.01538849	95.41648102	-12.37716579	-2.241240978	-42.84911728	-60.53878784
-0.020962785930000002	171.03312680000002	86.95825195	-43.87261963	50.23582077	151.66584780000002	29.117940899999997	116.6769409	10.02464676	105.5995636	82.96149445	135.7689819	-4.86861515	32.31622314	23.25596619	33.04002762	68.36442566	51.90004349	-56.42618179	17.48980522	204.156723	69.80268097	-67.55349731	-5.889901161	39.92034912	38.90236664	-53.51878357	-83.68339539
-28.649061199999995	-10.89569473	15.32620049	27.16152954	-29.07650757	-35.56219482	-7.917331218999999	120.9177017	-48.48464584	-21.74674606	-15.09357834	-10.99189949	-7.471720695	3.8044047360000004	-73.55919647	34.56848145	-58.6876297	-1.238541961	-4.399758339	-60.14215088	53.48836517	33.5606575	-98.84298706	5.581692219	-35.57184601	-35.47613144	-48.28479004	-37.2166748
-5.643984795	-98.82425690000001	83.35410309	-23.20763588	2.0224380490000002	75.96110535	-32.3436203	-13.85634804	14.92171764	10.75462627	3.565380096	88.80809021	-8.446203232	36.71720505	-59.67417908	11.82209778	73.53160858	79.01443481	38.33716965	6.094666481	172.5576935	113.78649140000002	82.29943085	-21.50740623	36.65117264	-43.28823853	-38.928466799999995	-102.906601
-37.20272446	-15.27775764	-100.8476257	-57.61511612	5.170620918	26.56352806	32.3108902	83.56210327	-4.375295639	27.63547516	66.65512085	42.52018738	-71.37432861	-28.89889908	-82.42324066	-39.65800858	-89.21039581	-41.49275589	75.35571289	-84.135849	267.6780396	160.02293400000002	-108.73172759999999	20.77765846	-24.75372696	13.91810989	-70.54511261	-82.74871063
-60.09954453	-130.3078156	-120.1521301	-135.4375	-91.50405121	-35.55953598	-83.73255157	-115.83645630000001	7.162557602000001	-19.869808199999998	-53.35381317	-53.40197372	-10.61473274	36.85850525	-115.2695389	-145.2434845	-31.10442543	-5.6700572970000005	-44.28210831	-59.65937424	76.06693268	109.0415649	7.835978031000001	13.26743126	-6.433996201	12.45364761	27.79362679	-158.8129883
-140.8902893	-107.690506	5.814708232999999	-116.72168729999999	-83.53566742	-32.90193176	-121.20976259999999	-99.68873596	-75.39434814	-69.4382782	-51.72589493	-36.8966713	-23.81734085	33.76229095	-56.76663208	-27.79174995	-46.10697174	-24.84498596	-45.45731354	-113.72966000000001	122.31354520000001	103.53417209999999	21.16437721	105.91416170000001	-63.39561081	-37.816211700000004	-104.46762079999999	-185.3365784
47.65442276	89.6092453	115.0303268	5.119238853	13.74880123	72.88236237	42.13867569	104.6973114	26.08719254	45.601848600000004	54.05356979	196.1070709	49.33715439	38.37551117	-49.21213531	-54.24139404	184.0478821	164.20126340000002	-73.30158234	-14.11086559	256.0762024	136.3379822	63.54465485	61.7359314	39.11073303	15.47508907	-55.61798477	-72.34630585
-80.38191223	-60.62125015	60.98244095	-11.24269772	29.14554405	20.37738037	-83.02801514	21.10255241	-51.65824509	45.3958931	17.87032318	142.92932130000003	-8.34978199	92.89877319	-1.904682755	31.13503075	64.54432678	7.070203781	-73.06082153	-57.97195053	355.1237793	197.5405579	3.5299284460000004	33.56776047	-17.06359863	38.80836105	-34.13423538	-70.10433197
-28.53617668	-94.72193146	-150.10995480000003	-65.66635132	-20.55360031	0.20530901850000002	-21.93816376	57.12518692	-40.87587738	-61.90774155	-15.68982601	17.35053253	-72.48704529	17.70547295	-118.4257965	-34.40111160000001	-73.19158173	-76.91451263	-10.42604256	-64.97252655	253.83934019999998	187.4750977	7.413208008	10.96435261	-9.892820358	-61.90381241	3.673921347	-85.11439514
50.61463547	143.89974980000002	101.079628	-41.26219559	0.9536266326999999	58.71472549	72.42025757	138.8472748	-14.23375511	16.79197121	13.63486195	146.3900299	71.96108246	40.635746000000005	0.3827393651	-41.17655563	131.5226593	144.44113159999998	20.62202072	115.4158936	334.6152649	265.5144653	51.32906342	33.0630722	26.7413063	26.67569923	37.68275833	-11.18452168
-39.87441635	-31.39912987	14.08904457	10.43544674	40.64299393	98.58864594	50.00612259	32.88277817	-15.75785542	-28.64746284	75.92807007	-15.016222	-21.85042572	45.49909592	7.838629246	-1.740181446	2.8940246110000003	33.32019043	-6.598486423	-34.61098099	363.577179	184.6405029	-92.51977539	-8.087479591000001	-14.60193443	3.702759266	-57.63652039	-61.48271561
-62.00257874	-25.627491	19.89975929	41.69054413	-6.435915947000001	28.53304863	27.438407899999998	83.23835754	-22.77474213	-19.40676117	-3.3664584160000004	86.43585205	-2.793606281	83.22293854	-31.73638535	-71.11006165	-23.78263474	99.07871246	-23.86162949	-4.630990028	368.61975099999995	135.67637630000002	73.35155487	65.31645203	-2.452312231	-11.97790623	-63.97458267	-75.26742554
-41.82162476	75.54437256	13.51540184	4.866618633	23.21960449	75.85361481	45.00188828	107.27857209999999	-25.65392303	12.62511253	66.71814728	92.66524506	5.699357986	58.89488602	126.26127620000001	-33.08843994	1.391364574	0.45607391	60.25882339	-36.19976044	228.62641910000002	172.15184019999998	-88.1774292	7.123863697000001	0.2132913768	-5.752912521	37.13100433	-78.57445526
74.33665466	45.9851265	57.96577454	83.18793488	110.020401	82.38798523	47.48826599	70.75708008	-4.509478092	42.93384933	50.18401718	25.10410118	21.94348145	76.56002045	58.2075882	59.62885666	-82.6943512	82.81820679	54.43350601	28.67521667	358.65603639999995	201.5518646	-12.47424698	56.43681335	69.05531311	81.35631561	61.96946335	-38.63643646
60.05418015	64.80532074	91.95822144	155.6294556	0.9031365514	84.34156036	116.42940520000002	114.59859469999999	24.60392189	68.13556671	126.663147	124.86926270000001	35.75930405	122.0187912	-57.98429489	-37.27185822	154.5190887	151.3361053	-49.86236572	-38.17801285	402.7900085	241.23582459999997	43.02087784	43.000701899999996	51.56397247	26.13607025	-46.87109756	-64.72033691
-34.99381638	-37.91291428	-76.69797516	-26.80055428	-38.75527954	-33.28973389	78.91712952	234.174942	-53.84458923	-73.03983307	-25.96232796	81.48558044	-23.39973068	99.29566193	-101.47251130000001	-30.55298233	-157.80783080000003	-126.70059199999999	-94.12440491	7.374090672	53.43495178	40.22969055	-178.5608215	-35.6881218	-13.32935905	-6.769260882999999	-68.75928497	-130.5146332
-76.03453064	41.38381958	19.18074417	-158.6805725	76.03908539	121.71107479999999	-43.84994888	20.21095085	25.88030815	55.57221985	38.46588516	3.750273705	1.261453271	10.955877300000001	-9.623997688	36.74213409	48.19627379999999	71.80219269	-47.11255646	3.716234207	302.9975891	315.017334	16.00348091	32.13716888	24.25605392	53.962158200000005	-93.27639771	-110.010025
173.85940549999998	-22.76212692	45.21059799	47.47984314	19.52530861	-1.6392595769999998	133.2515411	240.13342290000003	27.5744381	-44.933918	57.41481018	50.30215836	30.23601532	46.31490707	-1.925959349	-31.61970329	50.22090149	-8.808804512	49.56574631	-34.41217422	236.5340881	106.1884155	60.79895782	22.63560486	30.82797241	16.15668488	21.31096268	-87.17340851
-19.48716354	-97.60160828	85.5875473	52.4577179	-39.33163452	-25.35072899	-9.457806587	-77.66656494	-14.935371400000001	79.13975525	-43.48888779	-36.22838974	-7.914727687999999	27.63207436	-157.03121950000002	-30.61529541	31.77126503	46.44358063	-39.82223511	-80.1067276	-160.5782928	138.10870359999998	2.350557804	15.50101948	2.7632231710000004	26.77297211	-102.8258667	-50.91872025
30.63349152	-31.55623436	-10.46588802	26.54191589	105.3765717	71.71957397	7.378483295	99.50880432	9.715435982	68.53119659	76.35819244	141.64031980000001	-15.40210915	47.23657227	-14.23973465	13.87588692	-14.89579105	102.4462585	-38.20589828	-28.34793282	339.081665	85.70265198	-32.99840164	-2.357488871	74.18798828	29.24841499	-43.71086121	-144.58331299999998
119.86637879999999	-67.83019257	205.7048035	19.36703491	63.47572708	35.63263321	110.23398590000002	237.65782169999997	43.29710388	-12.50045204	42.74594498	8.893470764	38.47170639	86.90759277	-3.091537952	3.905412674	112.99100490000001	98.87979126	84.47709656	122.80937959999999	-81.45614624	-107.75032040000002	2.92505908	50.77347183	67.42847443	-9.832284927	-12.64284992	-52.11804581
-46.54832458	-190.3331146	31.28502083	-90.17414856	57.97712326	121.44065090000001	-27.70187187	-17.3285656	-30.17176437	-83.00490570000001	30.63939857	50.17604828	-24.56024933	80.15081787	114.0650558	26.45822716	-8.147217751	-18.35965347	143.2955017	21.50364876	35.66226959	-58.89268875	-155.85717769999997	-118.7629318	-40.68228531	-12.88473797	-82.15052795	-50.71142197
59.64349365	20.39824295	66.38127899	-16.19506645	-27.037012100000005	48.42321777	70.34259033	139.7761383	-36.5955658	54.93603897	72.6588974	55.66093826	22.01212883	44.00453568	-101.8960495	-2.859574556	-51.92253876	29.25428963	64.54671478	-27.84502983	70.03351593	143.62313840000002	-33.82717133	25.65213966	17.96169472	-4.673367023	-90.99346924	-8.39659214
34.67012405	-173.1398163	-91.96471405	-49.5812149	71.83425140000001	157.67034909999998	-11.18819809	198.0667877	-60.58587265	63.11333466	106.7921219	121.46124270000001	29.24625969	-10.00352955	-8.094499588	34.32013321	-79.53119659	-21.22198868	-127.78566740000001	-80.76265717	221.08708190000002	74.38990021	-47.50031281	-5.281786442	22.95121574	48.5703125	-17.20069504	-128.8391571
22.0748806	-40.24449539	-46.11074448	-22.86939049	11.63093376	27.05894279	92.91937256	98.59703064	-23.79882431	40.29833984	-10.14031124	0.09406448901	-34.75920486	-15.95723629	-13.87827778	-24.70635796	-52.46182251	34.87659454	-110.15884399999999	0.043023433539999996	371.3137512	271.54321289999996	68.7960968	0.22801578039999998	-17.34400177	23.97541237	25.63108635	-74.9079895
-43.41511917	-83.19581604	16.16244888	36.96039581	-84.26258087	101.9988556	39.16891098	-29.79814529	-33.89100647	-35.12696075	10.96526909	11.63528824	20.8918972	60.89136124	-93.22753906	-75.91093445	38.50387573	86.6951828	10.51853371	46.57599258	255.3701935	198.6298523	-7.161538601	38.69149779999999	9.085392952000001	25.40460587	-133.1861572	-163.37063600000002
-106.57514950000001	-70.12681579999999	-281.4526367	-211.21710209999998	-47.35551834	-84.72408295	-6.031991959	289.68774410000003	-119.3321533	-167.66737369999998	-28.96542358	-46.4197731	-95.89421844	-21.26473999	-230.42527769999998	-138.8617401	-256.5022278	-189.11647030000003	-115.9046936	-15.3873291	107.5243835	290.33685299999996	-240.0708466	-52.99840927	-39.080616	49.55137253	-46.44742966	-174.2256927
-94.14199829	-54.29035187	-149.1473236	-207.8228149	-43.93664551	-37.82324982	-30.21021843	-66.13130188	-70.86116028	-72.33261108	-19.82515717	-118.52226259999999	-46.30019379	22.01914597	-90.17958069	-126.7831192	-109.2204895	-96.26709747	-10.76789474	7.81977272	166.12510680000003	72.95967865	-127.75930020000001	3.423909187	-73.46413422	-25.59328461	-109.12211609999999	-66.94998932
88.41112518	-41.79712677	26.56055832	29.61460114	-22.24491692	53.55150223	0.4930700958	197.8177948	3.777286053	90.11941528	50.93972778	90.21601868	2.546315908	-45.88519287	-32.83547592	73.96549225	58.53259659	31.25981331	-112.49206540000002	2.565199375	-198.2989807	22.03620338	-64.04443359	-69.88158417	50.42643738	2.626768351	-70.68221283	42.30754471
90.13232422	86.07398987	-23.57692528	38.06259918	-12.48710823	95.8649292	106.3817596	176.3458405	68.16268158	-17.148178100000003	49.25016785	55.90087509	-24.81040573	73.08026886	-94.10546875	-67.30596161	-55.43493271	5.8222785	-32.37297821	-25.12750244	275.4367065	71.17273712	-12.0825634	20.87605667	25.53933144	17.78068352	-16.86083221	-36.80471420000001
-38.89967728	-133.674881	-37.76922607	-233.1646881	-16.39437675	41.96310425	-122.8799362	89.73753357	-33.2055397	43.45932007	55.34141922	105.5020676	-6.355421066	70.45704651	-29.85207939	1.753456116	-171.8516083	-91.95368195	19.41451645	-117.62200159999998	578.1072387999999	148.61741640000002	-118.9128189	-25.36602783	16.43374252	24.74583817	-54.0837822	-76.81070709
150.3791199	1.304351091	-85.49656677	48.11965561	43.83203506	103.1663666	77.25530243	5.194154739	0.12139178070000001	146.45417790000002	128.907547	166.24745180000002	23.98015213	73.28147888	3.336244106	21.38555336	43.33441544	159.6126404	2.235131741	64.56221771	41.6805687	118.87034609999999	-83.50421906	-36.13102341	71.46690369	-5.005445003999999	38.31100845	-68.39253998
-74.61220551	-26.95331192	73.08598328	8.432171822	73.79923248	-1.6610476969999999	-13.13689518	2.526465178	-14.43521976	62.36175919	82.12319183	95.41693878	16.82116318	51.40351868	108.61176299999998	69.48841095	52.12440872	29.23303413	76.14115143	31.36942863	176.1158142	158.4731293	-64.57559204	17.94626999	73.11054993	-3.536994457	-2.815143108	-23.31326866
-67.83387756	-183.8781738	-4.015149593	-135.7455444	-14.07501221	1.976659775	-28.24858665	17.28975487	-9.843750953999999	-17.08942986	8.423173904	51.54658508	-2.6742889880000003	102.5723801	31.28344536	-59.776577	-70.94425964	15.87531376	-79.22306824	-43.03376007	440.5197449	149.0680695	-56.203022	28.29954147	55.60021973	1.116993427	22.22198296	-150.9211273
10.32114697	86.08586121	77.8631134	-15.67041397	33.06913376	-89.43477631	19.02460289	130.6744843	-26.79790306	-113.1394882	9.122216225	25.53035164	1.8983737230000002	70.65722656	14.57625961	-30.47129059	23.84102058	-32.45884323	30.3976078	-4.90303278	143.424469	78.76635742	-21.138237	-0.7953519820999999	-30.92187691	-63.447830200000006	-2.045479298	-107.58843229999998
-152.2097778	-51.87740707	142.2611084	2.684417248	1.750366211	131.030777	24.73463058	135.8831635	33.88925934	60.72716904	77.66008759	122.932869	-19.81028175	73.89169312	72.41453552	41.67805862	158.621048	139.0221558	1.8084537980000002	12.97498226	340.5814514	47.16797256	-0.5417935252	38.36794662	20.30621529	0.4645784497	-2.823194504	-96.03465271
27.29361534	22.9468174	97.19474792	38.24531555	18.11504555	19.12648392	-8.652097702	173.3568115	75.99025726	143.90696719999997	111.1422577	44.25567627	30.43383217	58.94138336	89.86682892	69.43006897	-19.34357262	105.15285490000001	-87.16445923	-82.56919861	-127.81739809999999	-94.87306976	48.430778499999995	-29.51079559	15.44839668	-2.679724216	-71.64924622	-36.88205719
-84.38093567	8.727568626	52.96761322	-8.513654708999999	-44.77867889	22.66313934	-96.53181458	-24.25419807	22.46351051	-32.71116257	-9.238456726	71.32512665	-20.10517883	69.42939758	3.039349318	-73.04769897	11.71535492	39.16440582	-16.69345665	-69.03495026	155.56410219999998	94.31959534	3.82020545	96.60730743	14.19987583	5.0132350919999995	-36.01412201	-44.07343292
5.623569012000001	106.3172607	50.0775032	-94.94702148	17.86208916	49.24259567	22.47027016	15.14230061	-9.683737755	54.15281296	96.99991608	173.6619568	62.36432648	83.87400055	65.06235504	13.88653851	128.4461975	113.014328	104.5448151	51.81264877	471.8061218	164.9600372	34.23506927	120.6773758	49.26391602	35.76593781	55.79683304	-53.8641243
89.64558411	58.88876724	156.20004269999998	67.09755707	-21.38750648	6.401248455	37.46634293	148.7765656	46.94098663	-36.94587326	43.88090134	102.02780909999998	6.216795921	90.21045685	-5.622276306	-8.932616234	130.49617	156.1019745	-29.309930800000004	-43.80328369	443.99600219999996	145.03508	61.69973755	58.39035416	60.93347168	25.77093315	-12.85937214	-134.8062439
-148.3969421	-129.9073792	43.133461	-195.74534609999998	-0.1201488376	-51.87279892	35.37430954	116.8272476	-35.57856369	78.86148834	-1.221860766	55.482948300000004	3.281294584	120.3262405	55.89027786	-16.82723808	95.41704559	-22.12637138	78.66879272	-56.49328995	639.3516235000001	341.09436039999997	-121.42138670000001	7.219088554	22.74515152	-35.72491074	37.76269531	-121.8107147
23.27538681	129.884201	126.8022919	16.47144127	13.42543507	-42.41823959	26.64048004	50.128711700000004	21.29481506	5.349209309	17.63996506	94.75684357	-37.36435699	97.67443848	30.89715958	4.697797775	6.980744362	97.79251099	-24.95242691	31.22681046	218.0739136	161.55160519999998	-94.7310257	-41.81469345	30.62300682	22.71288872	-37.92551804	-79.81978607
-167.10119630000003	-12.39653873	-13.93653965	-95.80565643	19.64074135	11.62808132	13.72101307	62.59039688	-1.5522382259999998	44.18525314	-2.4052493569999998	81.1887207	44.82592392	99.0331192	41.01913452	-47.10611343	6.662050724	29.79301262	36.25829315	24.46259689	451.3630676	266.5158997	-68.23749542	75.9985733	49.43141556	9.605884552000001	66.81414795	-23.04769516
31.9194355	9.356731415	46.51488495	-73.77587891	58.01681899999999	93.47606659	99.28691101	196.48971559999998	-21.37733841	-49.05931091	80.17363739	56.99737929999999	-26.23733711	39.08974075	8.956822395	-11.81602097	-42.5294075	-41.07413101	-50.95665741	-58.17731476	128.3521881	-2.284662724	10.248909	76.26213074	18.68021584	-0.3830778003	-80.91734314	-147.7358246
23.49827385	126.5311203	111.6449203	143.1795197	74.64723969	106.8789902	12.22630501	58.50314331	24.96122932	139.0830841	87.51342009999999	269.6367188	41.88557053	-53.55902481	-61.72132874	73.33863068	122.89203640000001	138.3371582	24.41935539	-24.98326874	425.42739869999997	47.22295761	37.56310272	77.40584564	65.20778656	42.72855759	-27.93842506	-110.0079422
-58.44473648	-74.47728729	-26.88200951	-15.19574261	-4.925765038	19.89654732	-2.6876358989999996	50.55864334	-23.10717583	-9.234625816	48.22883224	148.0910034	28.76603508	50.24818802	-113.738266	52.54914856	-50.24032974	-4.80395031	-95.53678894	-87.15221405	164.9827881	84.83479309	-1.623312354	-42.60005188	-16.82355499	13.29502296	-99.5409317	-111.90789790000001
-64.34933472	-163.86050419999998	-6.173612595	-173.2849274	-21.61261749	2.162031651	-13.64895916	28.41656685	8.817649841	-74.54915619	-34.50262833	-59.98745728	23.58716393	71.97166443	-35.89530945	-38.81409073	-123.76506040000001	-29.73950577	-15.09310246	-91.74568939	326.4082336	141.34635930000002	-101.9525909	-7.382325648999999	89.8957901	6.997077942000001	-74.96958923	-104.7610855
-71.43647766	-142.5757294	-199.2203064	-110.68130490000001	-9.76548481	62.76499557	35.55244446	193.2208405	-47.57089233	-44.80807114	28.68906212	68.67938232	17.96085358	40.74727631	-3.2564144130000003	-67.21507263	-42.31087494	-0.07149083167	-104.50928499999999	-87.14944458	426.9997864	76.89501953	-44.99359894	-31.78874207	-9.648948669	14.35196781	-57.20520401	-169.907135
-152.3707581	110.42803959999999	115.3995361	45.96649551	-0.9159633517	6.671427727	107.13963319999999	275.33535770000003	-11.8214817	55.51219177	9.709895134	131.3111115	-39.68124008	50.3491478	16.16873741	21.52491951	42.44603348	133.271286	74.05109406	-28.43103218	496.2805786	182.90261840000002	-13.28146362	-2.0662519930000003	44.41155624	41.95442581	7.877647877	-104.5469818
-37.00664520000001	-114.49864199999999	-144.9743195	-24.55895615	-16.77988625	-39.64493942	-10.05754471	-48.97591782	-23.77079773	56.06117249	6.727251053	55.32487488	3.01514864	51.00123978	-51.9213295	-29.62108803	-38.31622696	-37.45280838	-22.91855621	-33.56171799	178.0687561	62.76067734	-39.129776	17.88393974	26.21542549	-14.16924095	-102.13999179999999	-136.3072662
16.63564873	20.56818771	31.91900635	55.77147293	25.622509	42.50251007	-14.46923542	45.21782303	3.9240827560000002	41.4298439	63.41054535	130.667572	22.38236427	95.02672577	15.68857098	38.32016373	-41.90018463	38.09869385	-13.60161877	-78.5531311	125.14531709999999	128.91195679999998	-33.35713577	45.11888123	23.95422745	19.91164589	-36.54216385	-43.77190018
39.75710678	71.95970917	46.40264511	-43.24567795	32.32688141	-47.17609406	45.80182266	85.16449738	-49.18561935	6.101172447000001	6.4231739039999995	-4.905461311	-10.96304989	105.0063324	14.74951935	13.88450241	30.97121811	42.934177399999996	-15.58327866	-55.61833954	45.62958145	-16.88750076	-53.35259628	-21.585235600000004	25.83988571	53.86451721	-117.2567291	-77.82728577
8.071148872	-4.863074303	63.19830322	65.32245636	114.52021029999999	10.49110985	3.022751808	141.91061399999998	39.41511154	72.31384277	41.42150879	115.0236206	64.39051056	139.7137756	-17.91419792	18.57436752	40.88966370000001	47.54692841	38.16262054	-28.05885696	318.469635	169.2849731	125.91595459999999	50.21117783	60.95623398	24.41997147	6.601491928	-113.87486270000001
16.20002747	9.216285706	66.27801514	48.08022308	-23.63286591	55.19446564	58.8086586	66.69125366	-0.7808727026000001	21.61137581	48.17536926	65.24052429	16.99759865	49.37903976	-34.36318588	1.699561715	107.43094640000001	121.54064939999999	-49.52946854	-11.77881813	116.412056	102.42855829999999	128.81402590000002	22.03368378	-3.3185400960000004	-40.50530624	-9.399888992000001	-162.1673279
-114.00913999999999	-204.52522280000002	-50.17684555	-50.31814575	1.4579510690000002	25.78409386	-94.14997864	21.62150955	-48.89246368	-46.34539413	-2.241837025	36.11250687	48.27006531	18.39216042	-72.53344727	-40.99345016	-130.9698639	-15.22377682	59.01736069	-11.72126579	151.7733154	65.30939484	-43.40610123	2.735044479	4.370403767	17.38710213	-75.75204468	-161.5041351
-235.061142	-171.6867981	-73.69775391	-256.89367680000004	-53.51297379	91.88548279	-57.58577728	-64.53530121	-96.1546402	43.48622513	96.74832916	107.0039139	-55.36642456	85.26746368	26.48422813	62.50334549	-118.0870438	-202.74617	-95.39064026	-190.4012909	247.43469240000002	15.04869843	-89.18510437	-160.79582209999998	-53.43637466	-30.16761971	-15.57324123	-146.2178802
32.85765076	168.88706969999998	129.7851562	75.8633728	62.24695587	23.42055511	22.41066742	92.94671631	28.47012138	83.02571106	15.38314247	36.31335068	-22.56172943	4.751909733	-42.02794266	57.17990494	40.96474838	113.74766540000002	-39.59259415	-32.37089539	426.81527710000006	206.4411469	-10.68540287	-47.71737671	26.18895912	19.07852173	-12.24385738	-64.03350067
-135.1281738	-99.88629913	-2.307966709	-158.7754059	-22.19942665	47.99173737	-70.54726409999999	7.696575165	-55.98667145	-35.34988022	33.26916504	53.62352371	37.41633987	101.3694458	-48.05248642	42.61243057	-23.63071823	29.44082832	-62.98501968	-98.72579193	601.7042236000001	157.9663239	-54.82369614	23.96986008	-41.27629471	-19.10881996	-104.3212891	-164.9963989
-0.020962785930000002	171.03312680000002	86.95825195	-43.87261963	50.23582077	151.66584780000002	29.117940899999997	116.6769409	10.02464676	105.5995636	82.96149445	135.7689819	-4.86861515	32.31622314	23.25596619	33.04002762	68.36442566	51.90004349	-56.42618179	17.48980522	204.156723	69.80268097	-67.55349731	-5.889901161	39.92034912	38.90236664	-53.51878357	-83.68339539
-69.15948486	-71.56893158	189.901825	9.187746048	36.44561005	-30.34813499	-11.64570713	48.64396667	-24.34483147	58.01515198	43.62340927	41.64861298	-53.57842255	20.34859085	-77.63871765	39.69490814	-34.5945015	68.62421417	-14.19453716	-30.30178833	196.6373596	124.95509340000001	-222.3433075	12.60136986	3.720390558	6.779898642999999	-92.19586945	22.55389977
-5.643984795	-98.82425690000001	83.35410309	-23.20763588	2.0224380490000002	75.96110535	-32.3436203	-13.85634804	14.92171764	10.75462627	3.565380096	88.80809021	-8.446203232	36.71720505	-59.67417908	11.82209778	73.53160858	79.01443481	38.33716965	6.094666481	172.5576935	113.78649140000002	82.29943085	-21.50740623	36.65117264	-43.28823853	-38.928466799999995	-102.906601
-78.86299896	-18.45707512	-28.91179848	-76.23779297	-35.94530869	-47.97352982	-118.9285889	-86.39868927	-6.496408939	-17.18081856	-35.69685364	-12.16121101	-62.32140732	12.5620451	-93.19133759	-53.74069977	-45.48140717	30.42162895	28.79337502	-48.06861115	-4.812823772	101.61411290000001	-79.08582306	13.47545719	3.6982204910000003	-4.472928047	-47.0753479	-99.35801697
-37.20272446	-15.27775764	-100.8476257	-57.61511612	5.170620918	26.56352806	32.3108902	83.56210327	-4.375295639	27.63547516	66.65512085	42.52018738	-71.37432861	-28.89889908	-82.42324066	-39.65800858	-89.21039581	-41.49275589	75.35571289	-84.135849	267.6780396	160.02293400000002	-108.73172759999999	20.77765846	-24.75372696	13.91810989	-70.54511261	-82.74871063
-48.62831116	90.52253723	68.64822388	-44.39913177	17.25256348	98.42721558	30.91386223	105.3868027	-10.89457798	181.8479004	105.3476257	92.11764526	25.33018112	162.2367554	53.57521439	74.76208496	61.59333801	127.54215239999999	-77.36734009	63.82400894	-59.25488663	135.6698151	-126.63869479999998	-129.4956512	131.9045105	90.50394440000001	-17.11084557	-21.08751869
-28.53617668	-94.72193146	-150.10995480000003	-65.66635132	-20.55360031	0.20530901850000002	-21.93816376	57.12518692	-40.87587738	-61.90774155	-15.68982601	17.35053253	-72.48704529	17.70547295	-118.4257965	-34.40111160000001	-73.19158173	-76.91451263	-10.42604256	-64.97252655	253.83934019999998	187.4750977	7.413208008	10.96435261	-9.892820358	-61.90381241	3.673921347	-85.11439514
-93.94744109999999	31.54180145	-70.32754517	-74.05669403	-97.31299591	10.792500500000001	-74.2875824	-58.67986679	-87.96938324	-27.04429245	-32.5589447	24.26256561	-21.23366547	-7.256316662000001	-133.59335330000002	-59.93606186	-89.51023102	-66.26361084	-144.83244319999997	-154.903244	390.1934204	173.0500793	-73.70345306	17.295681	-37.08098984	-55.92588043	-133.4822083	-197.4318085
50.61463547	143.89974980000002	101.079628	-41.26219559	0.9536266326999999	58.71472549	72.42025757	138.8472748	-14.23375511	16.79197121	13.63486195	146.3900299	71.96108246	40.635746000000005	0.3827393651	-41.17655563	131.5226593	144.44113159999998	20.62202072	115.4158936	334.6152649	265.5144653	51.32906342	33.0630722	26.7413063	26.67569923	37.68275833	-11.18452168
-62.00257874	-25.627491	19.89975929	41.69054413	-6.435915947000001	28.53304863	27.438407899999998	83.23835754	-22.77474213	-19.40676117	-3.3664584160000004	86.43585205	-2.793606281	83.22293854	-31.73638535	-71.11006165	-23.78263474	99.07871246	-23.86162949	-4.630990028	368.61975099999995	135.67637630000002	73.35155487	65.31645203	-2.452312231	-11.97790623	-63.97458267	-75.26742554
-31.14292336	51.06692123	98.34154509999999	25.56050491	34.77869034	62.78512573	-27.05947113	-23.73453903	-21.41853333	-19.74031639	128.7871704	66.41571045	-61.19393158	-0.8573560119	-17.80430794	7.256473064	31.98965073	17.03778648	96.11669159	-6.397501945	155.3895264	50.17808533	-131.84106450000002	-47.27000427	-30.86452103	-26.06637764	-54.4280777	-118.69240570000001
-43.535739899999996	-84.77359009	27.27624893	-83.41588593	-42.25591278	36.97042847	10.32195091	-1.0144737959999999	14.23005104	55.65880203	71.31156158	35.27124786	15.28540421	-8.747070312	-84.30279541	-1.338657975	-3.779987097	81.60649109	8.154707908999999	32.82538986	171.5053711	166.81077580000002	-22.40753174	70.2109375	29.28341484	-3.945105791	-87.40988922	-111.9869537
-41.82162476	75.54437256	13.51540184	4.866618633	23.21960449	75.85361481	45.00188828	107.27857209999999	-25.65392303	12.62511253	66.71814728	92.66524506	5.699357986	58.89488602	126.26127620000001	-33.08843994	1.391364574	0.45607391	60.25882339	-36.19976044	228.62641910000002	172.15184019999998	-88.1774292	7.123863697000001	0.2132913768	-5.752912521	37.13100433	-78.57445526
-34.99381638	-37.91291428	-76.69797516	-26.80055428	-38.75527954	-33.28973389	78.91712952	234.174942	-53.84458923	-73.03983307	-25.96232796	81.48558044	-23.39973068	99.29566193	-101.47251130000001	-30.55298233	-157.80783080000003	-126.70059199999999	-94.12440491	7.374090672	53.43495178	40.22969055	-178.5608215	-35.6881218	-13.32935905	-6.769260882999999	-68.75928497	-130.5146332
53.60168457	-120.0421371	-34.42744827	-48.6556778	-65.54946136	-12.58067703	-9.998122215	74.94101715	-39.3081131	-122.4176712	-49.01633835	-4.563669682	12.56532669	-70.62862396	-6.108260632	-52.40380859	41.33463669	45.30988693	-67.79295349	-120.10162350000002	-2.086261034	-16.51406097	161.57272340000003	46.97167206	-113.8449554	-90.04317474	-126.197052	-178.3732605
-24.43436813	-81.72909546	0.14730903509999999	27.33716011	33.49831009	108.47846979999998	74.77945709	-29.52343559	-82.21156311	-86.09558868	86.91690826	84.99245453	-26.58850098	88.36096954	56.99804306	-31.949853899999997	81.03725433	-11.01975918	-52.61578369	15.77079773	209.13093569999998	289.2946472	-94.05252075	-0.2875543535	-34.15726471	-10.65089035	66.95753479	-12.34030342
115.4006729	-116.444725	-29.49606133	-5.053200245	78.91113281	168.13937380000002	8.210538864	251.44729610000002	-4.9636616710000006	2.6338801380000003	114.03459170000001	100.1369324	5.595535755	23.12639236	-22.011264800000003	2.737464905	-51.65842819	-14.43489361	1.813898325	13.79836082	377.1769409	195.0639954	-164.93128969999998	-4.459021568	-13.90274239	12.5043869	-21.83047676	-38.89037704
173.85940549999998	-22.76212692	45.21059799	47.47984314	19.52530861	-1.6392595769999998	133.2515411	240.13342290000003	27.5744381	-44.933918	57.41481018	50.30215836	30.23601532	46.31490707	-1.925959349	-31.61970329	50.22090149	-8.808804512	49.56574631	-34.41217422	236.5340881	106.1884155	60.79895782	22.63560486	30.82797241	16.15668488	21.31096268	-87.17340851
12.79435444	61.803623200000004	49.61585236	3.9343090060000003	92.99732971	54.69706726	33.77032089	103.278038	-44.32835388	67.23953247	43.8679924	97.25310516	-86.35890198	64.60778809	-21.50966835	15.02845669	-45.90586853	91.14601898	74.79427338	-68.68669891	227.2922516	251.8390503	-32.15238571	90.29508972	29.43913651	1.8646150830000001	-10.45084858	6.197439671000001
30.63349152	-31.55623436	-10.46588802	26.54191589	105.3765717	71.71957397	7.378483295	99.50880432	9.715435982	68.53119659	76.35819244	141.64031980000001	-15.40210915	47.23657227	-14.23973465	13.87588692	-14.89579105	102.4462585	-38.20589828	-28.34793282	339.081665	85.70265198	-32.99840164	-2.357488871	74.18798828	29.24841499	-43.71086121	-144.58331299999998
119.86637879999999	-67.83019257	205.7048035	19.36703491	63.47572708	35.63263321	110.23398590000002	237.65782169999997	43.29710388	-12.50045204	42.74594498	8.893470764	38.47170639	86.90759277	-3.091537952	3.905412674	112.99100490000001	98.87979126	84.47709656	122.80937959999999	-81.45614624	-107.75032040000002	2.92505908	50.77347183	67.42847443	-9.832284927	-12.64284992	-52.11804581
-38.36289215	-310.03686519999997	224.90512080000002	88.05304718	38.59894179999999	28.808504100000004	52.765728	-9.946255684	-0.3664046228	-2.492196798	28.99039078	67.69257355	13.63068295	-18.84904099	50.90725327	114.14676670000001	113.00954440000001	154.78079219999998	-88.40098572	2.6156163219999997	-254.83059690000002	-21.61695862	69.22330475	-3.3047928810000005	-7.748728752000001	-35.95653534	-31.54663086	111.2816467
-177.7254028	-200.32415769999997	-209.589035	-232.8669281	-46.05831909	-37.12877655	-81.56432343	182.6906738	-139.4225159	-296.7221985	33.38404083	89.88751984	-82.8294754	18.78922844	-38.44925308	-12.74098396	-305.3348083	-278.44931030000004	36.61935043	-40.02762985	33.23212433	30.64803123	-337.5845642	-23.85890579	-2.224418163	-31.26362801	-111.50837709999999	-98.44760132
25.73516464	-99.57263184	-21.56469154	-100.4348755	34.25707245	22.12293434	-35.5470047	141.44671630000002	8.73541832	-8.32476902	13.575088500000001	-50.02364349	-15.81859493	16.6747303	-48.62706375	-31.7729702	-118.0151978	-11.94102287	-53.80262756	-117.6993713	67.8887558	23.80566216	-118.65815729999998	62.05349731	-6.845845222	49.09282303	-109.627121	-72.2569809
-43.41511917	-83.19581604	16.16244888	36.96039581	-84.26258087	101.9988556	39.16891098	-29.79814529	-33.89100647	-35.12696075	10.96526909	11.63528824	20.8918972	60.89136124	-93.22753906	-75.91093445	38.50387573	86.6951828	10.51853371	46.57599258	255.3701935	198.6298523	-7.161538601	38.69149779999999	9.085392952000001	25.40460587	-133.1861572	-163.37063600000002
-106.57514950000001	-70.12681579999999	-281.4526367	-211.21710209999998	-47.35551834	-84.72408295	-6.031991959	289.68774410000003	-119.3321533	-167.66737369999998	-28.96542358	-46.4197731	-95.89421844	-21.26473999	-230.42527769999998	-138.8617401	-256.5022278	-189.11647030000003	-115.9046936	-15.3873291	107.5243835	290.33685299999996	-240.0708466	-52.99840927	-39.080616	49.55137253	-46.44742966	-174.2256927
90.13232422	86.07398987	-23.57692528	38.06259918	-12.48710823	95.8649292	106.3817596	176.3458405	68.16268158	-17.148178100000003	49.25016785	55.90087509	-24.81040573	73.08026886	-94.10546875	-67.30596161	-55.43493271	5.8222785	-32.37297821	-25.12750244	275.4367065	71.17273712	-12.0825634	20.87605667	25.53933144	17.78068352	-16.86083221	-36.80471420000001
