-89.44282532	-707.9782104	-97.27639771	8.587137222	-152.4692688	98.96230316	-275.78799439999995	-496.2112122	0.4757446051	-269.2990417	43.71953964	142.5337372	-78.87359619	-33.85301971	32.21543884	-123.94828799999999	-14.53547192	-156.7516327	234.2655945	-162.9840393	-179.13677980000003	648.5466918999999	364.1085205	-88.27777863	16.04977798	-190.1273193	-9.100995064	-230.78277590000002
294.1889954	403.04779049999996	254.7077179	376.83389280000006	40.18059158	146.9582367	219.8207397	396.12438960000003	57.69059372	66.05822754	-39.36489487	-14.30213547	-7.017348289	314.5027466	-39.86328125	77.20938873	348.2868347	280.69577030000005	52.11756897	186.2669678	-57.430206299999995	-16.3613739	320.34118650000005	144.29229740000002	-2.154829741	-65.76361084	26.94402313	159.1766205
-90.72658539	-514.4793701	-44.88164902	-147.145874	28.99050331	180.7629242	2.8142139910000004	-83.83397675	-210.35363769999998	-1.4009314780000002	81.92514038	142.9150085	-118.11924740000002	74.14933014	-5.666370392	-95.06049347	-291.1487122	-274.748291	754.137207	-221.15765380000002	40.20155334	65.42155457	67.83792114	-133.15472409999998	-5.748158455	-76.32369232	-110.4427872	-202.9665985
-35.63514328	-224.85317990000001	-107.4435196	25.37396622	-14.17203331	205.90132140000003	-311.8703003	-403.1583557	-124.35914609999999	-102.56680300000001	-20.87366676	152.30505369999997	-27.04798317	-44.1658783	-108.4040909	-100.9898071	-168.4549561	-30.908378600000002	614.6784667999999	44.31492996	-34.69886017	-1.2138744590000001	-241.9994202	-147.23249819999998	-113.96150970000001	-169.57707209999998	-68.43737793	-81.3920517
123.57558440000001	-621.0941772000001	-352.9544373	-220.3858643	-74.84323883	24.74863434	-200.50547790000002	-564.6696777000001	-431.8972778	-179.13836669999998	-101.0193176	163.1190033	-143.5677338	-175.7748718	-63.73646927	-94.22911835	-643.3179321	-725.8801269999999	656.1053467	-378.15533450000004	504.50543210000006	653.4425049	-81.72397614	-168.65344240000002	-327.0636902	-254.99520869999998	-214.16249080000003	-483.07354739999994
-156.6058044	26.58449745	-69.38729095	-85.82887268	-151.8401031	-5.7542262079999995	-278.5637512	-316.0298462	-52.363632200000005	12.66994667	2.43657589	19.43728065	-49.19875336	-30.46604919	-105.22914890000001	-132.8048706	-168.5173187	-263.1685486	-260.2382202	-152.021225	-28.95506668	236.1756897	-171.8353882	-83.09830475	-179.80809019999998	-128.2934418	-114.621788	-265.9989624
-103.4409256	-352.0426941	147.6978455	143.49046330000002	-83.04415894	153.3394623	-192.6293335	-457.0948791999999	-26.97574615	-115.720253	14.25041008	-0.7730808854000001	-9.958058357	90.37089539	-28.9268322	-334.35650630000004	111.76590729999998	51.67604065	722.9948730000001	251.88589480000005	319.56674189999995	305.0279236	273.7763977	-111.51545719999999	-39.44839478	-69.28143311	-107.4591064	50.96733093
24.96362495	285.116333	168.2045135	140.43121340000002	52.08543015	185.90185549999998	210.5725403	295.13696289999996	19.71584892	41.49294662	-91.46283722	-8.345761299	-92.87975311	-110.7147064	58.83998489	151.8350525	262.5027161	146.0709534	-251.9039764	564.4083252	-341.58569339999997	-176.4354401	-107.5638123	54.90679169	91.75688934	54.13132858	316.57809449999996	370.0166016
-135.5133514	-163.3048096	64.57751465	-5.442101955	-72.08438873	-35.672107700000005	-136.3096466	-171.7207336	39.55829239	18.30199814	4.568773746000001	65.10861206	-56.204216	-105.65908049999999	104.252655	431.1637573	247.33180240000002	113.7262497	32.0267067	-71.73455048	-201.7647095	42.21416473	101.6499329	-93.95777893	-24.96875	13.6171217	-169.2092743	36.48881149
489.50070189999997	-279.2280579	206.99671940000002	246.4258575	3.660395145	254.1757812	46.014717100000006	-24.02223587	66.44244385	-61.27327347	-28.89460945	144.443222	44.8079834	306.2508545	156.896698	52.70109558	247.63011170000001	164.4438934	807.6305542	135.20443730000002	89.34104156	211.2883759	-19.24747658	-30.09820366	87.67053223	-65.58090973	170.06512450000002	-126.6740341
-57.22644424	-237.87307740000003	-114.5950851	-66.13315582	116.40274050000001	309.5340881	-254.8199921	-688.3729248	-172.7987671	-100.5154572	182.33866880000002	256.7851257	-101.7221527	-341.3362122	73.37341309	-228.63865660000002	-181.0089722	19.52880096	103.6735001	159.24487299999998	135.3031769	-95.6308136	-111.11825559999998	-62.47741699	8.363666534	-193.8428802	341.15716549999996	82.67019653
86.45615387	22.67403412	-97.81674194	-44.15916824	22.64772034	127.5563202	118.8953018	210.5086517	20.17241096	-114.93756869999999	-15.42154026	40.08640289	-106.86621090000001	-36.288829799999995	-34.21922302	-153.3552246	-3.752232075	-97.59298706	412.4855042	20.17362213	-249.82312009999998	-285.2244263	-62.63140106	-82.67633057	-31.940069199999996	-73.58421326	-144.2229462	34.03651428
-380.0487061	-533.248291	155.33801269999998	109.21219640000001	-64.50924683	132.98121640000002	-143.914978	-273.1974487	-89.82854462	-144.2415009	72.60925293	123.7337952	-44.74394226	81.25153351	-46.74485779	-136.6260376	-0.4664236903	-70.94650269	-68.86221313	-399.1838074	-351.70507810000004	191.1204376	25.59997559	-112.49832920000001	103.1971512	-35.69435120000001	-407.033844	-494.13647460000004
-115.6677475	-121.90009309999999	78.29975891	155.2782593	-77.79423523	191.21348569999998	-217.53915409999996	-193.2824707	-6.169631957999999	-13.67190838	-22.39325905	-18.22393227	-62.55242157	-43.613475799999996	-53.66201782	-168.1028595	-84.45045471	-138.85261540000002	-124.3482513	109.4275665	-193.8704529	-9.495474815	-9.150219917000001	-84.01457214	7.242006779	-26.33439255	-231.5436401	-177.5065765
52.02013016	-493.57507319999996	-124.0565338	17.67099953	-50.24498749	14.310177800000002	-133.514328	-104.66811369999999	-99.19155884	-76.28432465	-22.33590508	-71.49691772	-15.69480419	-188.77685549999998	-80.94265747	5.146517277	23.58086967	17.22190475	66.15522766	239.6270142	-66.63416289999999	195.63549799999998	106.1973801	8.237704277	40.40216446	-20.02970314	-34.43630219	91.32518768
-257.2543945	-109.76879879999998	104.6163406	123.7371368	-60.92223739999999	65.61551666	-21.39109421	-121.8675385	26.5314064	109.83682250000001	124.27306370000001	19.30534172	71.74697876	112.0682449	-31.78911591	-85.17440033	175.1815033	199.25001530000003	-182.0747375	-38.46366501	-69.10119629	36.95185089	174.8677826	-79.38336182	-4.565055847	124.845932	-179.1567993	-60.57931137
-7.441935539	396.68807979999997	185.47679140000002	313.1722412	-7.4766321179999995	136.4795227	-58.95353699	411.2457886	149.49800109999998	177.1687469	18.70200539	20.18521118	5.528756617999999	447.58789060000004	-23.22281075	59.37548447	59.79938126	106.59521480000001	-255.59083560000002	272.456543	396.55725099999995	-124.2024994	379.0833435	91.25079346	88.95695496	112.9437561	-10.82566833	278.56750489999996
-193.7409821	-662.6470947	2.614898205	-39.53606796	-107.6506729	88.01831818	-200.51885990000002	-649.1512451	45.84002304	-19.34024048	-13.20422935	126.06764979999998	33.09597397	42.50710297	-22.60878944	-132.8581238	-67.96039581	-206.8678741	-208.0693054	-9.814406395	-121.0080261	223.2359619	80.25384521	-52.73056793	84.49506378	-71.77013397	-319.0613098	-330.4804688
132.9963837	-140.5329285	-71.25437927	-70.76579285	-96.39328003	-17.3287468	-140.4081421	-411.19476319999995	95.80347443	146.0266571	-38.45203781	-39.81666565	-49.04764557	2.005354881	-11.66535473	-72.63076019	113.5581436	177.309906	167.02883909999997	153.5961304	614.3244629	86.65061188	92.63053131	-104.4735565	-28.79025269	22.12672997	89.52094269	-72.61425018
213.15892030000003	55.86420059	-182.5889893	-107.59347530000001	-78.68639374	-45.92663193	150.379425	80.53736877	-101.1288071	-121.88153840000001	106.80681609999999	11.2946825	-142.45272830000002	-46.95287323	-54.71788406	-207.44215390000002	-322.2130432	-323.8526611	32.52603531	-274.72927860000004	540.329834	-458.51986689999995	-49.62129974	-242.47821040000002	-36.57768631	58.33900452	-279.5828247	-387.60922239999996
-523.5032348999999	-263.2254333	-73.26630402	-17.66316795	-52.10037231	104.97293090000001	-280.1908264	-295.29193119999996	25.59445	-260.1619873	62.43071747	113.57785030000001	-25.31506729	9.239952087	7.852293491	74.4657135	19.73740768	78.78647614	-475.24621579999996	-1.9754575490000001	-523.1843262	181.16244509999999	-15.63936234	-111.20818329999999	-71.76288605	-11.95089626	-226.531662	-44.92855835
267.1964722	132.53129579999998	-69.69925690000001	-199.752594	5.006886959	143.5865784	3.9948170189999996	43.04029083	43.76283646	37.45571518	-61.528965	-175.4041595	-42.84175873	151.8790741	-69.98942566	-190.0681305	5.535177707999999	6.271789551	169.65628049999998	-34.99881744	636.897644	-405.5112	212.61701969999996	-63.07557297	93.54463959	-37.02695465	-131.9344635	-155.8273926
-621.2163696	-693.4467162999999	-43.41218948	-38.8732605	-94.29925537	172.0630646	-575.2213745	-454.3186951	-184.177124	-331.7278442	105.52832790000001	-2.869591236	75.12937927	3.2581179139999996	-116.8219376	-142.6858521	-134.3136597	-98.5287323	-548.1260376	-221.9640045	-236.83488459999998	344.5043335	-290.4309082	-328.704834	-127.64916229999999	-110.6260834	-553.7613525	-208.92306519999997
-6.737651347999999	-38.34866333	-62.397735600000004	131.470871	-100.5256348	121.17106629999999	99.70132446	-42.93890381	-10.15160942	61.64195251	86.43663788	69.02075195	-50.5490303	-93.26290131	-111.52324679999998	-9.823264122000001	30.40109825	161.9893646	160.4406281	49.60306168	223.26399229999998	375.1328125	101.240448	102.8019562	36.74372482	-32.42765045	204.3317413	-108.711647
-77.08708191	-186.06538390000003	-137.7745514	40.32131577	35.50646210000001	-19.71764755	-273.08874510000004	-93.58060455	27.75351524	-38.40979385	-251.38066099999998	-122.7385406	-39.65605927	-101.4631042	12.80116749	-131.4804993	-24.3166275	-12.55925655	251.0731812	-399.3807983	980.8828125	-50.73587036	432.7451477	-65.29901886	-58.16737366	-36.87259293	159.2354126	-263.194458
30.04258347	-20.75593567	87.24544525	131.2234497	-136.4198456	141.4949646	-33.73780441	94.13239288	10.07300282	74.40132904	-153.2969208	-15.71438694	-75.71003723	55.11756516	-219.2098389	-193.4632874	72.75498199	148.0960693	165.6628876	-101.8036041	-370.7059021	-33.68997955	-119.8068848	81.16803741	23.24577141	7.76464653	-38.19721603	85.70030975
89.27683258	-90.65449524	-153.4137268	-194.5340271	-72.54501343	110.97345729999999	-86.51864624	34.76950836	71.73008728	-104.18418879999999	55.37385559	107.48059840000002	1.702195287	29.02793503	-81.9030838	-191.96537780000003	-10.18572998	-74.16925049	207.2583466	-242.89804080000002	-8.903131485	-291.9225464	-62.13470078	-105.0592041	0.6624606252	-40.95766449	228.6151276	298.130127
-26.04120064	-174.4964752	28.65548134	-22.1970768	-58.06362152	5.736020087999999	-17.03419113	-120.5393295	2.6186814309999997	9.721470833	38.58819962	-11.87742805	20.25558472	29.13002586	5.726245402999999	-239.52937319999998	155.00817869999997	156.5264435	413.6003723	-237.8911285	499.72726439999997	53.59916306	39.16912079	8.498101234	29.66791534	49.17383194	284.24600219999996	262.7734375
-193.89270019999998	-321.8581848	101.9745941	225.4727936	-35.55136108	90.84510803	-225.3600311	-358.2285767	19.11810875	-1.478916526	46.21843719	23.66179466	-52.27457428	16.09966278	-8.754714012	-35.81564331	-55.33489609	16.21861267	332.0847473	71.73742676	113.11878200000001	138.652298	466.09814450000005	138.66696169999997	97.26622009	76.20807648	-36.63399124	-38.4326973
-66.70956421	-40.08304214	-70.50656128	-246.1093445	-111.22060390000001	43.48436356	102.1345978	138.05593869999998	-43.48177338	-315.4447937	-245.28295899999998	-110.4299011	-214.54106140000002	-50.78676224	-156.3372955	-127.57769009999998	-339.18450930000006	-330.385498	-10.18495083	158.7038269	198.483139	109.58452609999999	-325.60211180000005	-350.6847534	-163.7302856	-124.33698270000001	-225.3348694	-387.4914246
-330.6994934	-131.2641449	-36.89367676	241.27926639999998	-206.1394196	167.6499481	-115.83947749999999	5.853500843	5.511233807000001	-38.66817093	-11.13746929	-78.03656769	-149.8635864	-114.33415990000002	-240.30140690000002	-404.3817139	-217.2641602	-101.26529690000001	25.13647461	-12.74433422	-411.3941345	1.556978583	-140.7405548	-104.58214570000001	-140.3258057	-85.6795578	-133.1426086	-293.4065247
-392.76315310000007	-532.2041016	58.39056015	19.69273949	-68.73422241	98.64514923	-261.8696594	-350.86236569999994	47.80759811	34.43729401	6.222049713	132.9196472	-1.019832373	56.95410919	-84.26181793	-170.79609680000002	-168.19012450000002	-140.7379456	92.92023468	-269.6631775	51.70774078	112.429718	-129.89248659999998	-100.919899	71.77558899	21.05623245	-162.92108149999999	-206.9427185
-452.62881469999996	-402.5505981	-189.16567990000001	22.00749016	-27.07868958	70.66040039	-124.76882930000001	-155.63282780000003	-66.2347641	-396.27413939999997	111.2522888	82.52868652	-36.78589249	93.21505737	11.24359989	83.03408813	-411.92163089999997	-290.40100099999995	-609.2598877	-353.1030579	-442.77136229999996	600.8262329	-153.4506836	-117.134491	18.3793354	-41.23925018	-5.15763092	-168.4882812
39.03881073	-397.6560669	0.49433714149999997	52.32382202	-119.59388729999999	164.9251404	-19.75171661	-240.3041992	-14.28130627	67.24788666	21.09815598	-122.11706540000002	-162.64472959999998	-77.20926666	-175.1166382	-283.5445557	-240.2297821	-48.151241299999995	858.225708	157.5831451	1023.884949	-51.28079987	236.7211304	-77.94602203	-15.58460331	-70.73371887	322.46023560000003	-134.46852109999998
-384.3655701	14.144557	-102.4378433	33.21929932	-139.22770690000002	88.6185379	-9.404308319	-154.2159271	30.555906300000004	-0.4043345749	-66.40216064	7.028432369	-136.6659088	-39.95249939	-175.2934418	-337.8423462	-12.19355679	8.378213882	213.02526859999998	22.80033684	-98.67932129	32.13672638	204.2179413	38.80736160000001	-46.15528870000001	-43.33118057	-134.43826289999998	-134.3722076
-125.53307340000002	-145.651825	72.88101959	84.9641571	-34.57744217	12.34044456	-208.46234130000002	-116.35917659999998	-334.6535034	-390.8850708	-6.71750927	-27.6265583	-163.2219696	-189.4980164	13.24715614	-62.08733368	-243.5340424	-119.7409821	-467.581604	-4.757804871	220.86970519999997	376.9951477	-170.7129211	-37.29589844	-127.34963229999998	-117.4918365	-348.76608280000005	-184.5913696
-294.3102722	-481.0951843	112.0686874	160.02604680000002	-93.67721558	78.12015533	-36.15399933	-398.59851069999996	-50.62067413	-74.3737793	-51.36070251	62.97876358	12.73130608	38.33595657	21.02111435	-336.26470950000004	76.05235291	155.1177521	199.26269530000002	-32.08233643	88.21983337	-1.9894816880000001	71.06126404	-33.51482773	-30.65003014	-89.95736694	-257.34191890000005	-146.4004059
-206.76504519999997	179.4970093	212.9073181	273.5137024	-40.10558701	64.25388336	-5.937686443	242.04928590000003	142.28659059999998	109.54528049999999	-89.34893799	-78.73594666	2.83236742	-30.50168228	22.1981411	33.38727951	228.1251373	411.3000488	249.5444946	21.44167328	573.5219727000001	-636.0337524	605.3332519999999	96.74888611	130.5626678	23.82998657	175.3588104	227.9649048
127.4188538	-249.9998169	-137.33253480000002	-574.0603027000001	-33.1902771	27.06876373	-11.82538605	-474.43420410000004	182.0111694	142.1206665	-100.2383804	-163.7770996	3.72896719	-204.92289730000002	-182.47027590000002	-139.99963380000003	118.84626010000001	91.34396362	265.848175	-315.56204219999995	381.1962585	-139.6669769	176.1862946	-202.53952030000002	19.46425056	174.3977051	68.57045746	-360.1365356
-430.67742919999995	-323.16540530000003	52.4344635	-68.29614258	-32.67778778	42.20330048	-15.62775326	-123.03408049999999	-40.50494385	-95.84488678	-18.70439339	-28.31058311	-34.64788818	-61.37010956	-150.9871674	-170.2679138	-110.2626038	-207.2848511	-308.74844360000003	-6.322345257	-27.72639847	589.8585815	-2.0277745719999998	-196.41265869999998	85.80498505	-5.902940273	-142.3573608	-53.87076569
401.9169617	427.97271730000006	110.888443	-67.93738556	17.88616371	32.587390899999995	64.52806091	218.75518799999998	23.81231308	84.42208862	25.49916077	91.85682678	37.37637711	-101.10796359999999	56.87429047	-135.4035492	126.5346375	110.39900970000001	-152.5272064	444.2196655	182.74160769999997	-505.26803590000003	-616.4805298	-496.1261597	37.0967598	61.67987442	-426.5152893	-286.67486569999994
-519.2890625	-140.4744263	-45.81483459	-83.58763123	-7.2868208889999995	152.83517460000002	-55.0959549	-305.3303528	-55.67025375	25.22055244	65.06918335	46.76563263	-19.85487175	-110.95092009999999	-100.07824709999998	-156.7641754	-198.03904719999997	-225.384201	127.279129	17.69981575	-364.37261960000006	-25.25582314	-298.94378660000007	-100.0858688	-174.91464230000003	-86.41236877	-223.1696472	-333.6144409
332.9124756	581.0406494	192.2377014	248.9629517	46.20032883	83.20766449	55.80239105	507.7473755	-31.56731606	-152.86587519999998	-41.27921295	-41.93751526	-123.36270139999999	-183.3370514	-128.8452911	-82.40463257	-27.50811768	-20.78924561	-301.5766907	477.1740112	-1145.12439	-116.4597778	-509.5168152	139.3794708	-38.914505	-11.89849281	-51.73256302	-209.9707031
106.93544009999998	339.04934689999993	-300.0276184	-308.2325439	-94.91329956	-124.27490230000001	-54.22288132	158.6515045	5.493897437999999	77.21803284	-12.70376587	-18.97671318	-130.0190582	-133.2668915	-216.6980286	-319.44601439999997	-106.0128403	-166.0346832	-422.12811280000005	-34.49177551	-160.4726868	-88.21424103	77.33813477	-98.38456726	-49.68544388	-2.41953969	-479.2502747	-388.9675903
-438.52114869999997	-181.298584	371.53881839999997	460.6064148	-29.77571869	230.69433590000003	-22.96097183	-298.61294560000005	46.1204071	181.4794159	-37.58934402	-86.44593811	7.408080578	-41.49414444	-44.12558365	-57.09407043	335.9703674	229.53355409999998	-161.0311127	-192.9343719	-41.42387009	-16.68910599	282.0705872	36.78329849	26.31678391	-4.478639126	103.8394012	193.21586609999997
-267.04779049999996	169.59715269999998	255.4801331	124.35094450000001	56.52988434	65.56478119	-94.97843933	304.58749389999997	-38.05774689	-40.32786179	-49.27806473	-41.26599884	56.09526825	113.42420200000001	97.68435669	402.667572	-21.37216949	164.2258759	-464.3268127	39.591259	-49.71255493	431.335022	-119.3143616	-167.0671082	109.2353439	10.99784374	-142.8860626	-207.8553772
157.9463959	-146.0752716	-94.08359528	1.189176679	3.701112747	11.00229549	73.64768219	-43.99757004	-35.84428787	-225.6087189	-53.15608597	-125.03488159999999	13.12472153	-52.17285919	139.68807980000003	310.1166687	108.2519913	43.93622589	322.36810299999996	166.8277435	-102.27741999999999	66.62851715	-209.0188751	27.11771774	-100.56611629999999	-78.47772979999999	250.04963680000003	406.740448
-298.3321838	-218.6370239	-97.84979248	-327.92773439999996	70.36130524	-28.03981018	-274.1025085	-359.73794560000005	-55.28052521	2.799164057	-83.88273621	-85.51708221	-203.1366119	-19.06537247	-40.27609253	132.0990601	-210.53765869999998	-202.19551090000002	-316.2672119	-184.41436769999999	-674.7564697	177.2709198	-577.6425171	-359.7951355	-23.76307869	4.723377705	-112.4654922	-243.8810883
-79.57427216	-306.58538819999995	313.8757629	262.44836430000004	-94.25179291	18.588817600000002	-125.77102659999998	-215.35832209999998	231.2176514	204.31912230000003	-203.6648712	4.884154797	-88.14660645	-187.7058868	-51.60221863	-210.7609406	168.0107727	518.4272461	-140.6983032	40.58387375	29.37160301	-25.97537041	717.2804565	169.73840330000002	131.6244812	-37.68768692	213.3050079	157.3479004
-244.67666630000002	337.0820007	-348.3424683	-324.48498539999997	31.31125069	22.76291084	55.35275269	307.9045105	-105.729454	-174.3016815	-14.86104012	-191.1855774	-111.1206436	-188.12522890000002	50.84581375	182.1520081	-490.8630676	-299.7947693	-671.5335693	30.86065865	79.84600067	-124.38322450000001	-349.1086121	-312.52029419999997	-73.83827209	-11.38483143	-139.3555603	-181.9268646
237.4691315	476.37823489999994	322.5301208	442.97293089999994	16.03788948	9.604408264	283.35375980000003	221.682663	164.55076599999998	238.9073181	37.58348083	-99.1761322	104.4155045	114.8371735	17.3833065	-34.02122879	372.3960266	549.1190796	293.5732422	471.2263489	-188.8732605	-104.0830536	372.25534060000007	283.6385193	172.0270538	144.3128815	-40.63932037	221.8101196
51.27019119	-197.90858459999998	25.18032455	281.53540039999996	-171.8604889	21.84769821	-184.2505646	-168.26737980000001	-61.38072205	102.36939240000001	78.04566956	19.74201775	-76.02420807	-42.58657455	-143.6634674	-309.27374269999996	-39.20102692	-143.9566956	-980.9044188999999	-324.9165955	530.092041	-9.455277443	436.68197630000003	-66.03371429	33.14012527	-28.33905411	-297.28814700000004	-207.9724731
-94.74816895	-276.2312622	27.91354561	1.989257812	-107.59674070000001	-21.01580811	-98.5861969	-357.9100037	-156.7499542	-242.285141	-47.28996658	-83.42762756	-136.2535858	21.57195473	-104.9207153	-177.47097780000001	-119.94271850000001	-168.9681244	-472.97875980000003	-79.14309692	112.39176940000002	365.97906489999997	66.75746918	-264.0928955	52.72791672	-33.17181778	-308.6293335	-186.34152219999999
-345.20007319999996	-3.321642399	67.02923584	50.45154953	-67.6999054	56.28513336	-149.9925995	95.79920959	-12.62210464	36.34075165	-109.6830063	-14.37993908	1.624776363	62.00067902	16.478509900000002	312.1689453	48.42945099	-28.26372719	-258.265625	30.51695824	112.5091476	439.85363770000004	-67.95664215	-163.0692291	-8.418352127	17.47316742	248.03633119999998	136.561264
-53.51477051	-274.6565857	80.38006592	186.478714	-91.615448	155.2939606	-144.34344480000001	-289.0402222	-18.88859177	-45.39272308	78.55258179	7.131400585	67.8478241	50.49726105	16.49680328	142.64175419999998	-261.20547489999996	-14.018791199999999	284.03625489999996	-58.16532135	-262.2038574	531.9147949	258.28701780000006	-19.15557861	-127.85677340000002	13.79529476	242.5427551	19.8228035
234.14151	6.031105042	42.4340744	47.30730057	-46.85549164	-52.69203949	-10.6905117	-125.0231247	53.41049194	-74.00200653	-147.26159669999998	-67.85236359	-94.88358307	-109.36602020000001	-14.42499256	158.342865	52.77312469	137.51831049999998	-228.64653019999997	-105.5744095	16.50009918	-104.479187	-47.71471786	-46.04182816	-35.23691559	-134.7428131	132.9875793	-157.68035890000002
-140.80741880000002	-259.9959412	-84.89213562	88.86450195	-103.52512359999999	80.98204041	-228.5456238	-165.9823456	-39.07825851	1.30360949	15.80162525	11.189523699999999	-128.6313782	-105.9180527	-113.76596070000001	-204.8830872	-146.16139219999997	-52.70734024	-1562.469849	-295.7224426	-212.95985409999997	587.7664795	155.44133	74.33081818	-40.05498505	60.74774933	-194.7201996	-204.846283
-181.6476135	-40.52149963	-59.28633881	-96.68413544	-34.48384476	-58.15314865	31.64848137	206.1341095	-124.2036743	-301.2823486	-138.33168030000002	-60.24028397	-144.39151	11.5553484	122.50817109999998	318.100708	-315.47503660000007	-172.61308290000002	-194.19120790000002	249.3277588	-34.85306168	114.5012131	-391.42117310000003	-201.1936035	-85.03288269	-126.03993229999999	1.112618446	-90.86238098
-232.56976319999998	419.1948242	-9.082284927	281.9204407	126.41336059999999	158.8730927	-87.19226074	414.2323608	52.43082047	52.99117279	-30.14273262	54.8990593	-50.2181778	-20.66553307	56.00185013	174.7296906	60.52492905	82.16673279	-218.3200378	64.6841507	212.8301392	-267.7172852	254.379364	1.445666075	41.14421463	-26.96760368	-165.90803530000002	86.89657593
-182.89241030000002	129.0830078	41.13020706	51.72401428	-59.36004639	136.78094480000001	-222.9958344	-86.47682953	14.61962986	82.56797028	12.08886909	47.62123489	29.349044800000005	-1.145637155	-124.5655365	-406.1281128	56.59630203	-40.04761887	-637.2496338	-94.14964294	225.71249390000003	167.5151367	448.70761110000007	-134.5406036	-17.89131546	-71.81906891	-317.7253723	-361.206543
-59.568573	-516.934082	-229.99334720000002	-282.6466675	-67.09668732	33.80659103	-105.67664340000002	-236.54420469999997	-178.1697083	-189.0813446	59.99780273	18.21713448	19.97396469	33.37664795	71.30918121	162.94378659999998	-276.1165161	-97.38883209	359.6759338	-263.0869751	-270.1053467	177.7551117	-160.3441925	-352.28375239999997	-62.54713821	-24.91296959	-76.93666077	55.55800629
210.8892975	31.83746529	-57.60960007	-103.9472656	6.172671318	167.3833618	-55.64045334	-3.2774446010000005	100.3787689	91.60061646	-124.5861511	-110.43328090000001	76.70302582	-20.32124138	-15.86126137	-161.2402954	35.04050446	-24.79056549	211.53886409999998	-33.68437195	137.3829956	106.847229	175.71047969999998	-25.72238922	22.24237633	77.52612305	-74.43519592	-131.17590330000002
