-60.84367752	285.1931763	296.6348267	226.7334595	76.04994965	284.7069092	9.754808426	141.80308530000002	77.75545502	146.16180419999998	37.14065933	304.53686519999997	264.3557129	468.4290466	31.54108429	151.1350861	-21.17773628	130.57070919999998	17.91016197	-58.03492355	-145.5635376	85.53741455	150.6418457	111.60999299999999	214.15748599999998	3.866671085	25.10330009	-57.08787537
-139.3770142	-27.26137352	201.590744	112.18262479999999	-7.084331512	101.9303741	0.2337912768	-189.8132019	95.44576263	23.57525253	-145.67202759999998	79.20179749	17.68395996	158.0829468	-97.14112854	20.00352287	65.08555603	110.9745102	-67.95149231	88.42424774	37.86820984	-17.98133469	-69.26251984	-99.50619507	97.55972290000001	142.0299683	56.00774002	24.43728828
99.26795197	196.0452423	53.84688568	-8.963360786	117.2008972	121.156517	-149.89262390000002	-64.83860016	32.04481506	-26.98741913	-49.57014465	-124.5727386	-27.74653816	2.330711365	-109.6505051	-219.07905580000002	166.2309113	203.0689697	261.0099487	221.704483	5.266161919	27.72522163	100.859726	-40.57421494	75.76889038	-63.65411758	16.20984268	107.53266140000001
-0.9653621912	-95.81025696	330.1128845	65.97657776	-21.1916523	-51.13896561	-235.13395690000002	-102.19027709999999	-76.31692505	-38.98651123	27.86844635	157.75756840000003	91.8588562	117.0555267	-212.63157650000002	-264.5743408	37.29680634	62.51945496	177.5929413	248.48022459999999	-29.54962158	-220.95516969999997	50.70184326	-25.25232124	-11.77788353	-14.55129337	-55.27451324	-31.92091179
140.9183502	61.24637222	357.34622189999993	197.1411133	-181.6263275	147.15438840000002	-92.20527649	79.78601837	105.030098	100.4345551	10.36317158	174.243454	70.74832153	17.45875359	-234.5392914	-133.47706599999998	-39.53295898	74.46390533	177.95643619999998	179.6659088	-169.34815980000002	-269.58850099999995	57.76273727	-40.63824463	127.8783493	-22.03449059	-121.6681595	-74.71029663
245.1952667	-8.075922012000001	262.6234131	235.3353119	-94.01508331	127.71092990000001	34.27783203	-88.30770111	72.39004517	98.95479584	124.4317398	385.07797239999996	104.57785030000001	385.5765076	-351.95755	-199.4845428	296.99749760000003	270.31750489999996	7.023921967000001	132.2969971	15.60358906	-240.7459106	-73.61512756	18.56881905	277.1216736	242.0959778	-0.1025199294	-81.20240784
-144.7816315	-6.704718112999999	199.64060969999997	152.89807130000003	-28.51029015	-15.66270542	-59.07310486	-1.365796685	99.58609009	142.4273071	-115.358139	13.82875443	52.66528702	69.75577545	-168.22277830000002	-150.5975494	211.1404114	290.71618650000005	152.2970428	153.276413	-233.1758728	-477.33746339999993	19.98881721	-61.96308136	93.94200134	24.91394234	40.36200333	-39.14717865
-61.31452179	200.1737213	98.70207977	95.22860718	-107.0008392	-58.10760498	-65.35974884	-60.02058029	-17.24367332	-9.354840279	-149.0995483	8.476143837	71.74922943	206.33197019999997	-156.80410769999997	-187.7183075	130.51104740000002	284.3901367	123.13517	263.4593811	-198.57659909999998	-92.4877243	131.6221313	-33.80692673	91.78870392	-21.15278625	-68.01972961	-229.6289978
108.10746	285.47555539999996	175.11532590000002	85.80805969	-42.26413345	48.31939697	-28.44183922	134.3757477	-31.51961517	-22.34943962	-66.59588623	27.614437100000004	21.21096992	287.5279846	-133.8289795	-1.5726565119999998	88.94477844	141.0669861	245.3637085	26.59853554	-314.9668579	-73.92904663	-25.95702362	-198.65718080000002	145.9373169	48.43495941	-88.31413269	-90.70795441
-4.334852219	-49.82132721	355.5055542	136.3687286	82.96110535	98.57634735	-131.5512085	-269.69787599999995	99.73379517	-13.86699104	138.16065980000002	156.1205292	121.2424774	355.2537537	-122.1337051	-110.4815063	235.99136349999998	309.57183839999993	190.7766266	125.77622990000002	-67.13187408	374.73233030000006	59.92948914	85.36816406	141.73237609999998	23.58757973	131.478302	171.98829650000002
97.79425049	73.68318176	32.02729034	161.169342	61.62393951	133.5828552	166.7024384	306.9189148	24.99786377	-39.50400162	-193.97311399999998	-242.7143555	15.19497108	234.06755069999997	2.4246854780000002	106.59952549999998	67.37297058	43.37949753	-268.7571411	122.2737045	-53.93237305	-159.1981659	-119.7789383	8.354672432000001	38.79330826	-8.33992672	-32.68789673	68.88156128
354.3211975	246.6200562	170.1864166	109.80222320000001	141.3385925	89.40260315	165.1208649	90.40187073	37.23757553	-46.45927048	21.13241196	85.37055206	135.8912811	159.50857539999998	99.67391968	-10.6112442	244.5161591	137.86077880000002	-43.4663887	160.6667023	-270.8367004	-550.1967162999999	-34.01963425	-32.373909000000005	156.26829530000003	216.95715330000002	44.63906479	11.23813438
137.15022280000002	265.4780884	-16.38409996	127.3973007	-101.0685043	66.74928284	-56.68819809	-53.06888962	81.84202576	15.68224716	185.37162780000003	150.11999509999998	120.41044620000001	262.8035583	-132.7447815	-94.45966339	-13.77325058	-17.63436127	-171.63569640000003	14.28334999	-234.1446686	-251.86912540000003	-21.55165672	-139.3262787	90.03226471	160.1358185	27.57787132	2.304415703
474.1265563999999	257.06649780000004	196.4506836	44.92993927	158.508194	89.829422	46.37841797	38.21301651	155.8940887	167.8329773	-23.07617188	195.3001709	37.47036362	374.607666	102.977211	48.5315094	257.50772090000004	203.4678802	281.7429504	171.62258909999997	-224.75566099999998	-363.5951843	181.57368469999997	-39.92079163	175.1825562	156.584259	38.36776733	97.71434784
-254.08897400000004	44.34551239	-58.88002014	-207.649353	51.57270432	103.07003780000001	-233.61473080000002	-156.216156	120.2385101	192.943512	68.61446381	-80.82958984	13.78252792	256.94461060000003	64.44947052	219.66467290000003	-183.1884155	-129.26576229999998	-174.03875730000001	79.10214996	-250.6219025	-256.76086430000004	-23.71363449	157.4271851	96.75377655	56.67354584	5.1208610530000005	61.23200226
7.305902481	171.40271	34.1702652	97.41712952	58.91349411	20.40615463	27.01856804	72.84502411	71.55440521	12.98772812	-5.755827427000001	114.8928528	64.26361084	174.0930176	47.55099487	-77.45616913	76.1113739	-3.722188234	23.01065826	18.29990578	-128.4026642	-137.9512024	-18.20989418	-125.68806459999999	226.8430939	215.91510010000002	-59.90551758	108.8890533
-187.5811768	173.557251	159.2097626	93.88394928	-222.10823059999998	99.12563324	-89.70820618	338.0855103	103.53044129999999	51.83251953	-56.27074814	223.8102264	97.78275299	326.3059692	-171.4076691	-22.63627815	-16.86867142	7.3267197610000006	-13.83540726	52.71298599	-159.2503815	-163.6709747	-38.1881218	-150.93852230000002	183.8271332	38.68412781	-145.06764219999997	-73.80987549
-58.12651443	77.51525116	233.16065980000002	190.5593872	82.13050079	200.6065979	-60.14862061	34.80654526	12.15523911	118.8133469	-15.54579735	425.76260379999997	-29.34898567	266.9713745	-54.78337097	79.46556091	172.9288788	275.0787964	-20.43411827	62.34814072	-77.79585266	-205.9206085	99.80190277	133.8162231	181.17645259999998	96.71501923	93.3926239	88.24164581
-67.97681427	103.4911957	71.87785339	65.67021942	-264.788208	-209.58644099999998	-10.75551033	-1.752183199	-38.17410278	33.61233139	-302.22961430000004	-111.72955320000001	-172.3485565	123.4942322	-47.87653351	121.6066666	30.33906174	31.79026031	137.8796082	51.34692001	-74.67936707	-25.06399918	-106.0498047	-117.2386322	-66.87944794	-22.37096977	-107.11785890000002	-49.94104385
297.0551758	178.45181269999998	584.8937988	195.3935394	139.1074524	441.3956909	307.3362732	270.8223877	17.61697197	55.02871704	226.12710570000002	392.9314575	-32.68340683	230.3803864	45.47564316	163.4925995	254.84992979999998	223.3244934	356.91983030000006	203.3849182	-47.01050186	-452.41772460000004	-94.96541595	-155.0692291	18.80662537	178.7625732	-14.25584412	306.89819339999997
232.043869	9.483380318	255.2606659	256.1372986	-154.46878049999998	21.35120773	14.0696907	55.27847672	29.22255135	-12.65314198	13.91405487	165.3023834	173.4188232	210.7506866	-190.8889465	-7.425193787	-4.093151093	79.28596497	-110.28736880000001	39.46017456	-295.4538879	27.25152969	-45.09044647	-71.2651062	1.606677055	-53.22154999	7.037613868999999	87.48846436
0.8083802462	-198.8474884	135.5363159	56.33877182	-28.79090309	178.3007507	8.298995972	-231.1265411	-41.84589767	-36.27331161	101.2890167	268.2667847	60.49938583	175.2050171	-135.4706879	24.142623899999997	98.14667511	155.6801147	161.4065094	137.7915649	-151.32347109999998	-96.91577148	-3.563331127	-81.91244507	45.9679184	-54.92129517	-90.19538116	69.46183777
-189.3320007	25.85729218	139.1052856	-175.1907501	-94.35793304	197.95893859999998	10.01263523	131.6895905	-58.35396576	-144.141922	-50.30117416	79.55014038	-134.66183469999999	238.6673279	-142.5176086	27.76363182	-146.115387	-11.27383614	2.8194715980000002	-202.5010834	178.93209840000003	343.70477289999997	-71.05768585	-4.495539188	-40.88761139	50.770557399999994	-347.66220089999996	-358.4492188
402.9867859	358.186676	149.24949650000002	118.7775345	-153.6387177	-13.51105118	115.48338319999999	154.57974240000001	107.47377009999998	133.9675446	-69.76152802	139.42012019999999	98.81899261	314.9394836	-58.57351685	-91.67356109999999	-14.51493645	81.36859894	-22.88674927	85.4265976	-109.53097530000001	-21.72145271	-0.81291008	111.93955990000002	141.6958313	90.16285706	-3.3648700710000004	108.55023190000001
-6.039901257	-8.588350296	158.503952	164.9585876	-156.5083008	-64.31745148	9.387881279	0.1151486486	-106.03590390000001	-13.00834465	61.37372589	239.25268549999998	19.52286911	-7.835072994	-215.4116821	-134.77722169999998	1.6796418430000002	39.97427368	-12.39381313	231.93113709999997	-139.07333369999998	113.87974550000001	130.2234802	-106.4926147	-78.52314758	-110.2846756	-99.12291718	58.55518341
180.7506256	52.48718643	-47.51460648	-41.53649521	-150.6804352	21.98654747	-40.738838200000004	213.3712921	-59.39564896	-4.466054916	-119.57493590000001	16.58233452	-258.8494568	76.72052002	-26.05595207	-185.0107269	-159.9337006	-45.62372971	13.20769501	36.72531509	-134.6768341	-481.8744202	-89.53250122	-37.11976624	-56.27347565	-0.3931713998	-185.6110077	17.14176178
-3.660928249	0.7475441694	108.2897034	200.1812286	55.73426056	72.13199615	-58.35013962	84.10003662	109.02374270000001	93.9143219	323.9473877	327.99926760000005	148.1190186	234.259201	-132.47955320000003	-92.05864716	169.80296330000002	121.7652817	-402.95562739999997	-268.5688171	-220.96224980000002	-11.66814899	69.46685028	-63.72372818	139.3110657	25.62534332	-73.47358704	146.705368
-33.83791733	38.82588196	-10.58131409	40.61481094	-86.26049805	43.28377914	-51.49715805	1.8538333180000002	127.96992490000001	144.8959351	-199.509491	217.6534576	11.33383083	189.38320919999998	-107.90016170000001	44.5983429	-65.09570312	47.37095642	-32.72597504	-128.0252228	-147.30429080000002	-140.8790741	-59.06790543	11.62096405	43.04469299	54.54346848	-138.0302124	-25.56657028
