-271.864563	-367.3702087	56.24262238	-29.71512032	-41.88973236	148.50418090000002	-189.2537994	-152.4027863	-116.19237520000001	-178.1468811	90.78585052	100.58477020000001	-43.45027542	78.70092009999999	89.98838806	152.2691345	-8.418747902	-9.669875145	-61.01302338	130.2342529	-280.8815002	293.3925476	29.94861794	18.86800957	53.3233223	-255.2937775	35.34065247	-8.304269791
193.14390559999998	375.89743039999996	-117.18135829999999	-101.3260422	100.4813919	161.9674225	291.07678219999997	329.44866939999997	129.37211609999997	57.54940033	212.72474669999997	-44.7191391	107.4567871	41.30289078	49.9201355	38.68500137	240.0068665	323.1959534	-22.79817772	60.63846588	-699.8499146	-1068.12207	70.19847107	80.38178253	24.11790085	68.8187027	-81.80436707	3.6363589760000004
28.4658165	67.90544891	-50.53531265	-138.4480286	105.8315811	356.4460754	92.11877441	305.2989502	-4.701864719	33.34603119	506.94952390000003	436.8031311000001	-27.16189575	-40.99885941	-30.53564262	71.3165741	-257.7023315	-121.58655549999999	3.228657961	96.8600235	-459.2310181	-72.20613861	-201.024292	-174.90730290000002	-65.16711426	147.9667053	21.04725266	-59.44172287
174.5595093	144.5219879	-67.48436737	-102.29428859999999	118.19103999999999	102.6686554	161.6555176	219.64826969999996	44.51360703	-8.148898125	49.06792831	94.71251678	61.51879501	124.44593049999999	41.93541336	144.3777161	73.66387939	70.67524719	10.31440067	-114.26122279999998	-385.61990360000004	-313.6123962	102.65093990000001	8.779335022	33.3387146	34.980793	154.60649109999997	-258.2929077
-271.19244380000004	-343.4152832	4.976941586000001	37.51556015	66.3475647	159.1926575	-77.38851166	-140.99018859999998	-129.2758026	-173.6377869	182.0357056	191.6947479	-68.93215942	-21.44899559	-11.07278156	158.4957123	37.88911819	-77.81278992	36.98673248	92.51805878	59.54577637	291.23345950000004	-0.38282534479999997	93.25575256	-64.88666534	-42.41640091	58.9805603	-97.90181732
29.922239299999998	-10.41855335	90.09786987	-17.92674637	-84.85980225	206.0418549	-39.74485016	-117.75114440000002	-42.77599335	14.02178955	304.4668579	256.306488	-97.29806519	106.3848267	-61.67040253	237.58563230000004	-50.15211105	-107.0618668	-154.4686279	-17.00580788	-102.90830229999999	-240.2527466	-83.01371765	-119.47497560000001	-29.74592209	-41.44876099	-95.38855743	-106.59908290000001
87.62699127	28.54718018	130.5569611	50.08075333	87.17431641	294.77658080000003	23.90911293	41.92009354	205.6400146	96.63074493	387.2540588	403.1172791	91.01078033	224.7780914	39.21827316	257.4992065	245.6168213	218.65364069999995	113.34402469999999	161.0411682	-282.9158936	269.86611939999995	58.15369415	20.35277176	159.21620180000002	93.04958344	19.80459595	96.56520081
88.36132812	221.18394469999998	45.68052292	-89.07598877	115.1567001	476.81604000000004	165.084549	205.1195374	50.56303024	-66.77779388	613.9719848999999	255.8980103	-70.7854538	-41.19248962	-18.51738548	66.31531525	103.6577835	101.3979034	262.0982361	97.25205231	-395.8866882	-314.7720642	56.86060715	91.50398254	-4.7846536639999995	-31.72405243	-69.94296265	-73.26186371
353.2303162	220.58453369999998	142.1515045	-10.80217648	93.07329559	292.11764530000005	200.4970093	46.77997589	145.3262024	61.38761139	331.49179080000005	254.20178219999997	98.98664093	149.368927	6.445812225	279.76828	118.5975571	308.27093510000003	-44.71326447	115.2344513	-428.43341060000006	-501.80285639999994	-18.17460442	-119.6967392	79.11019135	100.0278778	9.517446518	31.30017662
-168.36738590000002	-91.52851105	-59.53269958	-48.24822617	19.10795021	343.4261475	-54.95598221	140.8603363	8.578840256	-137.5623779	54.71179199	-38.92085648	-30.54393196	14.69929409	-9.785144806	81.09593964	-87.38199615	-7.615106582999999	35.45408629999999	3.7221763130000003	323.88320919999995	55.76314545	-53.30857849	-331.39151	26.42338753	-12.97294998	-271.0800171	-148.13357539999998
273.39102169999995	662.4008179	164.7451935	-5.11336565	34.85941696	374.65100099999995	456.3296813999999	687.119812	48.79536438	-36.18062592	360.43023680000005	305.3208313	47.00249863	147.67468259999998	-28.52535439	18.68384552	257.4721375	120.15897369999999	-81.05957794	-22.86647797	-1031.815552	-965.2870482999999	62.60973739999999	-69.38090515	17.00367546	103.24044040000001	11.90581322	-103.2772522
164.1161957	143.6888275	-11.99457073	-116.96071620000001	106.46205900000001	-49.17088318	71.71502686	17.46542549	-76.51128387	-60.38575363	199.0528564	40.52069855	-47.70756912	-18.01137543	-44.698192600000006	-99.38769531	-2.651074171	163.76525880000003	-10.06126785	47.46167374	230.03442379999998	5.861985207000001	188.8652649	164.053421	-113.40354920000001	-181.0679626	-10.85047531	71.71090698
-23.7326889	38.15676498	-220.9221344	-58.03669739	2.408038139	134.8729401	-13.17122459	300.21655269999997	-11.92937088	-80.42681885	70.45076752	190.5693054	-12.69736195	32.07792282	88.62576294	57.86394119	-258.1221924	-103.54583740000001	-239.49411009999997	-75.77539062	-201.2826385	-160.91438290000002	-206.6247406	-360.1461182	21.52957153	78.66493988	-116.9099655	-103.8848343
-60.96848679	35.14824677	222.1785126	213.95436099999998	40.87400818	166.11749269999999	-9.495788574	-132.8374023	70.73857117	138.2296753	236.6433411	339.2351379	-10.62169933	216.02250669999998	-70.54747772	84.66844177	164.8379517	82.37562561	-34.72443008	46.53818512	-225.32339480000005	26.56291771	-122.92817690000001	-181.2486115	-33.17556763	-104.51175690000001	-14.63848877	113.482193
-188.6264191	-48.60537720000001	43.48116684	72.47887421	63.74793243	338.0525818	-33.78459167	51.65842819	46.33814621	39.55379868	233.8551788	330.417511	-46.00549698	200.5332642	-104.66139220000001	118.2747574	-209.00750730000001	-51.29727554	-145.3553314	-112.3491287	-196.5390167	-378.0986633	-297.5284729	-179.0887299	15.34830093	10.66536999	-213.4461212	-77.25957489
-75.2609024	200.0933685	-155.55526730000003	-328.9648132	7.031462192999999	228.7499847	-114.4916077	67.87593842	42.51169968	-37.08226013	186.5758057	4.1807122230000004	-149.07810969999997	4.204027653	36.88737869	70.608284	-126.3192062	-80.35352325	-153.9254761	-77.96837616	-276.1340942	-6.00044632	-169.62577819999998	-180.2277374	16.43287086	-117.7808456	-238.5570679	-245.066391
-55.57233047	309.0304871	89.0891571	-57.38505173	121.31549840000002	337.1317139	19.29697609	56.19777679	78.62237549	158.89064030000003	244.06822200000002	231.88442990000001	-30.06883812	114.8748703	107.9517899	232.05603030000003	-134.0006409	10.65798759	213.90104680000005	16.46790886	119.47348020000001	143.18447880000002	51.28806305	40.03945541	138.05307009999999	71.74905396	-110.4279022	-21.11250305
46.06588364	-31.34923363	34.94699097	-149.7160492	-43.22574615	249.00926209999997	61.061019900000005	59.9121933	162.58633419999998	48.58162308	240.878891	291.4840088	-63.93021393	112.67211909999999	109.1156693	292.7192688	-85.82649994	39.16678238	140.2900696	188.5186157	-11.34555721	330.805542	-112.1749115	-179.7609863	-4.923994541	-9.371714592	-20.55413055	-131.6254425
137.3965149	412.8538208	-246.09753419999998	-113.4429321	71.24871826	137.0114594	-23.2320652	285.0783997	24.97514725	130.8193665	290.293457	80.78341675	-147.2435303	38.24891281	-15.35396099	87.14767456	-250.48641969999997	-59.96702576	-325.7548523	-57.81099701	115.47920230000001	-338.707489	-119.6014862	-97.80976868	59.55673981	-40.06853867	-98.07247925	-103.76680759999999
-215.50820919999998	145.0609436	71.8044281	7.547354221	86.5740509	330.0625916	-308.8853455	2.3233218190000002	112.9781876	69.71456909	27.78462601	105.3650894	38.58742142	302.7592163	-153.0782928	89.35591888	-35.34761047	12.82133293	282.91171260000004	83.18385315	235.56025699999998	399.9857483	-49.28989792	-227.503067	49.61119461	-47.98226547	32.04347992	-146.8031769
-247.8491364	-105.03409579999999	117.70585630000001	147.1994781	110.53268429999999	186.25160219999998	-69.13923645	-10.38235569	8.881543159	-69.0118866	130.73648070000002	189.61265559999998	-37.19176865	107.2189865	97.61822509999999	72.93966675	23.12572479	88.20604706	183.84767150000002	174.281601	565.0315552000001	715.4442749	-110.4833527	-310.8728943	-20.74537659	-27.41114044	-7.458812237	-93.42189789
-31.96211243	25.99742889	29.35001183	-71.42467499	104.2928619	168.69793700000002	-14.10439587	114.00569920000001	46.47021103	-58.60017776	385.67434689999993	319.99404910000004	50.95300674	1.936059594	11.76097679	4.212993622	226.191803	200.8230743	31.50517464	94.87186432	112.9349213	-42.64711761	34.42322159	27.6563549	-132.8267822	-120.14341740000002	-3.984188795	47.3812561
-83.98381042	199.4737244	-65.54510498	-125.41689299999999	-91.50823212	152.2182159	-97.23972321	10.90400791	-60.734661100000004	104.9272614	203.4195251	39.17953873	-75.41294098	132.1366577	91.91280365	24.43312645	-86.88570404	-155.2758636	-163.1103821	-108.5587616	-6.126810074	-309.6134338	-82.17713165	-146.4022369	-44.72558975	-60.90073776	-62.54595947	-161.1817322
33.556583399999994	-219.2574463	34.04608536	73.44056702	-36.89244461	403.17126460000003	-61.84529114	-42.33929443	28.98983765	-92.63768005	223.2038727	339.03930660000003	-61.008304599999995	123.79029080000001	-54.07126999	45.82286072	47.89923859	142.17976380000002	71.27547455	79.45635986	69.264534	361.0559387	-81.71840668	-300.247345	20.73343277	-3.692837477	57.28754807	33.03538895
7.333786964	-172.26577759999998	190.8335571	113.9882355	-89.94532013	194.6976776	58.63362122	58.49808884	131.2522278	86.85813141	246.10957340000002	288.6570129	29.44671059	119.5415497	-96.53759003	250.07249449999998	135.506424	140.15885930000002	9.629820824	160.4926147	-165.52238459999998	131.759201	50.68063354	30.87569809	39.20865631	-126.3443298	89.41868591	101.8104935
18.56080246	169.8901367	-80.73194885	71.50347137	91.97166443	231.8737793	235.76136780000002	414.3940125	43.03214645	66.59671783	113.0393524	196.49452209999998	-60.38542938	278.97631839999997	110.13981629999999	141.6365509	45.68383026	51.32123566	-141.1817932	-107.5298233	-172.26829530000003	-108.18914029999999	16.98994255	-129.7723999	120.47443390000001	34.06864548	69.02489471	-113.7012634
-59.61000824	-135.8342896	224.333725	98.30856323	46.58639526	445.6263123	-58.13738251	70.12303162	7.261442661	35.53385925	280.2879333	333.405426	67.79742432	265.90930180000004	-130.2885284	141.17875669999998	222.11351009999998	97.11010742	20.5261631	146.994278	-65.32427979	115.38823700000002	149.10418700000002	-92.22125244	-26.43247032	-44.10090637	205.9544067	68.91241455
417.4781799	285.5559082	82.46523285	45.42670441	-109.05172730000001	163.79179380000002	110.8161774	265.1574707	76.67814636	252.319458	82.92649078	277.8808899	19.8035717	294.22970580000003	9.357518196000001	160.896637	71.77278137	26.14832497	-244.21994019999997	27.54881096	-781.3637085	-205.47389219999997	-204.8319855	-139.1688385	184.7967377	209.74057009999999	-194.24520869999998	-60.24336624
248.78343199999998	223.3516235	70.22945404	96.79799652	12.94182491	353.5660095	306.09368900000004	292.170929	186.40022280000002	86.83102417	217.41088870000002	277.56021119999997	-167.1079407	368.87704469999994	-78.40792847	113.6000824	173.0660248	91.68613434	-210.0266571	-0.6765323876999999	-988.5930786	-649.2020874	97.12482452	-24.70126152	120.83755490000001	87.15293884	-94.07310486	-219.47108459999998
0.9556136727	402.130188	-2.851402998	83.8612442	16.15610504	61.25903702	131.87063600000002	169.9231415	132.1852417	179.91679380000002	247.0824738	369.7366333	86.84185791	80.18170929	182.7120514	180.2769012	59.3845787	63.17226410000001	-274.70297239999996	-121.8649597	-624.6809692	-892.0047607000001	-155.78474430000003	-87.51739502	32.60601425	136.8455505	-177.47972109999998	-123.32822420000001
243.306015	169.4450378	-111.83065800000001	-27.83674622	368.8562012	224.84149169999998	209.53347780000001	363.4365234	9.863063812	88.81344604	-105.9196625	131.0058746	-114.4059067	139.56089780000002	-68.8850708	-320.5802612	-74.84848022	1.912707329	63.07343292	-84.57995605	-152.4191284	-189.863205	-313.2392273	-375.5776367	-130.0030823	211.1437836	143.3294525	-101.9694977
270.8083801	216.6791077	166.02754209999998	70.82199859999999	42.92645264	311.95291139999995	130.35775759999999	202.1416168	196.1474915	206.6669312	272.892334	168.8321075	53.936824800000004	145.37939450000002	-29.23469353	84.67198181	205.5853882	146.7599182	-33.63486481	-214.12709049999998	-802.6367187999999	-614.7017822	-136.9255676	-206.5998688	16.59551239	7.64905405	-8.455986977	-40.6375351
193.1948395	357.2687378	303.1020508	300.0347595	30.42471886	115.98112490000001	204.8455505	437.1636963	174.90527340000003	95.81468201	254.1837616	386.98947139999996	-5.350998402	346.4614258	-168.6104584	234.41246030000002	97.29447937	235.800415	-102.7946167	-50.28185272	-314.5744324	-254.4923096	15.41643715	45.69602203	91.98532104	142.2949524	-112.93820190000001	-54.81857681
361.0067139	142.8531189	100.23691559999999	-45.00159073	-200.1194611	323.8999329	-80.70001984	119.7064972	117.7246094	-32.61975861	425.061554	320.181488	100.3377075	93.54145813	-143.61587519999998	61.27698517	153.25032040000002	303.01586910000003	18.66499901	49.45939255	-583.258667	-511.4046326	99.89176941	248.7790375	-118.2817459	-96.87768555	-230.6632233	36.37810516
199.71124269999999	270.3422852	158.4673615	74.72683716	30.58376122	308.0524597	73.37759399	402.03103639999995	167.38327030000002	198.25701899999999	85.48440552	200.5806122	-61.42273712	208.4575806	19.74542618	133.5086975	105.97713470000001	272.17080689999995	-226.76057430000003	126.79817959999998	-577.6392822	-402.4128113	8.146637917	76.04573059	-15.9731617	4.4233255389999995	-15.20172215	8.992775917000001
175.4785461	-20.59082794	204.8244781	215.4790497	30.14267159	324.3158264	47.78843307	241.77546690000003	-11.55317879	76.51194763	318.45846560000007	333.3381653	76.372612	226.3592377	151.6350555	140.50392150000002	227.38102719999998	141.00683590000003	45.59202957	235.20504759999997	73.66853333	557.5640869	67.83342743	0.8358389734999999	61.57227325	7.669342995	265.2307129	52.758487699999996
16.88896561	267.05477909999996	175.9105835	254.6437378	110.84831240000001	258.6534119	135.5613403	334.4726562	73.83590698	134.9619446	86.19972229	178.00161740000001	42.84059906	253.69897459999999	195.124527	-15.74666405	230.79472349999998	65.91770935	-17.16981125	171.88562009999998	-333.6543274	72.0581131	-151.0201111	-205.0532379	137.9176483	71.57324982	471.0768738	115.0834503
100.7448349	-60.26276779	-51.90364456	23.49834633	-47.35927963	234.5552826	-21.06401443	30.45362282	-33.1506958	43.86514282	206.9827423	260.6160889	-52.11667633	182.5833588	-209.727478	108.34202579999999	-100.01058959999999	50.86009979	-202.72879030000001	-136.5147095	-515.0789795	-58.41988754	-175.8966217	-229.4692841	-17.75655937	4.176758766	-369.5324707	-315.5887756
-476.7293091	-33.97471619	-5.508840561	34.92610168	-141.4416656	244.3635712	-271.39059449999996	-57.43638611	-7.8451757429999995	6.796616077	-22.08325005	116.99754329999999	-77.91333771	157.4915009	-328.6691284	-131.480072	109.56208799999999	91.77684784	-48.57367706	251.40046690000003	53.29460907	567.3040771000001	-25.36839676	-74.256073	-23.06061554	-105.12643429999999	65.6366272	8.60159111
-77.69972992	104.5748825	-282.8780823	-204.69418330000002	-6.192613125	242.26072689999998	-63.81946945	228.0665131	-25.73470116	-83.77449036	338.2842712	323.190094	30.24965668	181.15446469999998	246.2740173	106.48410030000001	-279.1201172	-147.9922791	-236.34919739999998	21.62212372	-718.144043	-643.4290771000001	-84.58654022	-134.3036957	-258.40405269999997	12.30017757	41.78046417	-222.61569210000002
375.7587585	315.2503357	150.3945312	77.66397858	5.376031876	127.57725520000001	349.17181400000004	230.1292267	186.58827209999998	71.16402435	345.19000239999997	298.7552185	58.62682724	84.46218109	113.07343290000001	70.55587006	236.6168671	227.07542420000001	161.4369659	136.31234740000002	-350.2238159	-427.0701904	146.6029205	1.939511538	130.822403	24.04283714	-22.94608498	-33.19323349
368.6650391	315.027771	-189.97918700000002	-6.591207981	-44.7155571	317.8268127	170.4137115	489.63790889999996	-41.76079178	136.3329926	436.7963562	452.2045288	107.43801880000001	394.29263310000005	-37.74608231	242.2354736	-80.23976135	156.5092926	-249.6439667	49.62789917	250.9097748	-133.09094240000002	-172.6461182	-37.51678085	43.13911819	100.67990879999999	-248.9337006	-265.9743042
32.25922775	75.91113281	93.4262619	9.020858765	-88.0062027	269.55465699999996	-10.96659279	-166.6954803	59.57550812	-66.03565979	360.86102289999997	160.9634399	-35.604831700000005	51.9978981	-272.85849	-186.1112823	155.565979	175.686203	-61.31307983	117.941124	-331.4989624	80.24018097	264.1941528	16.05609703	-77.58579254	-10.97511482	-13.01855659	14.20242023
-190.1977997	29.69402504	238.1084137	155.9493103	5.285685539	196.0454559	-72.50344086	-208.4685669	-65.97042084	-73.95935822	297.7226257	118.1937561	9.008891106	6.045548916	-197.0523834	-113.0221558	383.4244995	229.1881866	188.7672729	187.9776001	-413.6101685	110.67181399999998	141.02218630000002	153.5241852	49.90618134	-68.43757629	172.3881226	148.7920227
371.2120667	169.861908	239.01803590000003	227.3890839	53.48473739999999	340.03720089999996	315.87445069999995	216.5558624	-5.504616261000001	24.22934341	475.8515625	362.93969730000003	151.06016540000002	296.0736389	-148.5984344	199.0745392	156.2061768	173.1743011	105.3396149	92.24436951	-436.21383669999994	-75.69224548	-18.97374535	-47.55361557	122.35451509999999	-58.43033218	66.01300812	-84.43885803
-103.516571	102.9176178	27.7491436	-28.49408722	0.16267442699999998	298.2669373	296.71679689999996	147.1471558	78.89653778	11.17453766	251.29907230000003	268.9806519	-75.27745056	92.49234009	-97.58894348	-148.7889709	95.53483582	-31.08193016	-3.8174109460000003	-49.20196533	-331.9032898	-183.0366211	150.3813019	199.2943878	82.24391937	-50.23923874	-87.50795746	-92.30957794
-2.359333038	-64.6101532	241.69635010000002	70.53192139	-186.5533295	-216.7766418	-299.0496521	-233.4379425	-3.556648016	31.56817627	114.3011932	58.94579315	-32.06423569	-44.12012482	-254.9422455	-94.46845245	71.01377869	-47.67229462	68.53863525	188.51121519999998	-201.25354	101.3470459	187.7628632	91.35394287	-97.36074066	-144.2145538	197.497757	121.31085970000001
-349.2330017	-97.6092453	-197.6266785	-149.98466489999998	-17.1795845	374.8399048	-249.46708680000003	-269.5273132	61.16664505	46.30124664	311.1193237	122.778801	35.10953903	56.99023438	-125.4785385	36.534053799999995	168.4620209	67.93519592	186.18249509999998	81.60606384	-109.187027	37.11264801	201.497879	56.04822159	-31.23358345	-107.38529209999999	15.73398113	141.07008359999998
562.0054932	229.2336731	103.6043243	112.4799881	98.31121063	158.2636871	173.23182680000002	221.89440919999998	-68.9823761	-10.53507805	186.4694824	197.6407471	-130.5280304	90.79652405	-16.71639633	196.77462769999997	-257.9705505	-127.7977905	-330.62512210000006	-268.6936035	-631.6203613	-654.5020142000001	-302.3149109	-541.1045532	222.87443540000004	108.65832520000001	-157.9241791	-173.1625519
