25.69092925  
22.19075733  
19.25318053  
27.68425299  
1.485857332  
9.186328925  
33.47873154  
13.1907454  
7.294257502  
4.788370669  
12.98970996  
9.203790488  
25.69092925  
22.19075733  
19.25318053  
27.68425299  
1.485857332  
9.186328925  
33.47873154  
13.1907454  
7.294257502  
4.788370669  
12.98970996  
9.203790488  
25.69092925  
22.19075733  
19.25318053  
27.68425299  
1.485857332  
9.186328925  
33.47873154  
13.1907454  
7.294257502  
4.788370669  
12.98970996  
9.203790488  
25.69092925  
22.19075733  
19.25318053  
27.68425299  
1.485857332  
9.186328925  
33.47873154  
13.1907454  
7.294257502  
4.788370669  
12.98970996  
9.203790488  
