5.536126318  
-25.33024613  
-28.61222977  
-0.3667834448  
19.4605357  
-27.35672905  
-9.374736353  
-16.14567004  
-43.77102132  
20.70853022  
0.1905071425  
-2.758168492  
-39.78187403  
3.894761503  
-33.09046757  
5.536126318  
-25.33024613  
-28.61222977  
-0.3667834448  
19.4605357  
-27.35672905  
-9.374736353  
-16.14567004  
-43.77102132  
20.70853022  
0.1905071425  
-2.758168492  
-39.78187403  
3.894761503  
-33.09046757  
5.536126318  
-25.33024613  
-28.61222977  
-0.3667834448  
19.4605357  
-27.35672905  
-9.374736353  
-16.14567004  
-43.77102132  
20.70853022  
0.1905071425  
-2.758168492  
-39.78187403  
3.894761503  
-33.09046757  
5.536126318  
-25.33024613  
-28.61222977  
-0.3667834448  
19.4605357  
-27.35672905  
-9.374736353  
-16.14567004  
-43.77102132  
20.70853022  
0.1905071425  
-2.758168492  
-39.78187403  
3.894761503  
-33.09046757  
