96.92540066  
110.1542964  
118.329581  
154.1609033  
128.3205921  
-23.66414403  
139.2960836  
132.9450762  
127.9003825  
72.37862405  
90.28353986  
55.26279398  
64.99140495  
96.92540066  
110.1542964  
118.329581  
154.1609033  
128.3205921  
-23.66414403  
139.2960836  
132.9450762  
127.9003825  
72.37862405  
90.28353986  
55.26279398  
64.99140495  
96.92540066  
110.1542964  
118.329581  
154.1609033  
128.3205921  
-23.66414403  
139.2960836  
132.9450762  
127.9003825  
72.37862405  
90.28353986  
55.26279398  
64.99140495  
96.92540066  
110.1542964  
118.329581  
154.1609033  
128.3205921  
-23.66414403  
139.2960836  
132.9450762  
127.9003825  
72.37862405  
90.28353986  
55.26279398  
64.99140495  
