57.25968873  
86.4663846  
74.93073727  
88.03439657  
10.26142212  
44.65555289  
111.3865637  
42.22574828  
31.36520935  
90.364009  
29.9715108  
23.66074775  
87.79709425  
34.61094424  
-9.166326915  
89.38901511  
57.25968873  
86.4663846  
74.93073727  
88.03439657  
10.26142212  
44.65555289  
111.3865637  
42.22574828  
31.36520935  
90.364009  
29.9715108  
23.66074775  
87.79709425  
34.61094424  
-9.166326915  
89.38901511  
57.25968873  
86.4663846  
74.93073727  
88.03439657  
10.26142212  
44.65555289  
111.3865637  
42.22574828  
31.36520935  
90.364009  
29.9715108  
23.66074775  
87.79709425  
34.61094424  
-9.166326915  
89.38901511  
57.25968873  
86.4663846  
74.93073727  
88.03439657  
10.26142212  
44.65555289  
111.3865637  
42.22574828  
31.36520935  
90.364009  
29.9715108  
23.66074775  
87.79709425  
34.61094424  
-9.166326915  
89.38901511  
