-4.573837084  
36.34023802  
9.83504299  
21.16228011  
-18.6503773  
0.317625949  
18.45822278  
5.15196608  
12.7198592  
1.43512019  
-31.27008212  
-13.92213527  
-4.573837084  
36.34023802  
9.83504299  
21.16228011  
-18.6503773  
0.317625949  
18.45822278  
5.15196608  
12.7198592  
1.43512019  
-31.27008212  
-13.92213527  
-4.573837084  
36.34023802  
9.83504299  
21.16228011  
-18.6503773  
0.317625949  
18.45822278  
5.15196608  
12.7198592  
1.43512019  
-31.27008212  
-13.92213527  
-4.573837084  
36.34023802  
9.83504299  
21.16228011  
-18.6503773  
0.317625949  
18.45822278  
5.15196608  
12.7198592  
1.43512019  
-31.27008212  
-13.92213527  
