132.120628  
63.44123013  
96.34965576  
25.93828397  
208.368593  
13.06532207  
-29.79054711  
206.2841427  
120.7608233  
30.57866993  
87.90838647  
191.928995  
54.05375761  
103.0818099  
7.240409801  
31.28029345  
132.120628  
63.44123013  
96.34965576  
25.93828397  
208.368593  
13.06532207  
-29.79054711  
206.2841427  
120.7608233  
30.57866993  
87.90838647  
191.928995  
54.05375761  
103.0818099  
7.240409801  
31.28029345  
132.120628  
63.44123013  
96.34965576  
25.93828397  
208.368593  
13.06532207  
-29.79054711  
206.2841427  
120.7608233  
30.57866993  
87.90838647  
191.928995  
54.05375761  
103.0818099  
7.240409801  
31.28029345  
132.120628  
63.44123013  
96.34965576  
25.93828397  
208.368593  
13.06532207  
-29.79054711  
206.2841427  
120.7608233  
30.57866993  
87.90838647  
191.928995  
54.05375761  
103.0818099  
7.240409801  
31.28029345  
