-28.69131588  
7.809391858  
-25.02013879  
-13.95332836  
-6.980977518  
-12.35361083  
-29.18123495  
-38.14872289  
-4.51531255  
8.843932492  
-12.22231001  
-27.48524318  
-12.89832116  
3.94139834  
-3.569212098  
-28.69131588  
7.809391858  
-25.02013879  
-13.95332836  
-6.980977518  
-12.35361083  
-29.18123495  
-38.14872289  
-4.51531255  
8.843932492  
-12.22231001  
-27.48524318  
-12.89832116  
3.94139834  
-3.569212098  
-28.69131588  
7.809391858  
-25.02013879  
-13.95332836  
-6.980977518  
-12.35361083  
-29.18123495  
-38.14872289  
-4.51531255  
8.843932492  
-12.22231001  
-27.48524318  
-12.89832116  
3.94139834  
-3.569212098  
-28.69131588  
7.809391858  
-25.02013879  
-13.95332836  
-6.980977518  
-12.35361083  
-29.18123495  
-38.14872289  
-4.51531255  
8.843932492  
-12.22231001  
-27.48524318  
-12.89832116  
3.94139834  
-3.569212098  
