-2.906998154  
27.05038051  
-9.378526688  
-33.01322557  
-13.45111578  
-39.22031677  
-7.742341716  
15.19941343  
19.15000377  
-17.6227238  
33.4229672  
7.730651718  
-50.20189115  
-2.906998154  
27.05038051  
-9.378526688  
-33.01322557  
-13.45111578  
-39.22031677  
-7.742341716  
15.19941343  
19.15000377  
-17.6227238  
33.4229672  
7.730651718  
-50.20189115  
-2.906998154  
27.05038051  
-9.378526688  
-33.01322557  
-13.45111578  
-39.22031677  
-7.742341716  
15.19941343  
19.15000377  
-17.6227238  
33.4229672  
7.730651718  
-50.20189115  
-2.906998154  
27.05038051  
-9.378526688  
-33.01322557  
-13.45111578  
-39.22031677  
-7.742341716  
15.19941343  
19.15000377  
-17.6227238  
33.4229672  
7.730651718  
-50.20189115  
