19.23190136  
83.49860615  
27.49731201  
25.29466985  
64.66800014  
53.38235846  
61.43003153  
-7.848635596  
68.69426507  
-63.48940382  
58.75554864  
84.7541542  
12.90299102  
18.03081882  
55.40959175  
19.23190136  
83.49860615  
27.49731201  
25.29466985  
64.66800014  
53.38235846  
61.43003153  
-7.848635596  
68.69426507  
-63.48940382  
58.75554864  
84.7541542  
12.90299102  
18.03081882  
55.40959175  
19.23190136  
83.49860615  
27.49731201  
25.29466985  
64.66800014  
53.38235846  
61.43003153  
-7.848635596  
68.69426507  
-63.48940382  
58.75554864  
84.7541542  
12.90299102  
18.03081882  
55.40959175  
19.23190136  
83.49860615  
27.49731201  
25.29466985  
64.66800014  
53.38235846  
61.43003153  
-7.848635596  
68.69426507  
-63.48940382  
58.75554864  
84.7541542  
12.90299102  
18.03081882  
55.40959175  
