-0.8918988017  
42.08638284  
13.09704533  
54.16579049  
-23.68694778  
119.7458461  
38.41856391  
-22.00600775  
21.31377868  
61.32017484  
38.12236898  
52.8485275  
69.79770728  
17.21429002  
27.63297712  
-0.8918988017  
42.08638284  
13.09704533  
54.16579049  
-23.68694778  
119.7458461  
38.41856391  
-22.00600775  
21.31377868  
61.32017484  
38.12236898  
52.8485275  
69.79770728  
17.21429002  
27.63297712  
-0.8918988017  
42.08638284  
13.09704533  
54.16579049  
-23.68694778  
119.7458461  
38.41856391  
-22.00600775  
21.31377868  
61.32017484  
38.12236898  
52.8485275  
69.79770728  
17.21429002  
27.63297712  
-0.8918988017  
42.08638284  
13.09704533  
54.16579049  
-23.68694778  
119.7458461  
38.41856391  
-22.00600775  
21.31377868  
61.32017484  
38.12236898  
52.8485275  
69.79770728  
17.21429002  
27.63297712  
