-13.84497463  
-95.09309633  
29.55632756  
-6.066978477  
-58.74945652  
-10.28385933  
-43.9029401  
-13.1765419  
-70.40087914  
-13.84497463  
-95.09309633  
29.55632756  
-6.066978477  
-58.74945652  
-10.28385933  
-43.9029401  
-13.1765419  
-70.40087914  
-13.84497463  
-95.09309633  
29.55632756  
-6.066978477  
-58.74945652  
-10.28385933  
-43.9029401  
-13.1765419  
-70.40087914  
-13.84497463  
-95.09309633  
29.55632756  
-6.066978477  
-58.74945652  
-10.28385933  
-43.9029401  
-13.1765419  
-70.40087914  
