-180.0991018  
-86.91199959  
16.61802776  
-1.667458433  
45.43493274  
84.75369713  
23.24824917  
-74.00822363  
72.28618337  
15.14085854  
58.57465869  
72.09556803  
-78.05107635  
-32.71032929  
-180.0991018  
-86.91199959  
16.61802776  
-1.667458433  
45.43493274  
84.75369713  
23.24824917  
-74.00822363  
72.28618337  
15.14085854  
58.57465869  
72.09556803  
-78.05107635  
-32.71032929  
-180.0991018  
-86.91199959  
16.61802776  
-1.667458433  
45.43493274  
84.75369713  
23.24824917  
-74.00822363  
72.28618337  
15.14085854  
58.57465869  
72.09556803  
-78.05107635  
-32.71032929  
-180.0991018  
-86.91199959  
16.61802776  
-1.667458433  
45.43493274  
84.75369713  
23.24824917  
-74.00822363  
72.28618337  
15.14085854  
58.57465869  
72.09556803  
-78.05107635  
-32.71032929  
