-28.58362287  
-43.39768671  
154.0000574  
92.98181245  
14.65498758  
56.54587309  
-16.0195385  
103.6339969  
-55.78285947  
-13.24763085  
18.6387181  
-10.76367685  
39.76630253  
6.170086089  
-28.58362287  
-43.39768671  
154.0000574  
92.98181245  
14.65498758  
56.54587309  
-16.0195385  
103.6339969  
-55.78285947  
-13.24763085  
18.6387181  
-10.76367685  
39.76630253  
6.170086089  
-28.58362287  
-43.39768671  
154.0000574  
92.98181245  
14.65498758  
56.54587309  
-16.0195385  
103.6339969  
-55.78285947  
-13.24763085  
18.6387181  
-10.76367685  
39.76630253  
6.170086089  
-28.58362287  
-43.39768671  
154.0000574  
92.98181245  
14.65498758  
56.54587309  
-16.0195385  
103.6339969  
-55.78285947  
-13.24763085  
18.6387181  
-10.76367685  
39.76630253  
6.170086089  
