-38.77967499  
-12.35127705  
-98.28062876  
30.54814626  
67.55019286  
-9.90267955  
1.819717417  
-7.766165188  
5.114540435  
12.72348434  
-5.649057201  
-38.77967499  
-12.35127705  
-98.28062876  
30.54814626  
67.55019286  
-9.90267955  
1.819717417  
-7.766165188  
5.114540435  
12.72348434  
-5.649057201  
-38.77967499  
-12.35127705  
-98.28062876  
30.54814626  
67.55019286  
-9.90267955  
1.819717417  
-7.766165188  
5.114540435  
12.72348434  
-5.649057201  
-38.77967499  
-12.35127705  
-98.28062876  
30.54814626  
67.55019286  
-9.90267955  
1.819717417  
-7.766165188  
5.114540435  
12.72348434  
-5.649057201  
