-21.6279308  
-28.71325552  
-11.2652867  
-6.270975114  
-4.569002633  
-21.56586343  
-10.69844179  
10.4257938  
-1.682850967  
-16.01230976  
-11.8065218  
-11.82534878  
2.384535452  
-37.25420583  
-31.39114855  
-21.6279308  
-28.71325552  
-11.2652867  
-6.270975114  
-4.569002633  
-21.56586343  
-10.69844179  
10.4257938  
-1.682850967  
-16.01230976  
-11.8065218  
-11.82534878  
2.384535452  
-37.25420583  
-31.39114855  
-21.6279308  
-28.71325552  
-11.2652867  
-6.270975114  
-4.569002633  
-21.56586343  
-10.69844179  
10.4257938  
-1.682850967  
-16.01230976  
-11.8065218  
-11.82534878  
2.384535452  
-37.25420583  
-31.39114855  
-21.6279308  
-28.71325552  
-11.2652867  
-6.270975114  
-4.569002633  
-21.56586343  
-10.69844179  
10.4257938  
-1.682850967  
-16.01230976  
-11.8065218  
-11.82534878  
2.384535452  
-37.25420583  
-31.39114855  
