-8.973514511  
-67.22788055  
-95.38657273  
171.9606425  
-84.70921687  
110.1462913  
-122.2757569  
19.60831411  
-45.94735827  
-150.6991109  
-6.342319178  
-8.973514511  
-67.22788055  
-95.38657273  
171.9606425  
-84.70921687  
110.1462913  
-122.2757569  
19.60831411  
-45.94735827  
-150.6991109  
-6.342319178  
-8.973514511  
-67.22788055  
-95.38657273  
171.9606425  
-84.70921687  
110.1462913  
-122.2757569  
19.60831411  
-45.94735827  
-150.6991109  
-6.342319178  
-8.973514511  
-67.22788055  
-95.38657273  
171.9606425  
-84.70921687  
110.1462913  
-122.2757569  
19.60831411  
-45.94735827  
-150.6991109  
-6.342319178  
