-10.99443615  
-27.86188468  
-24.51622176  
-20.4624324  
16.62883589  
-1.827901087  
13.29984941  
10.17772761  
-17.32285277  
-10.99443615  
-27.86188468  
-24.51622176  
-20.4624324  
16.62883589  
-1.827901087  
13.29984941  
10.17772761  
-17.32285277  
-10.99443615  
-27.86188468  
-24.51622176  
-20.4624324  
16.62883589  
-1.827901087  
13.29984941  
10.17772761  
-17.32285277  
-10.99443615  
-27.86188468  
-24.51622176  
-20.4624324  
16.62883589  
-1.827901087  
13.29984941  
10.17772761  
-17.32285277  
