-57.06746666  
-17.14248571  
-52.32087584  
20.30002162  
27.38979591  
1.366905685  
-25.19343573  
-1.744832397  
-16.92025328  
-3.190679796  
-4.364431944  
-57.06746666  
-17.14248571  
-52.32087584  
20.30002162  
27.38979591  
1.366905685  
-25.19343573  
-1.744832397  
-16.92025328  
-3.190679796  
-4.364431944  
-57.06746666  
-17.14248571  
-52.32087584  
20.30002162  
27.38979591  
1.366905685  
-25.19343573  
-1.744832397  
-16.92025328  
-3.190679796  
-4.364431944  
-57.06746666  
-17.14248571  
-52.32087584  
20.30002162  
27.38979591  
1.366905685  
-25.19343573  
-1.744832397  
-16.92025328  
-3.190679796  
-4.364431944  
