3.746705167  
-26.7193956  
11.08511918  
28.2668746  
29.99580869  
103.000722  
23.26061557  
72.87034866  
60.32105873  
27.59513033  
-0.4192733557  
2.153101753  
47.41006078  
3.746705167  
-26.7193956  
11.08511918  
28.2668746  
29.99580869  
103.000722  
23.26061557  
72.87034866  
60.32105873  
27.59513033  
-0.4192733557  
2.153101753  
47.41006078  
3.746705167  
-26.7193956  
11.08511918  
28.2668746  
29.99580869  
103.000722  
23.26061557  
72.87034866  
60.32105873  
27.59513033  
-0.4192733557  
2.153101753  
47.41006078  
3.746705167  
-26.7193956  
11.08511918  
28.2668746  
29.99580869  
103.000722  
23.26061557  
72.87034866  
60.32105873  
27.59513033  
-0.4192733557  
2.153101753  
47.41006078  
