46.51343604  
-1.310607854  
1.371024306  
-0.949030711  
-15.72541483  
19.38681807  
38.50743693  
30.06470773  
-22.51538144  
-35.17731031  
36.11997352  
-20.50699873  
46.51343604  
-1.310607854  
1.371024306  
-0.949030711  
-15.72541483  
19.38681807  
38.50743693  
30.06470773  
-22.51538144  
-35.17731031  
36.11997352  
-20.50699873  
46.51343604  
-1.310607854  
1.371024306  
-0.949030711  
-15.72541483  
19.38681807  
38.50743693  
30.06470773  
-22.51538144  
-35.17731031  
36.11997352  
-20.50699873  
46.51343604  
-1.310607854  
1.371024306  
-0.949030711  
-15.72541483  
19.38681807  
38.50743693  
30.06470773  
-22.51538144  
-35.17731031  
36.11997352  
-20.50699873  
