-68.60920559  
3.239002726  
-1.298559792  
-46.9376969  
53.69602728  
61.36324654  
-4.225634449  
-2.661676157  
-39.93582944  
55.43124599  
-19.17082998  
-32.7667148  
31.82401279  
-42.26455878  
14.75407053  
-68.60920559  
3.239002726  
-1.298559792  
-46.9376969  
53.69602728  
61.36324654  
-4.225634449  
-2.661676157  
-39.93582944  
55.43124599  
-19.17082998  
-32.7667148  
31.82401279  
-42.26455878  
14.75407053  
-68.60920559  
3.239002726  
-1.298559792  
-46.9376969  
53.69602728  
61.36324654  
-4.225634449  
-2.661676157  
-39.93582944  
55.43124599  
-19.17082998  
-32.7667148  
31.82401279  
-42.26455878  
14.75407053  
-68.60920559  
3.239002726  
-1.298559792  
-46.9376969  
53.69602728  
61.36324654  
-4.225634449  
-2.661676157  
-39.93582944  
55.43124599  
-19.17082998  
-32.7667148  
31.82401279  
-42.26455878  
14.75407053  
