71.73773848  
-117.7453252  
5.27239315  
-33.05302051  
-17.57205117  
-50.91557469  
48.39856938  
-4.35965349  
141.6083557  
-80.407535  
-4.160853389  
57.06364111  
-60.5652569  
88.87204191  
-95.11099997  
71.73773848  
-117.7453252  
5.27239315  
-33.05302051  
-17.57205117  
-50.91557469  
48.39856938  
-4.35965349  
141.6083557  
-80.407535  
-4.160853389  
57.06364111  
-60.5652569  
88.87204191  
-95.11099997  
71.73773848  
-117.7453252  
5.27239315  
-33.05302051  
-17.57205117  
-50.91557469  
48.39856938  
-4.35965349  
141.6083557  
-80.407535  
-4.160853389  
57.06364111  
-60.5652569  
88.87204191  
-95.11099997  
71.73773848  
-117.7453252  
5.27239315  
-33.05302051  
-17.57205117  
-50.91557469  
48.39856938  
-4.35965349  
141.6083557  
-80.407535  
-4.160853389  
57.06364111  
-60.5652569  
88.87204191  
-95.11099997  
