122.5154542  
60.78556493  
144.6598845  
137.3398107  
46.7456006  
115.8357165  
141.5744712  
60.68990318  
98.69470188  
65.11188481  
38.73039493  
122.4873703  
56.87874656  
61.88160553  
62.88949522  
82.47432793  
156.7313  
122.5154542  
60.78556493  
144.6598845  
137.3398107  
46.7456006  
115.8357165  
141.5744712  
60.68990318  
98.69470188  
65.11188481  
38.73039493  
122.4873703  
56.87874656  
61.88160553  
62.88949522  
82.47432793  
156.7313  
122.5154542  
60.78556493  
144.6598845  
137.3398107  
46.7456006  
115.8357165  
141.5744712  
60.68990318  
98.69470188  
65.11188481  
38.73039493  
122.4873703  
56.87874656  
61.88160553  
62.88949522  
82.47432793  
156.7313  
122.5154542  
60.78556493  
144.6598845  
137.3398107  
46.7456006  
115.8357165  
141.5744712  
60.68990318  
98.69470188  
65.11188481  
38.73039493  
122.4873703  
56.87874656  
61.88160553  
62.88949522  
82.47432793  
156.7313  
