45.53863442  
-30.2548473  
-30.56882163  
85.17465538  
-18.89137943  
-54.5134813  
15.51505985  
55.06371172  
60.794494  
16.91135623  
69.65425454  
45.53863442  
-30.2548473  
-30.56882163  
85.17465538  
-18.89137943  
-54.5134813  
15.51505985  
55.06371172  
60.794494  
16.91135623  
69.65425454  
45.53863442  
-30.2548473  
-30.56882163  
85.17465538  
-18.89137943  
-54.5134813  
15.51505985  
55.06371172  
60.794494  
16.91135623  
69.65425454  
45.53863442  
-30.2548473  
-30.56882163  
85.17465538  
-18.89137943  
-54.5134813  
15.51505985  
55.06371172  
60.794494  
16.91135623  
69.65425454  
