-47.99542628  
-76.56547215  
42.82895082  
39.15264386  
93.11232003  
103.0886784  
89.32566058  
86.14330401  
71.65768717  
21.26530761  
8.080128574  
-42.59677225  
25.17589783  
-47.99542628  
-76.56547215  
42.82895082  
39.15264386  
93.11232003  
103.0886784  
89.32566058  
86.14330401  
71.65768717  
21.26530761  
8.080128574  
-42.59677225  
25.17589783  
-47.99542628  
-76.56547215  
42.82895082  
39.15264386  
93.11232003  
103.0886784  
89.32566058  
86.14330401  
71.65768717  
21.26530761  
8.080128574  
-42.59677225  
25.17589783  
-47.99542628  
-76.56547215  
42.82895082  
39.15264386  
93.11232003  
103.0886784  
89.32566058  
86.14330401  
71.65768717  
21.26530761  
8.080128574  
-42.59677225  
25.17589783  
