-240.6857526  
23.75701876  
68.80720895  
14.75491955  
-138.1588812  
-111.0648728  
-59.36400401  
-197.2014355  
109.0369447  
-209.4179499  
-141.1184086  
-10.10800376  
105.551677  
17.78569248  
-143.165654  
-78.24869205  
-240.6857526  
23.75701876  
68.80720895  
14.75491955  
-138.1588812  
-111.0648728  
-59.36400401  
-197.2014355  
109.0369447  
-209.4179499  
-141.1184086  
-10.10800376  
105.551677  
17.78569248  
-143.165654  
-78.24869205  
-240.6857526  
23.75701876  
68.80720895  
14.75491955  
-138.1588812  
-111.0648728  
-59.36400401  
-197.2014355  
109.0369447  
-209.4179499  
-141.1184086  
-10.10800376  
105.551677  
17.78569248  
-143.165654  
-78.24869205  
-240.6857526  
23.75701876  
68.80720895  
14.75491955  
-138.1588812  
-111.0648728  
-59.36400401  
-197.2014355  
109.0369447  
-209.4179499  
-141.1184086  
-10.10800376  
105.551677  
17.78569248  
-143.165654  
-78.24869205  
