10.17616061  
-2.015483615  
15.37588339  
55.15808588  
-42.4781987  
34.35220158  
-52.62924842  
-155.466935  
85.62034247  
30.23456108  
18.99666313  
-58.37302897  
-2.481735466  
162.5109234  
-7.734344739  
78.94087929  
46.23939792  
-60.52306939  
19.49363948  
-24.69807935  
10.17616061  
-2.015483615  
15.37588339  
55.15808588  
-42.4781987  
34.35220158  
-52.62924842  
-155.466935  
85.62034247  
30.23456108  
18.99666313  
-58.37302897  
-2.481735466  
162.5109234  
-7.734344739  
78.94087929  
46.23939792  
-60.52306939  
19.49363948  
-24.69807935  
10.17616061  
-2.015483615  
15.37588339  
55.15808588  
-42.4781987  
34.35220158  
-52.62924842  
-155.466935  
85.62034247  
30.23456108  
18.99666313  
-58.37302897  
-2.481735466  
162.5109234  
-7.734344739  
78.94087929  
46.23939792  
-60.52306939  
19.49363948  
-24.69807935  
10.17616061  
-2.015483615  
15.37588339  
55.15808588  
-42.4781987  
34.35220158  
-52.62924842  
-155.466935  
85.62034247  
30.23456108  
18.99666313  
-58.37302897  
-2.481735466  
162.5109234  
-7.734344739  
78.94087929  
46.23939792  
-60.52306939  
19.49363948  
-24.69807935  
