-16.0077475  
22.60234141  
1.898895167  
22.27899132  
34.94453471  
19.8406129  
29.42249327  
-30.23836782  
16.7595994  
12.17770394  
76.89440168  
4.369632006  
16.89482574  
38.6614999  
-20.48566277  
-16.0077475  
22.60234141  
1.898895167  
22.27899132  
34.94453471  
19.8406129  
29.42249327  
-30.23836782  
16.7595994  
12.17770394  
76.89440168  
4.369632006  
16.89482574  
38.6614999  
-20.48566277  
-16.0077475  
22.60234141  
1.898895167  
22.27899132  
34.94453471  
19.8406129  
29.42249327  
-30.23836782  
16.7595994  
12.17770394  
76.89440168  
4.369632006  
16.89482574  
38.6614999  
-20.48566277  
-16.0077475  
22.60234141  
1.898895167  
22.27899132  
34.94453471  
19.8406129  
29.42249327  
-30.23836782  
16.7595994  
12.17770394  
76.89440168  
4.369632006  
16.89482574  
38.6614999  
-20.48566277  
