110.9287685  
87.91817428  
124.2827072  
-7.979135685  
85.40645741  
112.3719046  
129.5503284  
26.36038406  
107.2133058  
16.78547817  
23.69950623  
49.56199379  
88.46797721  
186.5483956  
-3.24654405  
118.9235951  
106.3759563  
85.9041184  
36.52264935  
83.51616582  
110.9287685  
87.91817428  
124.2827072  
-7.979135685  
85.40645741  
112.3719046  
129.5503284  
26.36038406  
107.2133058  
16.78547817  
23.69950623  
49.56199379  
88.46797721  
186.5483956  
-3.24654405  
118.9235951  
106.3759563  
85.9041184  
36.52264935  
83.51616582  
110.9287685  
87.91817428  
124.2827072  
-7.979135685  
85.40645741  
112.3719046  
129.5503284  
26.36038406  
107.2133058  
16.78547817  
23.69950623  
49.56199379  
88.46797721  
186.5483956  
-3.24654405  
118.9235951  
106.3759563  
85.9041184  
36.52264935  
83.51616582  
110.9287685  
87.91817428  
124.2827072  
-7.979135685  
85.40645741  
112.3719046  
129.5503284  
26.36038406  
107.2133058  
16.78547817  
23.69950623  
49.56199379  
88.46797721  
186.5483956  
-3.24654405  
118.9235951  
106.3759563  
85.9041184  
36.52264935  
83.51616582  
