141.7290739  
-66.57903282  
4.906360881  
51.5584333  
94.6946594  
-48.43480646  
61.46941991  
62.26837813  
120.9886984  
-17.96438381  
-34.34321632  
85.93808955  
17.1802085  
39.20698749  
-63.27710391  
141.7290739  
-66.57903282  
4.906360881  
51.5584333  
94.6946594  
-48.43480646  
61.46941991  
62.26837813  
120.9886984  
-17.96438381  
-34.34321632  
85.93808955  
17.1802085  
39.20698749  
-63.27710391  
141.7290739  
-66.57903282  
4.906360881  
51.5584333  
94.6946594  
-48.43480646  
61.46941991  
62.26837813  
120.9886984  
-17.96438381  
-34.34321632  
85.93808955  
17.1802085  
39.20698749  
-63.27710391  
141.7290739  
-66.57903282  
4.906360881  
51.5584333  
94.6946594  
-48.43480646  
61.46941991  
62.26837813  
120.9886984  
-17.96438381  
-34.34321632  
85.93808955  
17.1802085  
39.20698749  
-63.27710391  
