54.08845818  
45.57871672  
-15.48524909  
-52.36120839  
48.74940144  
-50.59675016  
31.64852563  
9.502491299  
-39.64557843  
54.08845818  
45.57871672  
-15.48524909  
-52.36120839  
48.74940144  
-50.59675016  
31.64852563  
9.502491299  
-39.64557843  
54.08845818  
45.57871672  
-15.48524909  
-52.36120839  
48.74940144  
-50.59675016  
31.64852563  
9.502491299  
-39.64557843  
54.08845818  
45.57871672  
-15.48524909  
-52.36120839  
48.74940144  
-50.59675016  
31.64852563  
9.502491299  
-39.64557843  
