-62.97702413  
-65.09776353  
53.32392469  
-109.5511577  
47.59867637  
-46.9322016  
-12.47552097  
5.643963131  
17.06648674  
24.20484427  
-42.19765404  
8.733711956  
-62.97702413  
-65.09776353  
53.32392469  
-109.5511577  
47.59867637  
-46.9322016  
-12.47552097  
5.643963131  
17.06648674  
24.20484427  
-42.19765404  
8.733711956  
-62.97702413  
-65.09776353  
53.32392469  
-109.5511577  
47.59867637  
-46.9322016  
-12.47552097  
5.643963131  
17.06648674  
24.20484427  
-42.19765404  
8.733711956  
-62.97702413  
-65.09776353  
53.32392469  
-109.5511577  
47.59867637  
-46.9322016  
-12.47552097  
5.643963131  
17.06648674  
24.20484427  
-42.19765404  
8.733711956  
