54.19008901  
12.00483344  
30.35036193  
40.54184228  
-13.21827286  
6.711591388  
65.10795268  
150.2989786  
49.1517549  
-34.56223689  
69.61135403  
151.6647109  
54.19008901  
12.00483344  
30.35036193  
40.54184228  
-13.21827286  
6.711591388  
65.10795268  
150.2989786  
49.1517549  
-34.56223689  
69.61135403  
151.6647109  
54.19008901  
12.00483344  
30.35036193  
40.54184228  
-13.21827286  
6.711591388  
65.10795268  
150.2989786  
49.1517549  
-34.56223689  
69.61135403  
151.6647109  
54.19008901  
12.00483344  
30.35036193  
40.54184228  
-13.21827286  
6.711591388  
65.10795268  
150.2989786  
49.1517549  
-34.56223689  
69.61135403  
151.6647109  
