60.30474985  
70.46094307  
123.5574291  
118.1379598  
76.2260763  
214.17652  
186.2317228  
87.81412326  
55.9674751  
132.0386491  
-145.4112216  
194.966305  
210.8427133  
7.132876506  
227.449774  
5.72273489  
187.9799621  
60.30474985  
70.46094307  
123.5574291  
118.1379598  
76.2260763  
214.17652  
186.2317228  
87.81412326  
55.9674751  
132.0386491  
-145.4112216  
194.966305  
210.8427133  
7.132876506  
227.449774  
5.72273489  
187.9799621  
60.30474985  
70.46094307  
123.5574291  
118.1379598  
76.2260763  
214.17652  
186.2317228  
87.81412326  
55.9674751  
132.0386491  
-145.4112216  
194.966305  
210.8427133  
7.132876506  
227.449774  
5.72273489  
187.9799621  
60.30474985  
70.46094307  
123.5574291  
118.1379598  
76.2260763  
214.17652  
186.2317228  
87.81412326  
55.9674751  
132.0386491  
-145.4112216  
194.966305  
210.8427133  
7.132876506  
227.449774  
5.72273489  
187.9799621  
