-29.33752595  
-63.58400148  
38.57434347  
15.8494192  
25.85766867  
-131.6371123  
65.35479429  
-91.61374344  
15.30425907  
-177.6341006  
64.98909694  
-47.78468808  
-40.3495759  
79.75592817  
3.051615025  
-29.33752595  
-63.58400148  
38.57434347  
15.8494192  
25.85766867  
-131.6371123  
65.35479429  
-91.61374344  
15.30425907  
-177.6341006  
64.98909694  
-47.78468808  
-40.3495759  
79.75592817  
3.051615025  
-29.33752595  
-63.58400148  
38.57434347  
15.8494192  
25.85766867  
-131.6371123  
65.35479429  
-91.61374344  
15.30425907  
-177.6341006  
64.98909694  
-47.78468808  
-40.3495759  
79.75592817  
3.051615025  
-29.33752595  
-63.58400148  
38.57434347  
15.8494192  
25.85766867  
-131.6371123  
65.35479429  
-91.61374344  
15.30425907  
-177.6341006  
64.98909694  
-47.78468808  
-40.3495759  
79.75592817  
3.051615025  
