-39.54339851  
-14.12713523  
21.04203397  
-48.51948421  
80.72421811  
21.08529588  
66.98486152  
67.00662536  
57.14326791  
-144.1407506  
46.13660764  
-6.154935349  
-78.7742289  
-28.2093182  
29.50908381  
1.104960428  
-39.54339851  
-14.12713523  
21.04203397  
-48.51948421  
80.72421811  
21.08529588  
66.98486152  
67.00662536  
57.14326791  
-144.1407506  
46.13660764  
-6.154935349  
-78.7742289  
-28.2093182  
29.50908381  
1.104960428  
-39.54339851  
-14.12713523  
21.04203397  
-48.51948421  
80.72421811  
21.08529588  
66.98486152  
67.00662536  
57.14326791  
-144.1407506  
46.13660764  
-6.154935349  
-78.7742289  
-28.2093182  
29.50908381  
1.104960428  
-39.54339851  
-14.12713523  
21.04203397  
-48.51948421  
80.72421811  
21.08529588  
66.98486152  
67.00662536  
57.14326791  
-144.1407506  
46.13660764  
-6.154935349  
-78.7742289  
-28.2093182  
29.50908381  
1.104960428  
