-23.09340149  
-32.20628477  
0.8570760718  
16.75139452  
35.13053305  
-48.72332408  
21.64146397  
-17.09203886  
-3.196739534  
4.683737487  
27.05101197  
-3.363875884  
-7.78896071  
-23.09340149  
-32.20628477  
0.8570760718  
16.75139452  
35.13053305  
-48.72332408  
21.64146397  
-17.09203886  
-3.196739534  
4.683737487  
27.05101197  
-3.363875884  
-7.78896071  
-23.09340149  
-32.20628477  
0.8570760718  
16.75139452  
35.13053305  
-48.72332408  
21.64146397  
-17.09203886  
-3.196739534  
4.683737487  
27.05101197  
-3.363875884  
-7.78896071  
-23.09340149  
-32.20628477  
0.8570760718  
16.75139452  
35.13053305  
-48.72332408  
21.64146397  
-17.09203886  
-3.196739534  
4.683737487  
27.05101197  
-3.363875884  
-7.78896071  
