-18.65723073  
33.91199342  
38.81928281  
44.77691059  
21.52498654  
31.62870475  
10.1976347  
40.3563088  
61.88655372  
-10.56985505  
34.51609146  
44.34771537  
-12.04464781  
63.02718722  
40.16242479  
-11.66872819  
-15.49290007  
-18.65723073  
33.91199342  
38.81928281  
44.77691059  
21.52498654  
31.62870475  
10.1976347  
40.3563088  
61.88655372  
-10.56985505  
34.51609146  
44.34771537  
-12.04464781  
63.02718722  
40.16242479  
-11.66872819  
-15.49290007  
-18.65723073  
33.91199342  
38.81928281  
44.77691059  
21.52498654  
31.62870475  
10.1976347  
40.3563088  
61.88655372  
-10.56985505  
34.51609146  
44.34771537  
-12.04464781  
63.02718722  
40.16242479  
-11.66872819  
-15.49290007  
-18.65723073  
33.91199342  
38.81928281  
44.77691059  
21.52498654  
31.62870475  
10.1976347  
40.3563088  
61.88655372  
-10.56985505  
34.51609146  
44.34771537  
-12.04464781  
63.02718722  
40.16242479  
-11.66872819  
-15.49290007  
