35.26477655  
52.60560213  
31.18131877  
-4.545510717  
33.21354421  
13.82535534  
-36.08212461  
36.91421908  
27.38662369  
20.28290797  
-12.29624911  
25.33888195  
43.01426292  
-21.87915185  
-42.90566043  
-4.935287737  
35.26477655  
52.60560213  
31.18131877  
-4.545510717  
33.21354421  
13.82535534  
-36.08212461  
36.91421908  
27.38662369  
20.28290797  
-12.29624911  
25.33888195  
43.01426292  
-21.87915185  
-42.90566043  
-4.935287737  
35.26477655  
52.60560213  
31.18131877  
-4.545510717  
33.21354421  
13.82535534  
-36.08212461  
36.91421908  
27.38662369  
20.28290797  
-12.29624911  
25.33888195  
43.01426292  
-21.87915185  
-42.90566043  
-4.935287737  
35.26477655  
52.60560213  
31.18131877  
-4.545510717  
33.21354421  
13.82535534  
-36.08212461  
36.91421908  
27.38662369  
20.28290797  
-12.29624911  
25.33888195  
43.01426292  
-21.87915185  
-42.90566043  
-4.935287737  
