-158.0193002  
-58.36377703  
-31.57861477  
-10.52423621  
-145.3070457  
-10.14917529  
-14.25217881  
26.98610889  
56.00363717  
-68.52822001  
88.63840924  
20.83356698  
99.47996784  
5.868984718  
-158.0193002  
-58.36377703  
-31.57861477  
-10.52423621  
-145.3070457  
-10.14917529  
-14.25217881  
26.98610889  
56.00363717  
-68.52822001  
88.63840924  
20.83356698  
99.47996784  
5.868984718  
-158.0193002  
-58.36377703  
-31.57861477  
-10.52423621  
-145.3070457  
-10.14917529  
-14.25217881  
26.98610889  
56.00363717  
-68.52822001  
88.63840924  
20.83356698  
99.47996784  
5.868984718  
-158.0193002  
-58.36377703  
-31.57861477  
-10.52423621  
-145.3070457  
-10.14917529  
-14.25217881  
26.98610889  
56.00363717  
-68.52822001  
88.63840924  
20.83356698  
99.47996784  
5.868984718  
