-62.7712404  
29.50183596  
99.78281848  
67.67691316  
53.42448972  
73.83836578  
49.6674646  
34.66468932  
6.91303517  
69.90926469  
111.0558177  
78.21483898  
100.2544345  
89.63253207  
-62.7712404  
29.50183596  
99.78281848  
67.67691316  
53.42448972  
73.83836578  
49.6674646  
34.66468932  
6.91303517  
69.90926469  
111.0558177  
78.21483898  
100.2544345  
89.63253207  
-62.7712404  
29.50183596  
99.78281848  
67.67691316  
53.42448972  
73.83836578  
49.6674646  
34.66468932  
6.91303517  
69.90926469  
111.0558177  
78.21483898  
100.2544345  
89.63253207  
-62.7712404  
29.50183596  
99.78281848  
67.67691316  
53.42448972  
73.83836578  
49.6674646  
34.66468932  
6.91303517  
69.90926469  
111.0558177  
78.21483898  
100.2544345  
89.63253207  
