-47.31330155  
-18.61373411  
29.91524073  
-38.05284289  
-7.029892271  
11.73560474  
-0.3169301491  
55.25203262  
7.573327163  
48.09043078  
-39.10734101  
-84.06080367  
51.51501756  
21.00607257  
-4.57199078  
38.49431399  
32.29908401  
-32.3602471  
61.07698539  
-47.31330155  
-18.61373411  
29.91524073  
-38.05284289  
-7.029892271  
11.73560474  
-0.3169301491  
55.25203262  
7.573327163  
48.09043078  
-39.10734101  
-84.06080367  
51.51501756  
21.00607257  
-4.57199078  
38.49431399  
32.29908401  
-32.3602471  
61.07698539  
-47.31330155  
-18.61373411  
29.91524073  
-38.05284289  
-7.029892271  
11.73560474  
-0.3169301491  
55.25203262  
7.573327163  
48.09043078  
-39.10734101  
-84.06080367  
51.51501756  
21.00607257  
-4.57199078  
38.49431399  
32.29908401  
-32.3602471  
61.07698539  
-47.31330155  
-18.61373411  
29.91524073  
-38.05284289  
-7.029892271  
11.73560474  
-0.3169301491  
55.25203262  
7.573327163  
48.09043078  
-39.10734101  
-84.06080367  
51.51501756  
21.00607257  
-4.57199078  
38.49431399  
32.29908401  
-32.3602471  
61.07698539  
