-67.62256876  
-28.62575123  
39.26221298  
-43.0983481  
-2.339836721  
-60.13324  
-38.93137244  
5.074650488  
36.72956643  
27.28136091  
55.25210021  
5.576214627  
-67.62256876  
-28.62575123  
39.26221298  
-43.0983481  
-2.339836721  
-60.13324  
-38.93137244  
5.074650488  
36.72956643  
27.28136091  
55.25210021  
5.576214627  
-67.62256876  
-28.62575123  
39.26221298  
-43.0983481  
-2.339836721  
-60.13324  
-38.93137244  
5.074650488  
36.72956643  
27.28136091  
55.25210021  
5.576214627  
-67.62256876  
-28.62575123  
39.26221298  
-43.0983481  
-2.339836721  
-60.13324  
-38.93137244  
5.074650488  
36.72956643  
27.28136091  
55.25210021  
5.576214627  
