-74.61092333  
-18.2801597  
14.76189242  
-7.291682806  
-61.49428457  
-82.23064458  
29.09088749  
-55.75586895  
9.382479877  
10.38125749  
-32.12941748  
30.24322963  
4.607821428  
-74.61092333  
-18.2801597  
14.76189242  
-7.291682806  
-61.49428457  
-82.23064458  
29.09088749  
-55.75586895  
9.382479877  
10.38125749  
-32.12941748  
30.24322963  
4.607821428  
-74.61092333  
-18.2801597  
14.76189242  
-7.291682806  
-61.49428457  
-82.23064458  
29.09088749  
-55.75586895  
9.382479877  
10.38125749  
-32.12941748  
30.24322963  
4.607821428  
-74.61092333  
-18.2801597  
14.76189242  
-7.291682806  
-61.49428457  
-82.23064458  
29.09088749  
-55.75586895  
9.382479877  
10.38125749  
-32.12941748  
30.24322963  
4.607821428  
