-22.6407281  
-42.63420382  
25.45655622  
9.276988761  
53.59529548  
12.60383246  
-19.32133338  
-88.47482325  
35.0344648  
2.781069657  
12.74448279  
-10.85640966  
-22.87447311  
17.94590144  
-2.583344209  
11.43010831  
18.64704717  
27.31644301  
3.113479062  
-15.16168313  
-22.6407281  
-42.63420382  
25.45655622  
9.276988761  
53.59529548  
12.60383246  
-19.32133338  
-88.47482325  
35.0344648  
2.781069657  
12.74448279  
-10.85640966  
-22.87447311  
17.94590144  
-2.583344209  
11.43010831  
18.64704717  
27.31644301  
3.113479062  
-15.16168313  
-22.6407281  
-42.63420382  
25.45655622  
9.276988761  
53.59529548  
12.60383246  
-19.32133338  
-88.47482325  
35.0344648  
2.781069657  
12.74448279  
-10.85640966  
-22.87447311  
17.94590144  
-2.583344209  
11.43010831  
18.64704717  
27.31644301  
3.113479062  
-15.16168313  
-22.6407281  
-42.63420382  
25.45655622  
9.276988761  
53.59529548  
12.60383246  
-19.32133338  
-88.47482325  
35.0344648  
2.781069657  
12.74448279  
-10.85640966  
-22.87447311  
17.94590144  
-2.583344209  
11.43010831  
18.64704717  
27.31644301  
3.113479062  
-15.16168313  
