0.6623263361  
23.36408411  
32.00959664  
2.593977512  
-28.76956405  
-17.76098453  
18.62752677  
12.42541671  
15.57536577  
29.71156262  
-29.82757059  
26.66570167  
0.6623263361  
23.36408411  
32.00959664  
2.593977512  
-28.76956405  
-17.76098453  
18.62752677  
12.42541671  
15.57536577  
29.71156262  
-29.82757059  
26.66570167  
0.6623263361  
23.36408411  
32.00959664  
2.593977512  
-28.76956405  
-17.76098453  
18.62752677  
12.42541671  
15.57536577  
29.71156262  
-29.82757059  
26.66570167  
0.6623263361  
23.36408411  
32.00959664  
2.593977512  
-28.76956405  
-17.76098453  
18.62752677  
12.42541671  
15.57536577  
29.71156262  
-29.82757059  
26.66570167  
