-73.73339729  
32.66069481  
17.84325809  
26.43519822  
56.4586042  
8.204034916  
15.58299405  
41.85917659  
28.5238553  
25.04066308  
-73.73339729  
32.66069481  
17.84325809  
26.43519822  
56.4586042  
8.204034916  
15.58299405  
41.85917659  
28.5238553  
25.04066308  
-73.73339729  
32.66069481  
17.84325809  
26.43519822  
56.4586042  
8.204034916  
15.58299405  
41.85917659  
28.5238553  
25.04066308  
-73.73339729  
32.66069481  
17.84325809  
26.43519822  
56.4586042  
8.204034916  
15.58299405  
41.85917659  
28.5238553  
25.04066308  
