1.163658204  
70.37513048  
21.14890773  
32.8633549  
15.94356239  
13.04854259  
24.02014494  
106.6259271  
-9.727482463  
35.26926028  
-17.1047739  
73.15417205  
93.9541  
4.106616084  
9.882671866  
21.43973724  
-23.55433559  
1.163658204  
70.37513048  
21.14890773  
32.8633549  
15.94356239  
13.04854259  
24.02014494  
106.6259271  
-9.727482463  
35.26926028  
-17.1047739  
73.15417205  
93.9541  
4.106616084  
9.882671866  
21.43973724  
-23.55433559  
1.163658204  
70.37513048  
21.14890773  
32.8633549  
15.94356239  
13.04854259  
24.02014494  
106.6259271  
-9.727482463  
35.26926028  
-17.1047739  
73.15417205  
93.9541  
4.106616084  
9.882671866  
21.43973724  
-23.55433559  
1.163658204  
70.37513048  
21.14890773  
32.8633549  
15.94356239  
13.04854259  
24.02014494  
106.6259271  
-9.727482463  
35.26926028  
-17.1047739  
73.15417205  
93.9541  
4.106616084  
9.882671866  
21.43973724  
-23.55433559  
