44.80774837  
-10.32537472  
-174.9033741  
11.6709523  
-474.5367758  
50.08140928  
44.27295392  
-208.0506238  
129.7584977  
-233.0945331  
30.98368871  
44.80774837  
-10.32537472  
-174.9033741  
11.6709523  
-474.5367758  
50.08140928  
44.27295392  
-208.0506238  
129.7584977  
-233.0945331  
30.98368871  
44.80774837  
-10.32537472  
-174.9033741  
11.6709523  
-474.5367758  
50.08140928  
44.27295392  
-208.0506238  
129.7584977  
-233.0945331  
30.98368871  
44.80774837  
-10.32537472  
-174.9033741  
11.6709523  
-474.5367758  
50.08140928  
44.27295392  
-208.0506238  
129.7584977  
-233.0945331  
30.98368871  
