-9.582962767  
-18.82665674  
-28.46992507  
44.60233638  
-90.36952749  
55.67335486  
-31.37891137  
72.27383429  
1.357433579  
-9.582962767  
-18.82665674  
-28.46992507  
44.60233638  
-90.36952749  
55.67335486  
-31.37891137  
72.27383429  
1.357433579  
-9.582962767  
-18.82665674  
-28.46992507  
44.60233638  
-90.36952749  
55.67335486  
-31.37891137  
72.27383429  
1.357433579  
-9.582962767  
-18.82665674  
-28.46992507  
44.60233638  
-90.36952749  
55.67335486  
-31.37891137  
72.27383429  
1.357433579  
