-17.75743854  
18.15125405  
13.33611871  
-32.22471951  
52.97768676  
-59.21788741  
5.722587114  
-42.86678581  
-20.39259633  
-17.75743854  
18.15125405  
13.33611871  
-32.22471951  
52.97768676  
-59.21788741  
5.722587114  
-42.86678581  
-20.39259633  
-17.75743854  
18.15125405  
13.33611871  
-32.22471951  
52.97768676  
-59.21788741  
5.722587114  
-42.86678581  
-20.39259633  
-17.75743854  
18.15125405  
13.33611871  
-32.22471951  
52.97768676  
-59.21788741  
5.722587114  
-42.86678581  
-20.39259633  
