-41.20864867  
-39.82348025  
46.28009742  
20.34316021  
-61.86589037  
38.75723678  
-20.20832074  
-22.23829702  
-8.985521254  
21.43593345  
19.52719272  
-41.20864867  
-39.82348025  
46.28009742  
20.34316021  
-61.86589037  
38.75723678  
-20.20832074  
-22.23829702  
-8.985521254  
21.43593345  
19.52719272  
-41.20864867  
-39.82348025  
46.28009742  
20.34316021  
-61.86589037  
38.75723678  
-20.20832074  
-22.23829702  
-8.985521254  
21.43593345  
19.52719272  
-41.20864867  
-39.82348025  
46.28009742  
20.34316021  
-61.86589037  
38.75723678  
-20.20832074  
-22.23829702  
-8.985521254  
21.43593345  
19.52719272  
