-82.8675444  
-27.54115147  
52.13587478  
29.76737434  
107.4910592  
-2.575123303  
93.84411434  
38.72069099  
-13.23284825  
-13.00537232  
80.42133617  
42.05962629  
68.82948016  
-36.8765139  
-19.21013839  
-82.8675444  
-27.54115147  
52.13587478  
29.76737434  
107.4910592  
-2.575123303  
93.84411434  
38.72069099  
-13.23284825  
-13.00537232  
80.42133617  
42.05962629  
68.82948016  
-36.8765139  
-19.21013839  
-82.8675444  
-27.54115147  
52.13587478  
29.76737434  
107.4910592  
-2.575123303  
93.84411434  
38.72069099  
-13.23284825  
-13.00537232  
80.42133617  
42.05962629  
68.82948016  
-36.8765139  
-19.21013839  
-82.8675444  
-27.54115147  
52.13587478  
29.76737434  
107.4910592  
-2.575123303  
93.84411434  
38.72069099  
-13.23284825  
-13.00537232  
80.42133617  
42.05962629  
68.82948016  
-36.8765139  
-19.21013839  
