-40.34679619  
-4.233669615  
-40.37076943  
-15.23456171  
31.34870371  
-64.95807837  
-32.78815173  
13.43994601  
-6.251164867  
-5.371842299  
19.43029925  
-1.79834021  
-61.1781843  
18.62183725  
28.70014812  
-5.673123473  
-28.38646267  
-40.34679619  
-4.233669615  
-40.37076943  
-15.23456171  
31.34870371  
-64.95807837  
-32.78815173  
13.43994601  
-6.251164867  
-5.371842299  
19.43029925  
-1.79834021  
-61.1781843  
18.62183725  
28.70014812  
-5.673123473  
-28.38646267  
-40.34679619  
-4.233669615  
-40.37076943  
-15.23456171  
31.34870371  
-64.95807837  
-32.78815173  
13.43994601  
-6.251164867  
-5.371842299  
19.43029925  
-1.79834021  
-61.1781843  
18.62183725  
28.70014812  
-5.673123473  
-28.38646267  
-40.34679619  
-4.233669615  
-40.37076943  
-15.23456171  
31.34870371  
-64.95807837  
-32.78815173  
13.43994601  
-6.251164867  
-5.371842299  
19.43029925  
-1.79834021  
-61.1781843  
18.62183725  
28.70014812  
-5.673123473  
-28.38646267  
