25.27046673  
-17.5369186  
21.24213477  
2.599569718  
-54.81867607  
-7.897556655  
35.63868328  
45.47206895  
-11.51733935  
-35.21424085  
-28.48209679  
22.84289325  
25.27046673  
-17.5369186  
21.24213477  
2.599569718  
-54.81867607  
-7.897556655  
35.63868328  
45.47206895  
-11.51733935  
-35.21424085  
-28.48209679  
22.84289325  
25.27046673  
-17.5369186  
21.24213477  
2.599569718  
-54.81867607  
-7.897556655  
35.63868328  
45.47206895  
-11.51733935  
-35.21424085  
-28.48209679  
22.84289325  
25.27046673  
-17.5369186  
21.24213477  
2.599569718  
-54.81867607  
-7.897556655  
35.63868328  
45.47206895  
-11.51733935  
-35.21424085  
-28.48209679  
22.84289325  
