62.72750907  
12.45781629  
64.19591876  
-214.798511  
17.96143109  
-103.5433906  
8.405750302  
8.072256236  
56.30297164  
-68.55592499  
84.35406021  
-39.5846029  
-107.9497156  
62.72750907  
12.45781629  
64.19591876  
-214.798511  
17.96143109  
-103.5433906  
8.405750302  
8.072256236  
56.30297164  
-68.55592499  
84.35406021  
-39.5846029  
-107.9497156  
62.72750907  
12.45781629  
64.19591876  
-214.798511  
17.96143109  
-103.5433906  
8.405750302  
8.072256236  
56.30297164  
-68.55592499  
84.35406021  
-39.5846029  
-107.9497156  
62.72750907  
12.45781629  
64.19591876  
-214.798511  
17.96143109  
-103.5433906  
8.405750302  
8.072256236  
56.30297164  
-68.55592499  
84.35406021  
-39.5846029  
-107.9497156  
