37.62977582  
25.56225385  
-22.67708833  
-41.21295814  
14.13505683  
-30.45701057  
21.97754105  
64.90222177  
3.324570114  
18.39111218  
14.24044375  
-2.610419041  
-13.73532327  
11.74994685  
42.02042716  
37.62977582  
25.56225385  
-22.67708833  
-41.21295814  
14.13505683  
-30.45701057  
21.97754105  
64.90222177  
3.324570114  
18.39111218  
14.24044375  
-2.610419041  
-13.73532327  
11.74994685  
42.02042716  
37.62977582  
25.56225385  
-22.67708833  
-41.21295814  
14.13505683  
-30.45701057  
21.97754105  
64.90222177  
3.324570114  
18.39111218  
14.24044375  
-2.610419041  
-13.73532327  
11.74994685  
42.02042716  
37.62977582  
25.56225385  
-22.67708833  
-41.21295814  
14.13505683  
-30.45701057  
21.97754105  
64.90222177  
3.324570114  
18.39111218  
14.24044375  
-2.610419041  
-13.73532327  
11.74994685  
42.02042716  
