-52.12737521  
-7.345797741  
50.44367704  
-36.70127322  
3.434418792  
66.99642529  
0.8237800363  
-7.070771344  
-35.03848468  
-48.59652652  
6.566494855  
-37.11510848  
-42.47243483  
-34.60655639  
21.12394178  
1.160463229  
-52.12737521  
-7.345797741  
50.44367704  
-36.70127322  
3.434418792  
66.99642529  
0.8237800363  
-7.070771344  
-35.03848468  
-48.59652652  
6.566494855  
-37.11510848  
-42.47243483  
-34.60655639  
21.12394178  
1.160463229  
-52.12737521  
-7.345797741  
50.44367704  
-36.70127322  
3.434418792  
66.99642529  
0.8237800363  
-7.070771344  
-35.03848468  
-48.59652652  
6.566494855  
-37.11510848  
-42.47243483  
-34.60655639  
21.12394178  
1.160463229  
-52.12737521  
-7.345797741  
50.44367704  
-36.70127322  
3.434418792  
66.99642529  
0.8237800363  
-7.070771344  
-35.03848468  
-48.59652652  
6.566494855  
-37.11510848  
-42.47243483  
-34.60655639  
21.12394178  
1.160463229  
