-12.07921132  
-21.01376653  
-84.14058635  
22.13229339  
-56.09086871  
-55.08884043  
-22.46061369  
73.41587204  
-76.96810003  
26.12500085  
-10.78753716  
-59.42038002  
-52.75504151  
-67.34200717  
-61.17890557  
-54.59270531  
-12.07921132  
-21.01376653  
-84.14058635  
22.13229339  
-56.09086871  
-55.08884043  
-22.46061369  
73.41587204  
-76.96810003  
26.12500085  
-10.78753716  
-59.42038002  
-52.75504151  
-67.34200717  
-61.17890557  
-54.59270531  
-12.07921132  
-21.01376653  
-84.14058635  
22.13229339  
-56.09086871  
-55.08884043  
-22.46061369  
73.41587204  
-76.96810003  
26.12500085  
-10.78753716  
-59.42038002  
-52.75504151  
-67.34200717  
-61.17890557  
-54.59270531  
-12.07921132  
-21.01376653  
-84.14058635  
22.13229339  
-56.09086871  
-55.08884043  
-22.46061369  
73.41587204  
-76.96810003  
26.12500085  
-10.78753716  
-59.42038002  
-52.75504151  
-67.34200717  
-61.17890557  
-54.59270531  
