-15.71189723  
34.89131278  
-45.87817633  
16.38175969  
-2.503228901  
5.80670161  
-6.699785809  
27.14823414  
-35.62149633  
30.39900189  
-22.59271637  
27.21052398  
3.223208437  
-15.71189723  
34.89131278  
-45.87817633  
16.38175969  
-2.503228901  
5.80670161  
-6.699785809  
27.14823414  
-35.62149633  
30.39900189  
-22.59271637  
27.21052398  
3.223208437  
-15.71189723  
34.89131278  
-45.87817633  
16.38175969  
-2.503228901  
5.80670161  
-6.699785809  
27.14823414  
-35.62149633  
30.39900189  
-22.59271637  
27.21052398  
3.223208437  
-15.71189723  
34.89131278  
-45.87817633  
16.38175969  
-2.503228901  
5.80670161  
-6.699785809  
27.14823414  
-35.62149633  
30.39900189  
-22.59271637  
27.21052398  
3.223208437  
