-82.98099338  
-25.0857888  
-7.051288852  
-25.19797834  
-24.34382648  
17.55110165  
-28.71111301  
-3.383012554  
-43.36306676  
14.65102827  
-7.101181144  
-82.98099338  
-25.0857888  
-7.051288852  
-25.19797834  
-24.34382648  
17.55110165  
-28.71111301  
-3.383012554  
-43.36306676  
14.65102827  
-7.101181144  
-82.98099338  
-25.0857888  
-7.051288852  
-25.19797834  
-24.34382648  
17.55110165  
-28.71111301  
-3.383012554  
-43.36306676  
14.65102827  
-7.101181144  
-82.98099338  
-25.0857888  
-7.051288852  
-25.19797834  
-24.34382648  
17.55110165  
-28.71111301  
-3.383012554  
-43.36306676  
14.65102827  
-7.101181144  
