-29.31827739  
-3.876681559  
-41.42674914  
-40.48106866  
11.1416925  
1.470019781  
-36.12444148  
59.38254117  
-32.48871812  
53.42845998  
49.25352751  
-43.41409734  
-41.01274372  
-17.61688006  
25.02407861  
-2.361417854  
35.82759048  
-12.40265759  
68.34131348  
-29.31827739  
-3.876681559  
-41.42674914  
-40.48106866  
11.1416925  
1.470019781  
-36.12444148  
59.38254117  
-32.48871812  
53.42845998  
49.25352751  
-43.41409734  
-41.01274372  
-17.61688006  
25.02407861  
-2.361417854  
35.82759048  
-12.40265759  
68.34131348  
-29.31827739  
-3.876681559  
-41.42674914  
-40.48106866  
11.1416925  
1.470019781  
-36.12444148  
59.38254117  
-32.48871812  
53.42845998  
49.25352751  
-43.41409734  
-41.01274372  
-17.61688006  
25.02407861  
-2.361417854  
35.82759048  
-12.40265759  
68.34131348  
-29.31827739  
-3.876681559  
-41.42674914  
-40.48106866  
11.1416925  
1.470019781  
-36.12444148  
59.38254117  
-32.48871812  
53.42845998  
49.25352751  
-43.41409734  
-41.01274372  
-17.61688006  
25.02407861  
-2.361417854  
35.82759048  
-12.40265759  
68.34131348  
