54.96928296  
11.48894701  
-20.44243666  
-48.8472041  
42.75621033  
31.13671531  
-29.04742685  
14.60430197  
33.72614797  
38.46116416  
15.7652083  
-29.48737843  
21.78347985  
34.77469906  
54.96928296  
11.48894701  
-20.44243666  
-48.8472041  
42.75621033  
31.13671531  
-29.04742685  
14.60430197  
33.72614797  
38.46116416  
15.7652083  
-29.48737843  
21.78347985  
34.77469906  
54.96928296  
11.48894701  
-20.44243666  
-48.8472041  
42.75621033  
31.13671531  
-29.04742685  
14.60430197  
33.72614797  
38.46116416  
15.7652083  
-29.48737843  
21.78347985  
34.77469906  
54.96928296  
11.48894701  
-20.44243666  
-48.8472041  
42.75621033  
31.13671531  
-29.04742685  
14.60430197  
33.72614797  
38.46116416  
15.7652083  
-29.48737843  
21.78347985  
34.77469906  
