124.6975993  
136.5142315  
183.2365345  
126.6504191  
28.44571106  
223.5248017  
199.8748657  
200.6272678  
58.85528349  
208.6427525  
143.5306257  
183.1896319  
12.47647051  
211.8708138  
207.4219336  
131.8001407  
241.3259034  
124.6975993  
136.5142315  
183.2365345  
126.6504191  
28.44571106  
223.5248017  
199.8748657  
200.6272678  
58.85528349  
208.6427525  
143.5306257  
183.1896319  
12.47647051  
211.8708138  
207.4219336  
131.8001407  
241.3259034  
124.6975993  
136.5142315  
183.2365345  
126.6504191  
28.44571106  
223.5248017  
199.8748657  
200.6272678  
58.85528349  
208.6427525  
143.5306257  
183.1896319  
12.47647051  
211.8708138  
207.4219336  
131.8001407  
241.3259034  
124.6975993  
136.5142315  
183.2365345  
126.6504191  
28.44571106  
223.5248017  
199.8748657  
200.6272678  
58.85528349  
208.6427525  
143.5306257  
183.1896319  
12.47647051  
211.8708138  
207.4219336  
131.8001407  
241.3259034  
