-23.74638249  
26.10061436  
-6.899520636  
6.15525907  
-27.36263258  
-5.625212249  
21.34602465  
-7.405727054  
-1.091252264  
0.3120369724  
-33.58578645  
-29.08144474  
-23.74638249  
26.10061436  
-6.899520636  
6.15525907  
-27.36263258  
-5.625212249  
21.34602465  
-7.405727054  
-1.091252264  
0.3120369724  
-33.58578645  
-29.08144474  
-23.74638249  
26.10061436  
-6.899520636  
6.15525907  
-27.36263258  
-5.625212249  
21.34602465  
-7.405727054  
-1.091252264  
0.3120369724  
-33.58578645  
-29.08144474  
-23.74638249  
26.10061436  
-6.899520636  
6.15525907  
-27.36263258  
-5.625212249  
21.34602465  
-7.405727054  
-1.091252264  
0.3120369724  
-33.58578645  
-29.08144474  
