-28.96098265  
-55.72801202  
-43.62262016  
-15.57657637  
-29.99252002  
-27.6739532  
2.370391984  
33.96254472  
-14.24591921  
-28.96098265  
-55.72801202  
-43.62262016  
-15.57657637  
-29.99252002  
-27.6739532  
2.370391984  
33.96254472  
-14.24591921  
-28.96098265  
-55.72801202  
-43.62262016  
-15.57657637  
-29.99252002  
-27.6739532  
2.370391984  
33.96254472  
-14.24591921  
-28.96098265  
-55.72801202  
-43.62262016  
-15.57657637  
-29.99252002  
-27.6739532  
2.370391984  
33.96254472  
-14.24591921  
