-105.3027751  
-69.23278565  
-5.455402743  
-11.248847  
-25.94101834  
9.485603465  
6.838754407  
38.28194509  
35.84668529  
-6.629515865  
-17.36334596  
62.88141356  
28.22244809  
48.30177641  
-105.3027751  
-69.23278565  
-5.455402743  
-11.248847  
-25.94101834  
9.485603465  
6.838754407  
38.28194509  
35.84668529  
-6.629515865  
-17.36334596  
62.88141356  
28.22244809  
48.30177641  
-105.3027751  
-69.23278565  
-5.455402743  
-11.248847  
-25.94101834  
9.485603465  
6.838754407  
38.28194509  
35.84668529  
-6.629515865  
-17.36334596  
62.88141356  
28.22244809  
48.30177641  
-105.3027751  
-69.23278565  
-5.455402743  
-11.248847  
-25.94101834  
9.485603465  
6.838754407  
38.28194509  
35.84668529  
-6.629515865  
-17.36334596  
62.88141356  
28.22244809  
48.30177641  
