71.24147603  
-24.86306401  
31.97086778  
95.644473  
61.00808563  
89.12487357  
115.152065  
42.89285609  
29.12614458  
-22.83593587  
39.58081438  
52.47828813  
71.24147603  
-24.86306401  
31.97086778  
95.644473  
61.00808563  
89.12487357  
115.152065  
42.89285609  
29.12614458  
-22.83593587  
39.58081438  
52.47828813  
71.24147603  
-24.86306401  
31.97086778  
95.644473  
61.00808563  
89.12487357  
115.152065  
42.89285609  
29.12614458  
-22.83593587  
39.58081438  
52.47828813  
71.24147603  
-24.86306401  
31.97086778  
95.644473  
61.00808563  
89.12487357  
115.152065  
42.89285609  
29.12614458  
-22.83593587  
39.58081438  
52.47828813  
