7.924998161  
-11.33638343  
-11.02978227  
-33.4852973  
-22.50019266  
4.095884809  
-41.39777928  
12.59421243  
-21.46735433  
-15.86401594  
-52.34524493  
35.34537905  
-38.25767876  
7.924998161  
-11.33638343  
-11.02978227  
-33.4852973  
-22.50019266  
4.095884809  
-41.39777928  
12.59421243  
-21.46735433  
-15.86401594  
-52.34524493  
35.34537905  
-38.25767876  
7.924998161  
-11.33638343  
-11.02978227  
-33.4852973  
-22.50019266  
4.095884809  
-41.39777928  
12.59421243  
-21.46735433  
-15.86401594  
-52.34524493  
35.34537905  
-38.25767876  
7.924998161  
-11.33638343  
-11.02978227  
-33.4852973  
-22.50019266  
4.095884809  
-41.39777928  
12.59421243  
-21.46735433  
-15.86401594  
-52.34524493  
35.34537905  
-38.25767876  
