60.62051251  
97.08766961  
155.3125629  
45.78964905  
22.22588961  
77.02401574  
38.74258449  
102.1591943  
130.0216978  
-21.50132219  
103.4107163  
121.4284045  
25.88450607  
115.6791535  
89.37139682  
66.43591829  
27.7710776  
60.62051251  
97.08766961  
155.3125629  
45.78964905  
22.22588961  
77.02401574  
38.74258449  
102.1591943  
130.0216978  
-21.50132219  
103.4107163  
121.4284045  
25.88450607  
115.6791535  
89.37139682  
66.43591829  
27.7710776  
60.62051251  
97.08766961  
155.3125629  
45.78964905  
22.22588961  
77.02401574  
38.74258449  
102.1591943  
130.0216978  
-21.50132219  
103.4107163  
121.4284045  
25.88450607  
115.6791535  
89.37139682  
66.43591829  
27.7710776  
60.62051251  
97.08766961  
155.3125629  
45.78964905  
22.22588961  
77.02401574  
38.74258449  
102.1591943  
130.0216978  
-21.50132219  
103.4107163  
121.4284045  
25.88450607  
115.6791535  
89.37139682  
66.43591829  
27.7710776  
