15.99850059  
15.56410033  
-15.92776315  
23.02717798  
2.182884914  
30.26520497  
-13.45289119  
-21.70176812  
56.61474606  
-7.11170861  
3.405122167  
15.99850059  
15.56410033  
-15.92776315  
23.02717798  
2.182884914  
30.26520497  
-13.45289119  
-21.70176812  
56.61474606  
-7.11170861  
3.405122167  
15.99850059  
15.56410033  
-15.92776315  
23.02717798  
2.182884914  
30.26520497  
-13.45289119  
-21.70176812  
56.61474606  
-7.11170861  
3.405122167  
15.99850059  
15.56410033  
-15.92776315  
23.02717798  
2.182884914  
30.26520497  
-13.45289119  
-21.70176812  
56.61474606  
-7.11170861  
3.405122167  
