-49.97108313  
-1.528535218  
-13.10725595  
-33.06917361  
-73.89140046  
1.514252811  
-54.57308857  
-7.505602338  
6.624637789  
-17.70206668  
-13.84154976  
-46.37998339  
-36.44585427  
-50.06297797  
-3.063900846  
-18.40035969  
-82.52327223  
-49.97108313  
-1.528535218  
-13.10725595  
-33.06917361  
-73.89140046  
1.514252811  
-54.57308857  
-7.505602338  
6.624637789  
-17.70206668  
-13.84154976  
-46.37998339  
-36.44585427  
-50.06297797  
-3.063900846  
-18.40035969  
-82.52327223  
-49.97108313  
-1.528535218  
-13.10725595  
-33.06917361  
-73.89140046  
1.514252811  
-54.57308857  
-7.505602338  
6.624637789  
-17.70206668  
-13.84154976  
-46.37998339  
-36.44585427  
-50.06297797  
-3.063900846  
-18.40035969  
-82.52327223  
-49.97108313  
-1.528535218  
-13.10725595  
-33.06917361  
-73.89140046  
1.514252811  
-54.57308857  
-7.505602338  
6.624637789  
-17.70206668  
-13.84154976  
-46.37998339  
-36.44585427  
-50.06297797  
-3.063900846  
-18.40035969  
-82.52327223  
