47.16752448  
88.37685502  
64.77113351  
-34.62876924  
82.39923865  
78.53777496  
30.61594407  
91.02879787  
11.12268625  
2.108328933  
46.05288356  
117.5250202  
25.8531985  
47.16752448  
88.37685502  
64.77113351  
-34.62876924  
82.39923865  
78.53777496  
30.61594407  
91.02879787  
11.12268625  
2.108328933  
46.05288356  
117.5250202  
25.8531985  
47.16752448  
88.37685502  
64.77113351  
-34.62876924  
82.39923865  
78.53777496  
30.61594407  
91.02879787  
11.12268625  
2.108328933  
46.05288356  
117.5250202  
25.8531985  
47.16752448  
88.37685502  
64.77113351  
-34.62876924  
82.39923865  
78.53777496  
30.61594407  
91.02879787  
11.12268625  
2.108328933  
46.05288356  
117.5250202  
25.8531985  
