5.408277451  
24.49696431  
55.59220433  
-11.72329869  
15.01307061  
52.05324848  
-50.60359036  
44.69631893  
0.9808905682  
5.539823147  
54.09875446  
-12.71182591  
28.84560261  
12.85835011  
-10.00437195  
5.408277451  
24.49696431  
55.59220433  
-11.72329869  
15.01307061  
52.05324848  
-50.60359036  
44.69631893  
0.9808905682  
5.539823147  
54.09875446  
-12.71182591  
28.84560261  
12.85835011  
-10.00437195  
5.408277451  
24.49696431  
55.59220433  
-11.72329869  
15.01307061  
52.05324848  
-50.60359036  
44.69631893  
0.9808905682  
5.539823147  
54.09875446  
-12.71182591  
28.84560261  
12.85835011  
-10.00437195  
5.408277451  
24.49696431  
55.59220433  
-11.72329869  
15.01307061  
52.05324848  
-50.60359036  
44.69631893  
0.9808905682  
5.539823147  
54.09875446  
-12.71182591  
28.84560261  
12.85835011  
-10.00437195  
