-73.40949865  
31.77249001  
-31.14445118  
3.985274736  
16.49731572  
31.05606843  
22.82102687  
-29.14269069  
-1.316164049  
33.74478647  
-2.240752384  
-1.184495322  
23.66917079  
-73.40949865  
31.77249001  
-31.14445118  
3.985274736  
16.49731572  
31.05606843  
22.82102687  
-29.14269069  
-1.316164049  
33.74478647  
-2.240752384  
-1.184495322  
23.66917079  
-73.40949865  
31.77249001  
-31.14445118  
3.985274736  
16.49731572  
31.05606843  
22.82102687  
-29.14269069  
-1.316164049  
33.74478647  
-2.240752384  
-1.184495322  
23.66917079  
-73.40949865  
31.77249001  
-31.14445118  
3.985274736  
16.49731572  
31.05606843  
22.82102687  
-29.14269069  
-1.316164049  
33.74478647  
-2.240752384  
-1.184495322  
23.66917079  
