157.3350619  
3.040850438  
76.22143952  
0.2049227901  
152.7978531  
156.1694863  
88.33220852  
30.02862652  
-0.002080392379  
17.87064458  
-13.47342073  
157.3350619  
3.040850438  
76.22143952  
0.2049227901  
152.7978531  
156.1694863  
88.33220852  
30.02862652  
-0.002080392379  
17.87064458  
-13.47342073  
157.3350619  
3.040850438  
76.22143952  
0.2049227901  
152.7978531  
156.1694863  
88.33220852  
30.02862652  
-0.002080392379  
17.87064458  
-13.47342073  
157.3350619  
3.040850438  
76.22143952  
0.2049227901  
152.7978531  
156.1694863  
88.33220852  
30.02862652  
-0.002080392379  
17.87064458  
-13.47342073  
