-8.094096152  
45.91963809  
1.780787784  
11.90919474  
62.5731735  
29.08846528  
66.15201472  
-29.50250111  
-2.070338909  
40.08919287  
35.55806735  
-15.5270357  
34.5711779  
23.95843832  
11.07834623  
-8.094096152  
45.91963809  
1.780787784  
11.90919474  
62.5731735  
29.08846528  
66.15201472  
-29.50250111  
-2.070338909  
40.08919287  
35.55806735  
-15.5270357  
34.5711779  
23.95843832  
11.07834623  
-8.094096152  
45.91963809  
1.780787784  
11.90919474  
62.5731735  
29.08846528  
66.15201472  
-29.50250111  
-2.070338909  
40.08919287  
35.55806735  
-15.5270357  
34.5711779  
23.95843832  
11.07834623  
-8.094096152  
45.91963809  
1.780787784  
11.90919474  
62.5731735  
29.08846528  
66.15201472  
-29.50250111  
-2.070338909  
40.08919287  
35.55806735  
-15.5270357  
34.5711779  
23.95843832  
11.07834623  
