-37.14026604  
-56.84130534  
15.29909921  
-20.68622703  
9.47768379  
25.820609  
-51.90252245  
38.77575879  
9.567057398  
-62.46747051  
-12.24950473  
-16.77037982  
24.97876662  
-6.408684307  
-37.14026604  
-56.84130534  
15.29909921  
-20.68622703  
9.47768379  
25.820609  
-51.90252245  
38.77575879  
9.567057398  
-62.46747051  
-12.24950473  
-16.77037982  
24.97876662  
-6.408684307  
-37.14026604  
-56.84130534  
15.29909921  
-20.68622703  
9.47768379  
25.820609  
-51.90252245  
38.77575879  
9.567057398  
-62.46747051  
-12.24950473  
-16.77037982  
24.97876662  
-6.408684307  
-37.14026604  
-56.84130534  
15.29909921  
-20.68622703  
9.47768379  
25.820609  
-51.90252245  
38.77575879  
9.567057398  
-62.46747051  
-12.24950473  
-16.77037982  
24.97876662  
-6.408684307  
