112.1398879  
-55.73969924  
-17.9758504  
44.2961765  
-66.18504347  
89.07181739  
-8.767207321  
84.42973328  
45.42368912  
1.419256437  
31.51576824  
100.0212784  
-14.00497934  
60.70482599  
131.7578026  
-46.97626234  
88.96928972  
112.1398879  
-55.73969924  
-17.9758504  
44.2961765  
-66.18504347  
89.07181739  
-8.767207321  
84.42973328  
45.42368912  
1.419256437  
31.51576824  
100.0212784  
-14.00497934  
60.70482599  
131.7578026  
-46.97626234  
88.96928972  
112.1398879  
-55.73969924  
-17.9758504  
44.2961765  
-66.18504347  
89.07181739  
-8.767207321  
84.42973328  
45.42368912  
1.419256437  
31.51576824  
100.0212784  
-14.00497934  
60.70482599  
131.7578026  
-46.97626234  
88.96928972  
112.1398879  
-55.73969924  
-17.9758504  
44.2961765  
-66.18504347  
89.07181739  
-8.767207321  
84.42973328  
45.42368912  
1.419256437  
31.51576824  
100.0212784  
-14.00497934  
60.70482599  
131.7578026  
-46.97626234  
88.96928972  
