-42.81917268  
1.931427894  
-29.67793893  
37.92916259  
36.56992136  
38.98215179  
-53.6979542  
-10.68309614  
-13.47889016  
-12.82720046  
23.98940292  
7.346389718  
-19.10872121  
-25.07856961  
12.11558033  
-61.44206505  
-35.64809792  
-42.81917268  
1.931427894  
-29.67793893  
37.92916259  
36.56992136  
38.98215179  
-53.6979542  
-10.68309614  
-13.47889016  
-12.82720046  
23.98940292  
7.346389718  
-19.10872121  
-25.07856961  
12.11558033  
-61.44206505  
-35.64809792  
-42.81917268  
1.931427894  
-29.67793893  
37.92916259  
36.56992136  
38.98215179  
-53.6979542  
-10.68309614  
-13.47889016  
-12.82720046  
23.98940292  
7.346389718  
-19.10872121  
-25.07856961  
12.11558033  
-61.44206505  
-35.64809792  
-42.81917268  
1.931427894  
-29.67793893  
37.92916259  
36.56992136  
38.98215179  
-53.6979542  
-10.68309614  
-13.47889016  
-12.82720046  
23.98940292  
7.346389718  
-19.10872121  
-25.07856961  
12.11558033  
-61.44206505  
-35.64809792  
