35.05179584  
-18.50833854  
-24.81813866  
5.270613544  
30.49794849  
48.98337243  
-9.089170863  
-4.268839663  
-5.440151256  
-68.04417157  
-46.61319162  
35.05179584  
-18.50833854  
-24.81813866  
5.270613544  
30.49794849  
48.98337243  
-9.089170863  
-4.268839663  
-5.440151256  
-68.04417157  
-46.61319162  
35.05179584  
-18.50833854  
-24.81813866  
5.270613544  
30.49794849  
48.98337243  
-9.089170863  
-4.268839663  
-5.440151256  
-68.04417157  
-46.61319162  
35.05179584  
-18.50833854  
-24.81813866  
5.270613544  
30.49794849  
48.98337243  
-9.089170863  
-4.268839663  
-5.440151256  
-68.04417157  
-46.61319162  
