-81.79213724  
-23.30610431  
-90.98077688  
-48.2094453  
14.03746431  
57.72608242  
-39.83581845  
9.380012706  
-81.45440491  
-75.0086894  
-32.58922395  
-81.79213724  
-23.30610431  
-90.98077688  
-48.2094453  
14.03746431  
57.72608242  
-39.83581845  
9.380012706  
-81.45440491  
-75.0086894  
-32.58922395  
-81.79213724  
-23.30610431  
-90.98077688  
-48.2094453  
14.03746431  
57.72608242  
-39.83581845  
9.380012706  
-81.45440491  
-75.0086894  
-32.58922395  
-81.79213724  
-23.30610431  
-90.98077688  
-48.2094453  
14.03746431  
57.72608242  
-39.83581845  
9.380012706  
-81.45440491  
-75.0086894  
-32.58922395  
