22.90154275  
23.78359361  
28.71716693  
-35.87963407  
92.43290046  
70.66913651  
-7.058873595  
-29.33968061  
35.95480084  
-54.0618205  
-21.7512025  
77.03318163  
-65.70013394  
75.39640837  
-55.39605282  
22.31513223  
21.87141991  
-15.86075249  
9.431149897  
-13.61246835  
22.90154275  
23.78359361  
28.71716693  
-35.87963407  
92.43290046  
70.66913651  
-7.058873595  
-29.33968061  
35.95480084  
-54.0618205  
-21.7512025  
77.03318163  
-65.70013394  
75.39640837  
-55.39605282  
22.31513223  
21.87141991  
-15.86075249  
9.431149897  
-13.61246835  
22.90154275  
23.78359361  
28.71716693  
-35.87963407  
92.43290046  
70.66913651  
-7.058873595  
-29.33968061  
35.95480084  
-54.0618205  
-21.7512025  
77.03318163  
-65.70013394  
75.39640837  
-55.39605282  
22.31513223  
21.87141991  
-15.86075249  
9.431149897  
-13.61246835  
22.90154275  
23.78359361  
28.71716693  
-35.87963407  
92.43290046  
70.66913651  
-7.058873595  
-29.33968061  
35.95480084  
-54.0618205  
-21.7512025  
77.03318163  
-65.70013394  
75.39640837  
-55.39605282  
22.31513223  
21.87141991  
-15.86075249  
9.431149897  
-13.61246835  
