-2.903836673  
-35.08140201  
-12.60145931  
-10.26525712  
-38.52401047  
27.16859369  
-28.02376932  
-27.7072757  
14.17715449  
-0.8742321518  
-33.22691811  
-19.42038968  
-44.90914135  
-41.35446122  
-7.979697506  
-25.92785542  
-2.534987292  
-2.503707685  
-24.0282453  
-2.903836673  
-35.08140201  
-12.60145931  
-10.26525712  
-38.52401047  
27.16859369  
-28.02376932  
-27.7072757  
14.17715449  
-0.8742321518  
-33.22691811  
-19.42038968  
-44.90914135  
-41.35446122  
-7.979697506  
-25.92785542  
-2.534987292  
-2.503707685  
-24.0282453  
-2.903836673  
-35.08140201  
-12.60145931  
-10.26525712  
-38.52401047  
27.16859369  
-28.02376932  
-27.7072757  
14.17715449  
-0.8742321518  
-33.22691811  
-19.42038968  
-44.90914135  
-41.35446122  
-7.979697506  
-25.92785542  
-2.534987292  
-2.503707685  
-24.0282453  
-2.903836673  
-35.08140201  
-12.60145931  
-10.26525712  
-38.52401047  
27.16859369  
-28.02376932  
-27.7072757  
14.17715449  
-0.8742321518  
-33.22691811  
-19.42038968  
-44.90914135  
-41.35446122  
-7.979697506  
-25.92785542  
-2.534987292  
-2.503707685  
-24.0282453  
