-35.94077964  
-47.74697675  
-21.37753991  
-21.69590031  
-53.31395226  
-28.59011674  
10.24545134  
27.63489774  
3.094081465  
-35.94077964  
-47.74697675  
-21.37753991  
-21.69590031  
-53.31395226  
-28.59011674  
10.24545134  
27.63489774  
3.094081465  
-35.94077964  
-47.74697675  
-21.37753991  
-21.69590031  
-53.31395226  
-28.59011674  
10.24545134  
27.63489774  
3.094081465  
-35.94077964  
-47.74697675  
-21.37753991  
-21.69590031  
-53.31395226  
-28.59011674  
10.24545134  
27.63489774  
3.094081465  
