-48.71566119  
29.67777311  
0.8478564095  
-82.19870465  
-54.74360576  
-81.62933201  
-68.34978126  
64.34804905  
-98.31404409  
-98.152582  
-212.2840885  
54.26237572  
-100.4874066  
-48.71566119  
29.67777311  
0.8478564095  
-82.19870465  
-54.74360576  
-81.62933201  
-68.34978126  
64.34804905  
-98.31404409  
-98.152582  
-212.2840885  
54.26237572  
-100.4874066  
-48.71566119  
29.67777311  
0.8478564095  
-82.19870465  
-54.74360576  
-81.62933201  
-68.34978126  
64.34804905  
-98.31404409  
-98.152582  
-212.2840885  
54.26237572  
-100.4874066  
-48.71566119  
29.67777311  
0.8478564095  
-82.19870465  
-54.74360576  
-81.62933201  
-68.34978126  
64.34804905  
-98.31404409  
-98.152582  
-212.2840885  
54.26237572  
-100.4874066  
