-41.60537055  
94.68639806  
111.3326271  
50.49152838  
51.05788095  
104.922925  
41.72173699  
-31.02747488  
74.45664722  
75.6427558  
2.576370992  
113.8486491  
37.54351409  
-41.60537055  
94.68639806  
111.3326271  
50.49152838  
51.05788095  
104.922925  
41.72173699  
-31.02747488  
74.45664722  
75.6427558  
2.576370992  
113.8486491  
37.54351409  
-41.60537055  
94.68639806  
111.3326271  
50.49152838  
51.05788095  
104.922925  
41.72173699  
-31.02747488  
74.45664722  
75.6427558  
2.576370992  
113.8486491  
37.54351409  
-41.60537055  
94.68639806  
111.3326271  
50.49152838  
51.05788095  
104.922925  
41.72173699  
-31.02747488  
74.45664722  
75.6427558  
2.576370992  
113.8486491  
37.54351409  
