-29.37775381  
-12.80600842  
-17.86934975  
-1.243990333  
18.16045944  
-11.80436743  
16.78037557  
1.041138851  
29.91034077  
-24.515883  
-29.37775381  
-12.80600842  
-17.86934975  
-1.243990333  
18.16045944  
-11.80436743  
16.78037557  
1.041138851  
29.91034077  
-24.515883  
-29.37775381  
-12.80600842  
-17.86934975  
-1.243990333  
18.16045944  
-11.80436743  
16.78037557  
1.041138851  
29.91034077  
-24.515883  
-29.37775381  
-12.80600842  
-17.86934975  
-1.243990333  
18.16045944  
-11.80436743  
16.78037557  
1.041138851  
29.91034077  
-24.515883  
