1.376340691  
53.51065292  
60.14688587  
118.6676742  
-35.05707373  
76.88667336  
9.773074071  
76.47451257  
55.59635457  
2.019965594  
86.27418628  
1.376340691  
53.51065292  
60.14688587  
118.6676742  
-35.05707373  
76.88667336  
9.773074071  
76.47451257  
55.59635457  
2.019965594  
86.27418628  
1.376340691  
53.51065292  
60.14688587  
118.6676742  
-35.05707373  
76.88667336  
9.773074071  
76.47451257  
55.59635457  
2.019965594  
86.27418628  
1.376340691  
53.51065292  
60.14688587  
118.6676742  
-35.05707373  
76.88667336  
9.773074071  
76.47451257  
55.59635457  
2.019965594  
86.27418628  
