-138.0833675  
-88.95216326  
15.69422807  
-25.31917452  
-44.255286  
-95.74488196  
82.0347341  
26.53472104  
-93.50375358  
-115.4355778  
42.97441613  
-53.8073104  
0.6951009234  
-71.2357267  
43.47057274  
-138.0833675  
-88.95216326  
15.69422807  
-25.31917452  
-44.255286  
-95.74488196  
82.0347341  
26.53472104  
-93.50375358  
-115.4355778  
42.97441613  
-53.8073104  
0.6951009234  
-71.2357267  
43.47057274  
-138.0833675  
-88.95216326  
15.69422807  
-25.31917452  
-44.255286  
-95.74488196  
82.0347341  
26.53472104  
-93.50375358  
-115.4355778  
42.97441613  
-53.8073104  
0.6951009234  
-71.2357267  
43.47057274  
-138.0833675  
-88.95216326  
15.69422807  
-25.31917452  
-44.255286  
-95.74488196  
82.0347341  
26.53472104  
-93.50375358  
-115.4355778  
42.97441613  
-53.8073104  
0.6951009234  
-71.2357267  
43.47057274  
