-109.9886992  
12.07210563  
-42.2289374  
-22.06025548  
97.90903374  
-26.0532501  
12.00130811  
57.88380812  
25.16336421  
-55.57771195  
-5.833839268  
-73.78795682  
-26.65350868  
44.66399635  
-4.911351794  
-109.9886992  
12.07210563  
-42.2289374  
-22.06025548  
97.90903374  
-26.0532501  
12.00130811  
57.88380812  
25.16336421  
-55.57771195  
-5.833839268  
-73.78795682  
-26.65350868  
44.66399635  
-4.911351794  
-109.9886992  
12.07210563  
-42.2289374  
-22.06025548  
97.90903374  
-26.0532501  
12.00130811  
57.88380812  
25.16336421  
-55.57771195  
-5.833839268  
-73.78795682  
-26.65350868  
44.66399635  
-4.911351794  
-109.9886992  
12.07210563  
-42.2289374  
-22.06025548  
97.90903374  
-26.0532501  
12.00130811  
57.88380812  
25.16336421  
-55.57771195  
-5.833839268  
-73.78795682  
-26.65350868  
44.66399635  
-4.911351794  
