59.47752266  
-86.36438133  
-2.642791553  
-76.91551883  
7.200304319  
-50.13153205  
-25.11791231  
-5.944269594  
-91.60733495  
-28.77147864  
-49.41776589  
64.32022266  
59.47752266  
-86.36438133  
-2.642791553  
-76.91551883  
7.200304319  
-50.13153205  
-25.11791231  
-5.944269594  
-91.60733495  
-28.77147864  
-49.41776589  
64.32022266  
59.47752266  
-86.36438133  
-2.642791553  
-76.91551883  
7.200304319  
-50.13153205  
-25.11791231  
-5.944269594  
-91.60733495  
-28.77147864  
-49.41776589  
64.32022266  
59.47752266  
-86.36438133  
-2.642791553  
-76.91551883  
7.200304319  
-50.13153205  
-25.11791231  
-5.944269594  
-91.60733495  
-28.77147864  
-49.41776589  
64.32022266  
