-7.509829647  
-2.297116167  
43.0403457  
28.84667299  
5.002916318  
9.941755299  
-14.49159069  
-22.46770029  
-8.694089596  
-24.9322922  
-13.40643993  
37.17647136  
9.779131452  
-7.509829647  
-2.297116167  
43.0403457  
28.84667299  
5.002916318  
9.941755299  
-14.49159069  
-22.46770029  
-8.694089596  
-24.9322922  
-13.40643993  
37.17647136  
9.779131452  
-7.509829647  
-2.297116167  
43.0403457  
28.84667299  
5.002916318  
9.941755299  
-14.49159069  
-22.46770029  
-8.694089596  
-24.9322922  
-13.40643993  
37.17647136  
9.779131452  
-7.509829647  
-2.297116167  
43.0403457  
28.84667299  
5.002916318  
9.941755299  
-14.49159069  
-22.46770029  
-8.694089596  
-24.9322922  
-13.40643993  
37.17647136  
9.779131452  
