-22.64075292  
9.0314481  
36.0897329  
-2.555509373  
-67.033001  
36.95783617  
14.81090818  
81.19941544  
-27.29195251  
39.88344522  
-6.374869621  
49.33238003  
-33.78903587  
76.33837341  
25.30581838  
-5.280006414  
33.72273842  
-22.64075292  
9.0314481  
36.0897329  
-2.555509373  
-67.033001  
36.95783617  
14.81090818  
81.19941544  
-27.29195251  
39.88344522  
-6.374869621  
49.33238003  
-33.78903587  
76.33837341  
25.30581838  
-5.280006414  
33.72273842  
-22.64075292  
9.0314481  
36.0897329  
-2.555509373  
-67.033001  
36.95783617  
14.81090818  
81.19941544  
-27.29195251  
39.88344522  
-6.374869621  
49.33238003  
-33.78903587  
76.33837341  
25.30581838  
-5.280006414  
33.72273842  
-22.64075292  
9.0314481  
36.0897329  
-2.555509373  
-67.033001  
36.95783617  
14.81090818  
81.19941544  
-27.29195251  
39.88344522  
-6.374869621  
49.33238003  
-33.78903587  
76.33837341  
25.30581838  
-5.280006414  
33.72273842  
