-113.0916781  
-92.05647567  
6.20398867  
-60.42929928  
-49.55765115  
-47.10920175  
-14.72735836  
-59.00968334  
-43.82588104  
-47.17895564  
15.78069587  
-49.94468989  
12.42255317  
-37.71346283  
-113.0916781  
-92.05647567  
6.20398867  
-60.42929928  
-49.55765115  
-47.10920175  
-14.72735836  
-59.00968334  
-43.82588104  
-47.17895564  
15.78069587  
-49.94468989  
12.42255317  
-37.71346283  
-113.0916781  
-92.05647567  
6.20398867  
-60.42929928  
-49.55765115  
-47.10920175  
-14.72735836  
-59.00968334  
-43.82588104  
-47.17895564  
15.78069587  
-49.94468989  
12.42255317  
-37.71346283  
-113.0916781  
-92.05647567  
6.20398867  
-60.42929928  
-49.55765115  
-47.10920175  
-14.72735836  
-59.00968334  
-43.82588104  
-47.17895564  
15.78069587  
-49.94468989  
12.42255317  
-37.71346283  
