-84.49126995  
-28.42987955  
0.3845515497  
-14.42440282  
-53.58984028  
-72.88989357  
20.38541765  
-23.57497667  
-34.1694047  
-55.60349818  
-15.5644897  
-8.31030883  
-9.682199461  
-75.98635175  
16.11838354  
-84.49126995  
-28.42987955  
0.3845515497  
-14.42440282  
-53.58984028  
-72.88989357  
20.38541765  
-23.57497667  
-34.1694047  
-55.60349818  
-15.5644897  
-8.31030883  
-9.682199461  
-75.98635175  
16.11838354  
-84.49126995  
-28.42987955  
0.3845515497  
-14.42440282  
-53.58984028  
-72.88989357  
20.38541765  
-23.57497667  
-34.1694047  
-55.60349818  
-15.5644897  
-8.31030883  
-9.682199461  
-75.98635175  
16.11838354  
-84.49126995  
-28.42987955  
0.3845515497  
-14.42440282  
-53.58984028  
-72.88989357  
20.38541765  
-23.57497667  
-34.1694047  
-55.60349818  
-15.5644897  
-8.31030883  
-9.682199461  
-75.98635175  
16.11838354  
