-84.90938552  
29.20824825  
-66.50447575  
31.67913357  
29.53859189  
-16.78793627  
47.86715038  
-49.014421  
85.2177583  
-146.4342011  
91.86870413  
-53.66141933  
-84.90938552  
29.20824825  
-66.50447575  
31.67913357  
29.53859189  
-16.78793627  
47.86715038  
-49.014421  
85.2177583  
-146.4342011  
91.86870413  
-53.66141933  
-84.90938552  
29.20824825  
-66.50447575  
31.67913357  
29.53859189  
-16.78793627  
47.86715038  
-49.014421  
85.2177583  
-146.4342011  
91.86870413  
-53.66141933  
-84.90938552  
29.20824825  
-66.50447575  
31.67913357  
29.53859189  
-16.78793627  
47.86715038  
-49.014421  
85.2177583  
-146.4342011  
91.86870413  
-53.66141933  
