-43.39918187  
-42.30218983  
-26.10604114  
10.81545705  
67.19128194  
-32.55270217  
-17.06876613  
12.96772348  
17.23350426  
-46.25970615  
-4.973629094  
8.784855861  
25.30244955  
9.011510575  
-43.39918187  
-42.30218983  
-26.10604114  
10.81545705  
67.19128194  
-32.55270217  
-17.06876613  
12.96772348  
17.23350426  
-46.25970615  
-4.973629094  
8.784855861  
25.30244955  
9.011510575  
-43.39918187  
-42.30218983  
-26.10604114  
10.81545705  
67.19128194  
-32.55270217  
-17.06876613  
12.96772348  
17.23350426  
-46.25970615  
-4.973629094  
8.784855861  
25.30244955  
9.011510575  
-43.39918187  
-42.30218983  
-26.10604114  
10.81545705  
67.19128194  
-32.55270217  
-17.06876613  
12.96772348  
17.23350426  
-46.25970615  
-4.973629094  
8.784855861  
25.30244955  
9.011510575  
