25.16872751  
-8.627950554  
28.50492409  
12.57538367  
-6.625786863  
-8.414059989  
-16.80778526  
36.10207562  
-22.22835824  
1.964215417  
45.25492743  
-0.6484385162  
-16.30293343  
16.07687595  
-4.016568824  
25.16872751  
-8.627950554  
28.50492409  
12.57538367  
-6.625786863  
-8.414059989  
-16.80778526  
36.10207562  
-22.22835824  
1.964215417  
45.25492743  
-0.6484385162  
-16.30293343  
16.07687595  
-4.016568824  
25.16872751  
-8.627950554  
28.50492409  
12.57538367  
-6.625786863  
-8.414059989  
-16.80778526  
36.10207562  
-22.22835824  
1.964215417  
45.25492743  
-0.6484385162  
-16.30293343  
16.07687595  
-4.016568824  
25.16872751  
-8.627950554  
28.50492409  
12.57538367  
-6.625786863  
-8.414059989  
-16.80778526  
36.10207562  
-22.22835824  
1.964215417  
45.25492743  
-0.6484385162  
-16.30293343  
16.07687595  
-4.016568824  
