-94.46962982  
84.50431576  
-54.85875088  
-20.78132557  
-50.77509266  
-66.46751499  
12.85863018  
-102.0152392  
71.45151756  
-33.68021239  
7.236394712  
-77.51959348  
-94.46962982  
84.50431576  
-54.85875088  
-20.78132557  
-50.77509266  
-66.46751499  
12.85863018  
-102.0152392  
71.45151756  
-33.68021239  
7.236394712  
-77.51959348  
-94.46962982  
84.50431576  
-54.85875088  
-20.78132557  
-50.77509266  
-66.46751499  
12.85863018  
-102.0152392  
71.45151756  
-33.68021239  
7.236394712  
-77.51959348  
-94.46962982  
84.50431576  
-54.85875088  
-20.78132557  
-50.77509266  
-66.46751499  
12.85863018  
-102.0152392  
71.45151756  
-33.68021239  
7.236394712  
-77.51959348  
