-51.74436714  
-49.07351944  
-97.53264715  
-96.74118828  
-93.46257331  
-146.4033899  
9.389322001  
-99.39768475  
66.66519229  
-30.05696735  
-507.1951196  
-83.32692911  
-8.695408966  
-7.482888055  
-86.55425218  
-86.97049192  
-51.74436714  
-49.07351944  
-97.53264715  
-96.74118828  
-93.46257331  
-146.4033899  
9.389322001  
-99.39768475  
66.66519229  
-30.05696735  
-507.1951196  
-83.32692911  
-8.695408966  
-7.482888055  
-86.55425218  
-86.97049192  
-51.74436714  
-49.07351944  
-97.53264715  
-96.74118828  
-93.46257331  
-146.4033899  
9.389322001  
-99.39768475  
66.66519229  
-30.05696735  
-507.1951196  
-83.32692911  
-8.695408966  
-7.482888055  
-86.55425218  
-86.97049192  
-51.74436714  
-49.07351944  
-97.53264715  
-96.74118828  
-93.46257331  
-146.4033899  
9.389322001  
-99.39768475  
66.66519229  
-30.05696735  
-507.1951196  
-83.32692911  
-8.695408966  
-7.482888055  
-86.55425218  
-86.97049192  
