31.26901365  
16.25638064  
22.09190084  
46.36984431  
14.68588056  
30.40339793  
59.28088807  
45.85615897  
54.40016173  
13.74260701  
61.37725725  
20.25599228  
44.6538488  
19.38004304  
36.41473934  
24.07404427  
22.114326  
31.26901365  
16.25638064  
22.09190084  
46.36984431  
14.68588056  
30.40339793  
59.28088807  
45.85615897  
54.40016173  
13.74260701  
61.37725725  
20.25599228  
44.6538488  
19.38004304  
36.41473934  
24.07404427  
22.114326  
31.26901365  
16.25638064  
22.09190084  
46.36984431  
14.68588056  
30.40339793  
59.28088807  
45.85615897  
54.40016173  
13.74260701  
61.37725725  
20.25599228  
44.6538488  
19.38004304  
36.41473934  
24.07404427  
22.114326  
31.26901365  
16.25638064  
22.09190084  
46.36984431  
14.68588056  
30.40339793  
59.28088807  
45.85615897  
54.40016173  
13.74260701  
61.37725725  
20.25599228  
44.6538488  
19.38004304  
36.41473934  
24.07404427  
22.114326  
