-59.40306136  
-91.74033764  
1.870874417  
-49.40108894  
30.17871945  
8.27267684  
-125.9683546  
69.15760673  
46.32312584  
-99.99952394  
-79.45626312  
-59.40306136  
-91.74033764  
1.870874417  
-49.40108894  
30.17871945  
8.27267684  
-125.9683546  
69.15760673  
46.32312584  
-99.99952394  
-79.45626312  
-59.40306136  
-91.74033764  
1.870874417  
-49.40108894  
30.17871945  
8.27267684  
-125.9683546  
69.15760673  
46.32312584  
-99.99952394  
-79.45626312  
-59.40306136  
-91.74033764  
1.870874417  
-49.40108894  
30.17871945  
8.27267684  
-125.9683546  
69.15760673  
46.32312584  
-99.99952394  
-79.45626312  
