-9.041251897  
-31.41545067  
-67.95942743  
-69.53381949  
5.411725083  
-55.30585501  
-11.9105276  
-58.51827059  
-47.90693439  
-11.49122196  
-68.06660731  
5.913777559  
-64.46419066  
-19.62282679  
-63.22235649  
-9.041251897  
-31.41545067  
-67.95942743  
-69.53381949  
5.411725083  
-55.30585501  
-11.9105276  
-58.51827059  
-47.90693439  
-11.49122196  
-68.06660731  
5.913777559  
-64.46419066  
-19.62282679  
-63.22235649  
-9.041251897  
-31.41545067  
-67.95942743  
-69.53381949  
5.411725083  
-55.30585501  
-11.9105276  
-58.51827059  
-47.90693439  
-11.49122196  
-68.06660731  
5.913777559  
-64.46419066  
-19.62282679  
-63.22235649  
-9.041251897  
-31.41545067  
-67.95942743  
-69.53381949  
5.411725083  
-55.30585501  
-11.9105276  
-58.51827059  
-47.90693439  
-11.49122196  
-68.06660731  
5.913777559  
-64.46419066  
-19.62282679  
-63.22235649  
