90.23129815  
41.45292501  
-9.15430052  
-53.75945998  
86.74387799  
-77.13446477  
67.50663378  
33.61615859  
4.775734775  
90.23129815  
41.45292501  
-9.15430052  
-53.75945998  
86.74387799  
-77.13446477  
67.50663378  
33.61615859  
4.775734775  
90.23129815  
41.45292501  
-9.15430052  
-53.75945998  
86.74387799  
-77.13446477  
67.50663378  
33.61615859  
4.775734775  
90.23129815  
41.45292501  
-9.15430052  
-53.75945998  
86.74387799  
-77.13446477  
67.50663378  
33.61615859  
4.775734775  
