46.26345394  
47.91507173  
18.20128664  
27.39073179  
19.33890034  
81.92257558  
47.54601985  
-11.17543825  
13.4620611  
21.66546556  
65.59780076  
13.71805271  
-13.6189618  
16.60869127  
18.20148331  
6.027103857  
46.26345394  
47.91507173  
18.20128664  
27.39073179  
19.33890034  
81.92257558  
47.54601985  
-11.17543825  
13.4620611  
21.66546556  
65.59780076  
13.71805271  
-13.6189618  
16.60869127  
18.20148331  
6.027103857  
46.26345394  
47.91507173  
18.20128664  
27.39073179  
19.33890034  
81.92257558  
47.54601985  
-11.17543825  
13.4620611  
21.66546556  
65.59780076  
13.71805271  
-13.6189618  
16.60869127  
18.20148331  
6.027103857  
46.26345394  
47.91507173  
18.20128664  
27.39073179  
19.33890034  
81.92257558  
47.54601985  
-11.17543825  
13.4620611  
21.66546556  
65.59780076  
13.71805271  
-13.6189618  
16.60869127  
18.20148331  
6.027103857  
