-154.9882396  
-55.76680539  
-123.6349009  
-90.94353997  
16.6762018  
-148.5821837  
27.86690629  
-4.418729433  
-79.77461082  
-97.39241241  
-27.22172963  
-9.761311103  
-8.405503113  
-51.6186875  
-162.8519157  
-154.9882396  
-55.76680539  
-123.6349009  
-90.94353997  
16.6762018  
-148.5821837  
27.86690629  
-4.418729433  
-79.77461082  
-97.39241241  
-27.22172963  
-9.761311103  
-8.405503113  
-51.6186875  
-162.8519157  
-154.9882396  
-55.76680539  
-123.6349009  
-90.94353997  
16.6762018  
-148.5821837  
27.86690629  
-4.418729433  
-79.77461082  
-97.39241241  
-27.22172963  
-9.761311103  
-8.405503113  
-51.6186875  
-162.8519157  
-154.9882396  
-55.76680539  
-123.6349009  
-90.94353997  
16.6762018  
-148.5821837  
27.86690629  
-4.418729433  
-79.77461082  
-97.39241241  
-27.22172963  
-9.761311103  
-8.405503113  
-51.6186875  
-162.8519157  
