6.37835492  
27.20986272  
-67.74825019  
-60.56346492  
37.48529034  
-37.28855152  
28.18370037  
58.68531834  
-6.918945716  
-16.71518026  
-33.54051343  
15.35652774  
60.82540636  
-6.662306416  
-33.44127708  
6.37835492  
27.20986272  
-67.74825019  
-60.56346492  
37.48529034  
-37.28855152  
28.18370037  
58.68531834  
-6.918945716  
-16.71518026  
-33.54051343  
15.35652774  
60.82540636  
-6.662306416  
-33.44127708  
6.37835492  
27.20986272  
-67.74825019  
-60.56346492  
37.48529034  
-37.28855152  
28.18370037  
58.68531834  
-6.918945716  
-16.71518026  
-33.54051343  
15.35652774  
60.82540636  
-6.662306416  
-33.44127708  
6.37835492  
27.20986272  
-67.74825019  
-60.56346492  
37.48529034  
-37.28855152  
28.18370037  
58.68531834  
-6.918945716  
-16.71518026  
-33.54051343  
15.35652774  
60.82540636  
-6.662306416  
-33.44127708  
