-45.4738804  
-34.61067883  
-120.4980951  
61.39488274  
-12.71146984  
-57.22813026  
-0.92677813  
19.82553248  
-8.195998428  
19.93269262  
-61.52596715  
-45.4738804  
-34.61067883  
-120.4980951  
61.39488274  
-12.71146984  
-57.22813026  
-0.92677813  
19.82553248  
-8.195998428  
19.93269262  
-61.52596715  
-45.4738804  
-34.61067883  
-120.4980951  
61.39488274  
-12.71146984  
-57.22813026  
-0.92677813  
19.82553248  
-8.195998428  
19.93269262  
-61.52596715  
-45.4738804  
-34.61067883  
-120.4980951  
61.39488274  
-12.71146984  
-57.22813026  
-0.92677813  
19.82553248  
-8.195998428  
19.93269262  
-61.52596715  
