-12.93288997  
-22.25486638  
-37.43347173  
-13.81577291  
17.99954914  
14.76798837  
4.870320021  
40.11015692  
-22.16824503  
-12.93288997  
-22.25486638  
-37.43347173  
-13.81577291  
17.99954914  
14.76798837  
4.870320021  
40.11015692  
-22.16824503  
-12.93288997  
-22.25486638  
-37.43347173  
-13.81577291  
17.99954914  
14.76798837  
4.870320021  
40.11015692  
-22.16824503  
-12.93288997  
-22.25486638  
-37.43347173  
-13.81577291  
17.99954914  
14.76798837  
4.870320021  
40.11015692  
-22.16824503  
