28.73994834  
-27.66098979  
-25.55197697  
121.8326632  
-68.37503575  
128.0919196  
-34.99313549  
-127.2597225  
31.22003265  
-21.82713079  
13.85700538  
42.04237046  
46.90926728  
109.1983142  
42.05481125  
130.9944629  
63.82987845  
-28.5695577  
37.15340384  
78.14911698  
28.73994834  
-27.66098979  
-25.55197697  
121.8326632  
-68.37503575  
128.0919196  
-34.99313549  
-127.2597225  
31.22003265  
-21.82713079  
13.85700538  
42.04237046  
46.90926728  
109.1983142  
42.05481125  
130.9944629  
63.82987845  
-28.5695577  
37.15340384  
78.14911698  
28.73994834  
-27.66098979  
-25.55197697  
121.8326632  
-68.37503575  
128.0919196  
-34.99313549  
-127.2597225  
31.22003265  
-21.82713079  
13.85700538  
42.04237046  
46.90926728  
109.1983142  
42.05481125  
130.9944629  
63.82987845  
-28.5695577  
37.15340384  
78.14911698  
28.73994834  
-27.66098979  
-25.55197697  
121.8326632  
-68.37503575  
128.0919196  
-34.99313549  
-127.2597225  
31.22003265  
-21.82713079  
13.85700538  
42.04237046  
46.90926728  
109.1983142  
42.05481125  
130.9944629  
63.82987845  
-28.5695577  
37.15340384  
78.14911698  
