-26.66010398  
-5.414214685  
14.43341997  
5.008341563  
17.96914141  
61.30061213  
-4.91957415  
61.75696807  
-46.22467504  
38.34222156  
0.8429487011  
33.09889858  
-108.6089562  
60.33683699  
57.96692074  
-51.86513113  
77.20812582  
-26.66010398  
-5.414214685  
14.43341997  
5.008341563  
17.96914141  
61.30061213  
-4.91957415  
61.75696807  
-46.22467504  
38.34222156  
0.8429487011  
33.09889858  
-108.6089562  
60.33683699  
57.96692074  
-51.86513113  
77.20812582  
-26.66010398  
-5.414214685  
14.43341997  
5.008341563  
17.96914141  
61.30061213  
-4.91957415  
61.75696807  
-46.22467504  
38.34222156  
0.8429487011  
33.09889858  
-108.6089562  
60.33683699  
57.96692074  
-51.86513113  
77.20812582  
-26.66010398  
-5.414214685  
14.43341997  
5.008341563  
17.96914141  
61.30061213  
-4.91957415  
61.75696807  
-46.22467504  
38.34222156  
0.8429487011  
33.09889858  
-108.6089562  
60.33683699  
57.96692074  
-51.86513113  
77.20812582  
