-68.30988506  
-12.79620282  
58.45129487  
3.440742813  
38.60350512  
-68.07118109  
79.90225753  
-30.81855872  
11.32588255  
-68.30988506  
-12.79620282  
58.45129487  
3.440742813  
38.60350512  
-68.07118109  
79.90225753  
-30.81855872  
11.32588255  
-68.30988506  
-12.79620282  
58.45129487  
3.440742813  
38.60350512  
-68.07118109  
79.90225753  
-30.81855872  
11.32588255  
-68.30988506  
-12.79620282  
58.45129487  
3.440742813  
38.60350512  
-68.07118109  
79.90225753  
-30.81855872  
11.32588255  
