-17.62872216  
-27.63746591  
84.89845864  
122.8870589  
-28.83673184  
19.06341552  
-20.59546773  
44.83059171  
-62.08132256  
-17.62872216  
-27.63746591  
84.89845864  
122.8870589  
-28.83673184  
19.06341552  
-20.59546773  
44.83059171  
-62.08132256  
-17.62872216  
-27.63746591  
84.89845864  
122.8870589  
-28.83673184  
19.06341552  
-20.59546773  
44.83059171  
-62.08132256  
-17.62872216  
-27.63746591  
84.89845864  
122.8870589  
-28.83673184  
19.06341552  
-20.59546773  
44.83059171  
-62.08132256  
