0.05029481153  
10.06057985  
-47.06155828  
-2.322751174  
29.35905437  
-4.656806097  
21.12970515  
-3.464019991  
6.834189465  
30.78333952  
-2.420298959  
-19.35625029  
4.62610219  
35.02405176  
0.05029481153  
10.06057985  
-47.06155828  
-2.322751174  
29.35905437  
-4.656806097  
21.12970515  
-3.464019991  
6.834189465  
30.78333952  
-2.420298959  
-19.35625029  
4.62610219  
35.02405176  
0.05029481153  
10.06057985  
-47.06155828  
-2.322751174  
29.35905437  
-4.656806097  
21.12970515  
-3.464019991  
6.834189465  
30.78333952  
-2.420298959  
-19.35625029  
4.62610219  
35.02405176  
0.05029481153  
10.06057985  
-47.06155828  
-2.322751174  
29.35905437  
-4.656806097  
21.12970515  
-3.464019991  
6.834189465  
30.78333952  
-2.420298959  
-19.35625029  
4.62610219  
35.02405176  
