-18.30539866  
5.44155932  
10.19007902  
-39.46131388  
-55.99698867  
-42.05742061  
-8.749930481  
38.03829525  
-8.104027739  
-6.862049549  
37.83893331  
13.9800611  
17.16322494  
-18.30539866  
5.44155932  
10.19007902  
-39.46131388  
-55.99698867  
-42.05742061  
-8.749930481  
38.03829525  
-8.104027739  
-6.862049549  
37.83893331  
13.9800611  
17.16322494  
-18.30539866  
5.44155932  
10.19007902  
-39.46131388  
-55.99698867  
-42.05742061  
-8.749930481  
38.03829525  
-8.104027739  
-6.862049549  
37.83893331  
13.9800611  
17.16322494  
-18.30539866  
5.44155932  
10.19007902  
-39.46131388  
-55.99698867  
-42.05742061  
-8.749930481  
38.03829525  
-8.104027739  
-6.862049549  
37.83893331  
13.9800611  
17.16322494  
