-34.44152914  
-47.12078369  
-14.74745997  
24.57371943  
-53.70828234  
53.88589267  
-50.278423  
53.51272625  
-32.26359768  
17.03405539  
-28.98412555  
-40.25147733  
45.7882958  
49.76578422  
-34.44152914  
-47.12078369  
-14.74745997  
24.57371943  
-53.70828234  
53.88589267  
-50.278423  
53.51272625  
-32.26359768  
17.03405539  
-28.98412555  
-40.25147733  
45.7882958  
49.76578422  
-34.44152914  
-47.12078369  
-14.74745997  
24.57371943  
-53.70828234  
53.88589267  
-50.278423  
53.51272625  
-32.26359768  
17.03405539  
-28.98412555  
-40.25147733  
45.7882958  
49.76578422  
-34.44152914  
-47.12078369  
-14.74745997  
24.57371943  
-53.70828234  
53.88589267  
-50.278423  
53.51272625  
-32.26359768  
17.03405539  
-28.98412555  
-40.25147733  
45.7882958  
49.76578422  
