-38.46829485  
62.50790737  
14.71180794  
26.00118832  
2.815533408  
67.96417059  
31.08738704  
-70.77592346  
56.39048425  
68.53223659  
24.33072563  
0.6648180382  
52.07114193  
-38.46829485  
62.50790737  
14.71180794  
26.00118832  
2.815533408  
67.96417059  
31.08738704  
-70.77592346  
56.39048425  
68.53223659  
24.33072563  
0.6648180382  
52.07114193  
-38.46829485  
62.50790737  
14.71180794  
26.00118832  
2.815533408  
67.96417059  
31.08738704  
-70.77592346  
56.39048425  
68.53223659  
24.33072563  
0.6648180382  
52.07114193  
-38.46829485  
62.50790737  
14.71180794  
26.00118832  
2.815533408  
67.96417059  
31.08738704  
-70.77592346  
56.39048425  
68.53223659  
24.33072563  
0.6648180382  
52.07114193  
