-36.06919099  
-3.898217391  
-59.06173929  
-46.15177381  
-44.21881033  
18.38588275  
-14.83054099  
-75.06782737  
-41.95069333  
-20.62962845  
5.498481255  
-3.869786762  
-102.0909151  
-36.06919099  
-3.898217391  
-59.06173929  
-46.15177381  
-44.21881033  
18.38588275  
-14.83054099  
-75.06782737  
-41.95069333  
-20.62962845  
5.498481255  
-3.869786762  
-102.0909151  
-36.06919099  
-3.898217391  
-59.06173929  
-46.15177381  
-44.21881033  
18.38588275  
-14.83054099  
-75.06782737  
-41.95069333  
-20.62962845  
5.498481255  
-3.869786762  
-102.0909151  
-36.06919099  
-3.898217391  
-59.06173929  
-46.15177381  
-44.21881033  
18.38588275  
-14.83054099  
-75.06782737  
-41.95069333  
-20.62962845  
5.498481255  
-3.869786762  
-102.0909151  
