104.067695  
61.36993458  
43.11289264  
74.71759269  
70.81079349  
57.2462556  
67.4886222  
66.91532997  
47.88212698  
3.295512219  
114.9753451  
104.067695  
61.36993458  
43.11289264  
74.71759269  
70.81079349  
57.2462556  
67.4886222  
66.91532997  
47.88212698  
3.295512219  
114.9753451  
104.067695  
61.36993458  
43.11289264  
74.71759269  
70.81079349  
57.2462556  
67.4886222  
66.91532997  
47.88212698  
3.295512219  
114.9753451  
104.067695  
61.36993458  
43.11289264  
74.71759269  
70.81079349  
57.2462556  
67.4886222  
66.91532997  
47.88212698  
3.295512219  
114.9753451  
