-65.50615708  
8.577962291  
29.43262802  
-0.6113333436  
-10.71095138  
2.271680625  
-14.55910145  
46.33070695  
-0.6893127099  
-27.11603465  
28.20236258  
7.718057411  
-15.97329742  
67.04867777  
-21.76245171  
6.013190127  
3.470405538  
-65.50615708  
8.577962291  
29.43262802  
-0.6113333436  
-10.71095138  
2.271680625  
-14.55910145  
46.33070695  
-0.6893127099  
-27.11603465  
28.20236258  
7.718057411  
-15.97329742  
67.04867777  
-21.76245171  
6.013190127  
3.470405538  
-65.50615708  
8.577962291  
29.43262802  
-0.6113333436  
-10.71095138  
2.271680625  
-14.55910145  
46.33070695  
-0.6893127099  
-27.11603465  
28.20236258  
7.718057411  
-15.97329742  
67.04867777  
-21.76245171  
6.013190127  
3.470405538  
-65.50615708  
8.577962291  
29.43262802  
-0.6113333436  
-10.71095138  
2.271680625  
-14.55910145  
46.33070695  
-0.6893127099  
-27.11603465  
28.20236258  
7.718057411  
-15.97329742  
67.04867777  
-21.76245171  
6.013190127  
3.470405538  
