35.0075807  
-80.56540312  
-13.09077269  
-37.52259871  
-59.42241871  
-49.86355921  
-18.81797927  
-6.813381579  
-66.30649618  
-84.2199555  
-15.52258399  
-38.78154404  
35.0075807  
-80.56540312  
-13.09077269  
-37.52259871  
-59.42241871  
-49.86355921  
-18.81797927  
-6.813381579  
-66.30649618  
-84.2199555  
-15.52258399  
-38.78154404  
35.0075807  
-80.56540312  
-13.09077269  
-37.52259871  
-59.42241871  
-49.86355921  
-18.81797927  
-6.813381579  
-66.30649618  
-84.2199555  
-15.52258399  
-38.78154404  
35.0075807  
-80.56540312  
-13.09077269  
-37.52259871  
-59.42241871  
-49.86355921  
-18.81797927  
-6.813381579  
-66.30649618  
-84.2199555  
-15.52258399  
-38.78154404  
