-9.654450619  
90.31470016  
114.5737966  
41.86751019  
59.26994637  
-53.89779804  
98.42638212  
36.92069197  
-19.92553928  
141.4722765  
22.17799163  
115.0583103  
63.34991748  
118.6019755  
-9.654450619  
90.31470016  
114.5737966  
41.86751019  
59.26994637  
-53.89779804  
98.42638212  
36.92069197  
-19.92553928  
141.4722765  
22.17799163  
115.0583103  
63.34991748  
118.6019755  
-9.654450619  
90.31470016  
114.5737966  
41.86751019  
59.26994637  
-53.89779804  
98.42638212  
36.92069197  
-19.92553928  
141.4722765  
22.17799163  
115.0583103  
63.34991748  
118.6019755  
-9.654450619  
90.31470016  
114.5737966  
41.86751019  
59.26994637  
-53.89779804  
98.42638212  
36.92069197  
-19.92553928  
141.4722765  
22.17799163  
115.0583103  
63.34991748  
118.6019755  
