-83.25453763  
-51.00446076  
-55.64569994  
-57.07699908  
7.92554463  
-123.8158299  
191.6399143  
52.85617017  
-147.4339836  
-21.18860662  
-38.08912348  
-202.6434982  
-139.4699845  
-28.76912633  
-10.59884741  
2.568540463  
-83.25453763  
-51.00446076  
-55.64569994  
-57.07699908  
7.92554463  
-123.8158299  
191.6399143  
52.85617017  
-147.4339836  
-21.18860662  
-38.08912348  
-202.6434982  
-139.4699845  
-28.76912633  
-10.59884741  
2.568540463  
-83.25453763  
-51.00446076  
-55.64569994  
-57.07699908  
7.92554463  
-123.8158299  
191.6399143  
52.85617017  
-147.4339836  
-21.18860662  
-38.08912348  
-202.6434982  
-139.4699845  
-28.76912633  
-10.59884741  
2.568540463  
-83.25453763  
-51.00446076  
-55.64569994  
-57.07699908  
7.92554463  
-123.8158299  
191.6399143  
52.85617017  
-147.4339836  
-21.18860662  
-38.08912348  
-202.6434982  
-139.4699845  
-28.76912633  
-10.59884741  
2.568540463  
