-40.02922583  
-49.13330883  
19.16373982  
-14.89977051  
2.903374873  
-91.30416806  
14.13475856  
79.01128206  
-117.6689037  
1.068189901  
-73.57791792  
63.35878301  
75.94171234  
-1.252982674  
-40.02922583  
-49.13330883  
19.16373982  
-14.89977051  
2.903374873  
-91.30416806  
14.13475856  
79.01128206  
-117.6689037  
1.068189901  
-73.57791792  
63.35878301  
75.94171234  
-1.252982674  
-40.02922583  
-49.13330883  
19.16373982  
-14.89977051  
2.903374873  
-91.30416806  
14.13475856  
79.01128206  
-117.6689037  
1.068189901  
-73.57791792  
63.35878301  
75.94171234  
-1.252982674  
-40.02922583  
-49.13330883  
19.16373982  
-14.89977051  
2.903374873  
-91.30416806  
14.13475856  
79.01128206  
-117.6689037  
1.068189901  
-73.57791792  
63.35878301  
75.94171234  
-1.252982674  
