-45.07969897  
40.91851422  
-95.52497442  
-36.40214476  
68.789886  
-56.02114347  
-109.3073534  
-53.4441841  
-86.85116764  
-66.88375937  
-128.0551647  
-40.18363367  
-60.54954303  
-45.07969897  
40.91851422  
-95.52497442  
-36.40214476  
68.789886  
-56.02114347  
-109.3073534  
-53.4441841  
-86.85116764  
-66.88375937  
-128.0551647  
-40.18363367  
-60.54954303  
-45.07969897  
40.91851422  
-95.52497442  
-36.40214476  
68.789886  
-56.02114347  
-109.3073534  
-53.4441841  
-86.85116764  
-66.88375937  
-128.0551647  
-40.18363367  
-60.54954303  
-45.07969897  
40.91851422  
-95.52497442  
-36.40214476  
68.789886  
-56.02114347  
-109.3073534  
-53.4441841  
-86.85116764  
-66.88375937  
-128.0551647  
-40.18363367  
-60.54954303  
