-73.49504043  
-20.70423484  
18.84371709  
-11.41145408  
-58.51191976  
-80.64654864  
102.8624408  
-116.3465634  
34.56474331  
-35.33062428  
-73.44541095  
-51.40805961  
-73.49504043  
-20.70423484  
18.84371709  
-11.41145408  
-58.51191976  
-80.64654864  
102.8624408  
-116.3465634  
34.56474331  
-35.33062428  
-73.44541095  
-51.40805961  
-73.49504043  
-20.70423484  
18.84371709  
-11.41145408  
-58.51191976  
-80.64654864  
102.8624408  
-116.3465634  
34.56474331  
-35.33062428  
-73.44541095  
-51.40805961  
-73.49504043  
-20.70423484  
18.84371709  
-11.41145408  
-58.51191976  
-80.64654864  
102.8624408  
-116.3465634  
34.56474331  
-35.33062428  
-73.44541095  
-51.40805961  
