-47.60143265  
-58.60012381  
3.193252809  
-0.680240778  
-29.61084361  
-34.46059421  
-28.85722578  
-55.33175307  
0.2637949438  
-47.60143265  
-58.60012381  
3.193252809  
-0.680240778  
-29.61084361  
-34.46059421  
-28.85722578  
-55.33175307  
0.2637949438  
-47.60143265  
-58.60012381  
3.193252809  
-0.680240778  
-29.61084361  
-34.46059421  
-28.85722578  
-55.33175307  
0.2637949438  
-47.60143265  
-58.60012381  
3.193252809  
-0.680240778  
-29.61084361  
-34.46059421  
-28.85722578  
-55.33175307  
0.2637949438  
