32.09515133  
66.46735828  
51.23315454  
-25.15207782  
32.96746036  
75.47252056  
-6.375270655  
85.8636197  
7.80038512  
15.70186939  
-5.4093962  
127.4491384  
3.280211226  
32.09515133  
66.46735828  
51.23315454  
-25.15207782  
32.96746036  
75.47252056  
-6.375270655  
85.8636197  
7.80038512  
15.70186939  
-5.4093962  
127.4491384  
3.280211226  
32.09515133  
66.46735828  
51.23315454  
-25.15207782  
32.96746036  
75.47252056  
-6.375270655  
85.8636197  
7.80038512  
15.70186939  
-5.4093962  
127.4491384  
3.280211226  
32.09515133  
66.46735828  
51.23315454  
-25.15207782  
32.96746036  
75.47252056  
-6.375270655  
85.8636197  
7.80038512  
15.70186939  
-5.4093962  
127.4491384  
3.280211226  
