20.06991282  
-2.461431732  
74.86758537  
12.88374575  
96.22799461  
24.46424782  
60.11964831  
2.059231367  
89.91590532  
54.72055046  
21.67686354  
89.1517083  
44.32600455  
46.51245608  
-2.953780511  
20.06991282  
-2.461431732  
74.86758537  
12.88374575  
96.22799461  
24.46424782  
60.11964831  
2.059231367  
89.91590532  
54.72055046  
21.67686354  
89.1517083  
44.32600455  
46.51245608  
-2.953780511  
20.06991282  
-2.461431732  
74.86758537  
12.88374575  
96.22799461  
24.46424782  
60.11964831  
2.059231367  
89.91590532  
54.72055046  
21.67686354  
89.1517083  
44.32600455  
46.51245608  
-2.953780511  
20.06991282  
-2.461431732  
74.86758537  
12.88374575  
96.22799461  
24.46424782  
60.11964831  
2.059231367  
89.91590532  
54.72055046  
21.67686354  
89.1517083  
44.32600455  
46.51245608  
-2.953780511  
