-8.93610679  
48.45654849  
18.22746188  
5.304140978  
-13.09125364  
53.16426272  
-7.427970256  
53.72166173  
-49.70707042  
63.62325525  
-27.7117296  
61.69316675  
-29.01470232  
55.55581221  
61.39059822  
-41.67981499  
52.44228039  
-8.93610679  
48.45654849  
18.22746188  
5.304140978  
-13.09125364  
53.16426272  
-7.427970256  
53.72166173  
-49.70707042  
63.62325525  
-27.7117296  
61.69316675  
-29.01470232  
55.55581221  
61.39059822  
-41.67981499  
52.44228039  
-8.93610679  
48.45654849  
18.22746188  
5.304140978  
-13.09125364  
53.16426272  
-7.427970256  
53.72166173  
-49.70707042  
63.62325525  
-27.7117296  
61.69316675  
-29.01470232  
55.55581221  
61.39059822  
-41.67981499  
52.44228039  
-8.93610679  
48.45654849  
18.22746188  
5.304140978  
-13.09125364  
53.16426272  
-7.427970256  
53.72166173  
-49.70707042  
63.62325525  
-27.7117296  
61.69316675  
-29.01470232  
55.55581221  
61.39059822  
-41.67981499  
52.44228039  
