-59.80820256  
61.66577797  
-18.16702565  
-24.96073739  
1.053513727  
-38.86320667  
13.72053961  
-40.54653862  
68.7380539  
-76.15383734  
-95.12699573  
-11.25294508  
40.61885781  
45.68784937  
-43.57099899  
-65.29737481  
-59.80820256  
61.66577797  
-18.16702565  
-24.96073739  
1.053513727  
-38.86320667  
13.72053961  
-40.54653862  
68.7380539  
-76.15383734  
-95.12699573  
-11.25294508  
40.61885781  
45.68784937  
-43.57099899  
-65.29737481  
-59.80820256  
61.66577797  
-18.16702565  
-24.96073739  
1.053513727  
-38.86320667  
13.72053961  
-40.54653862  
68.7380539  
-76.15383734  
-95.12699573  
-11.25294508  
40.61885781  
45.68784937  
-43.57099899  
-65.29737481  
-59.80820256  
61.66577797  
-18.16702565  
-24.96073739  
1.053513727  
-38.86320667  
13.72053961  
-40.54653862  
68.7380539  
-76.15383734  
-95.12699573  
-11.25294508  
40.61885781  
45.68784937  
-43.57099899  
-65.29737481  
