8.767342238  
-28.91326195  
-95.57726963  
49.60454006  
2.239308716  
-26.16658535  
57.47401044  
9.677824104  
81.20401948  
0.8708847116  
34.38365887  
8.767342238  
-28.91326195  
-95.57726963  
49.60454006  
2.239308716  
-26.16658535  
57.47401044  
9.677824104  
81.20401948  
0.8708847116  
34.38365887  
8.767342238  
-28.91326195  
-95.57726963  
49.60454006  
2.239308716  
-26.16658535  
57.47401044  
9.677824104  
81.20401948  
0.8708847116  
34.38365887  
8.767342238  
-28.91326195  
-95.57726963  
49.60454006  
2.239308716  
-26.16658535  
57.47401044  
9.677824104  
81.20401948  
0.8708847116  
34.38365887  
