28.5243549  
17.8618787  
17.67143148  
-1.301987231  
49.85387494  
46.47169771  
37.08113284  
-9.093279373  
11.53824061  
-14.69103289  
-2.726675733  
21.09304013  
36.96004187  
35.08883016  
11.7318461  
11.23810062  
43.17012039  
15.5238576  
39.33194555  
41.6477187  
28.5243549  
17.8618787  
17.67143148  
-1.301987231  
49.85387494  
46.47169771  
37.08113284  
-9.093279373  
11.53824061  
-14.69103289  
-2.726675733  
21.09304013  
36.96004187  
35.08883016  
11.7318461  
11.23810062  
43.17012039  
15.5238576  
39.33194555  
41.6477187  
28.5243549  
17.8618787  
17.67143148  
-1.301987231  
49.85387494  
46.47169771  
37.08113284  
-9.093279373  
11.53824061  
-14.69103289  
-2.726675733  
21.09304013  
36.96004187  
35.08883016  
11.7318461  
11.23810062  
43.17012039  
15.5238576  
39.33194555  
41.6477187  
28.5243549  
17.8618787  
17.67143148  
-1.301987231  
49.85387494  
46.47169771  
37.08113284  
-9.093279373  
11.53824061  
-14.69103289  
-2.726675733  
21.09304013  
36.96004187  
35.08883016  
11.7318461  
11.23810062  
43.17012039  
15.5238576  
39.33194555  
41.6477187  
