7.045660204  
-8.502688645  
38.38551992  
33.64755809  
-4.378956424  
27.28746871  
-24.52453345  
-2.555110098  
5.809096525  
50.80116625  
33.10514975  
-6.177432321  
7.561412207  
42.09371962  
7.045660204  
-8.502688645  
38.38551992  
33.64755809  
-4.378956424  
27.28746871  
-24.52453345  
-2.555110098  
5.809096525  
50.80116625  
33.10514975  
-6.177432321  
7.561412207  
42.09371962  
7.045660204  
-8.502688645  
38.38551992  
33.64755809  
-4.378956424  
27.28746871  
-24.52453345  
-2.555110098  
5.809096525  
50.80116625  
33.10514975  
-6.177432321  
7.561412207  
42.09371962  
7.045660204  
-8.502688645  
38.38551992  
33.64755809  
-4.378956424  
27.28746871  
-24.52453345  
-2.555110098  
5.809096525  
50.80116625  
33.10514975  
-6.177432321  
7.561412207  
42.09371962  
