32.94061106  
-23.73526043  
-6.750670673  
-51.56115183  
35.08417654  
40.89286624  
-91.66393138  
-7.308483083  
14.9753093  
-11.97680079  
22.83870546  
-18.61017255  
21.10350913  
33.91959193  
32.94061106  
-23.73526043  
-6.750670673  
-51.56115183  
35.08417654  
40.89286624  
-91.66393138  
-7.308483083  
14.9753093  
-11.97680079  
22.83870546  
-18.61017255  
21.10350913  
33.91959193  
32.94061106  
-23.73526043  
-6.750670673  
-51.56115183  
35.08417654  
40.89286624  
-91.66393138  
-7.308483083  
14.9753093  
-11.97680079  
22.83870546  
-18.61017255  
21.10350913  
33.91959193  
32.94061106  
-23.73526043  
-6.750670673  
-51.56115183  
35.08417654  
40.89286624  
-91.66393138  
-7.308483083  
14.9753093  
-11.97680079  
22.83870546  
-18.61017255  
21.10350913  
33.91959193  
