-4.63464064  
-20.90573324  
-12.1664122  
-0.4514420769  
-15.41772524  
-45.51249233  
29.79758129  
9.181757809  
-1.905189991  
12.23714791  
-1.728035922  
-38.03516649  
7.063631086  
-55.34271338  
-20.80182152  
-4.63464064  
-20.90573324  
-12.1664122  
-0.4514420769  
-15.41772524  
-45.51249233  
29.79758129  
9.181757809  
-1.905189991  
12.23714791  
-1.728035922  
-38.03516649  
7.063631086  
-55.34271338  
-20.80182152  
-4.63464064  
-20.90573324  
-12.1664122  
-0.4514420769  
-15.41772524  
-45.51249233  
29.79758129  
9.181757809  
-1.905189991  
12.23714791  
-1.728035922  
-38.03516649  
7.063631086  
-55.34271338  
-20.80182152  
-4.63464064  
-20.90573324  
-12.1664122  
-0.4514420769  
-15.41772524  
-45.51249233  
29.79758129  
9.181757809  
-1.905189991  
12.23714791  
-1.728035922  
-38.03516649  
7.063631086  
-55.34271338  
-20.80182152  
