-27.77278586  
8.005506596  
-13.18160283  
-46.81754142  
43.84680327  
24.33544916  
13.61661863  
9.464733126  
-41.63112609  
-16.19669433  
-42.46901024  
-27.77278586  
8.005506596  
-13.18160283  
-46.81754142  
43.84680327  
24.33544916  
13.61661863  
9.464733126  
-41.63112609  
-16.19669433  
-42.46901024  
-27.77278586  
8.005506596  
-13.18160283  
-46.81754142  
43.84680327  
24.33544916  
13.61661863  
9.464733126  
-41.63112609  
-16.19669433  
-42.46901024  
-27.77278586  
8.005506596  
-13.18160283  
-46.81754142  
43.84680327  
24.33544916  
13.61661863  
9.464733126  
-41.63112609  
-16.19669433  
-42.46901024  
