-39.74613694  
-49.13048598  
-1.633745331  
-5.431707223  
-15.7018569  
11.1800737  
-1.321161287  
-25.31257219  
-26.31447481  
-4.988739412  
-21.69750202  
-8.766667346  
-30.41817223  
-14.44351629  
-39.74613694  
-49.13048598  
-1.633745331  
-5.431707223  
-15.7018569  
11.1800737  
-1.321161287  
-25.31257219  
-26.31447481  
-4.988739412  
-21.69750202  
-8.766667346  
-30.41817223  
-14.44351629  
-39.74613694  
-49.13048598  
-1.633745331  
-5.431707223  
-15.7018569  
11.1800737  
-1.321161287  
-25.31257219  
-26.31447481  
-4.988739412  
-21.69750202  
-8.766667346  
-30.41817223  
-14.44351629  
-39.74613694  
-49.13048598  
-1.633745331  
-5.431707223  
-15.7018569  
11.1800737  
-1.321161287  
-25.31257219  
-26.31447481  
-4.988739412  
-21.69750202  
-8.766667346  
-30.41817223  
-14.44351629  
