-48.81015079  
-114.4392761  
-126.3968887  
27.60128397  
-20.5477952  
87.24950404  
-200.97739  
-53.25096186  
-26.01629082  
-128.7517364  
-32.40984128  
-48.81015079  
-114.4392761  
-126.3968887  
27.60128397  
-20.5477952  
87.24950404  
-200.97739  
-53.25096186  
-26.01629082  
-128.7517364  
-32.40984128  
-48.81015079  
-114.4392761  
-126.3968887  
27.60128397  
-20.5477952  
87.24950404  
-200.97739  
-53.25096186  
-26.01629082  
-128.7517364  
-32.40984128  
-48.81015079  
-114.4392761  
-126.3968887  
27.60128397  
-20.5477952  
87.24950404  
-200.97739  
-53.25096186  
-26.01629082  
-128.7517364  
-32.40984128  
