-10.28238142  
4.943729706  
85.55191949  
10.22854361  
11.27695097  
32.38050065  
-2.372593478  
58.0295015  
23.56400367  
-67.96265703  
20.13910957  
-56.19942331  
-8.23677513  
10.03030248  
-10.28238142  
4.943729706  
85.55191949  
10.22854361  
11.27695097  
32.38050065  
-2.372593478  
58.0295015  
23.56400367  
-67.96265703  
20.13910957  
-56.19942331  
-8.23677513  
10.03030248  
-10.28238142  
4.943729706  
85.55191949  
10.22854361  
11.27695097  
32.38050065  
-2.372593478  
58.0295015  
23.56400367  
-67.96265703  
20.13910957  
-56.19942331  
-8.23677513  
10.03030248  
-10.28238142  
4.943729706  
85.55191949  
10.22854361  
11.27695097  
32.38050065  
-2.372593478  
58.0295015  
23.56400367  
-67.96265703  
20.13910957  
-56.19942331  
-8.23677513  
10.03030248  
