-4.918521964  
-32.08259761  
-42.28517893  
-26.90731005  
-34.26574439  
-121.6765962  
35.69222452  
18.7774252  
-46.85765699  
-21.64335298  
1.486743109  
-23.00747493  
-9.640149086  
17.12772517  
48.34416118  
-4.918521964  
-32.08259761  
-42.28517893  
-26.90731005  
-34.26574439  
-121.6765962  
35.69222452  
18.7774252  
-46.85765699  
-21.64335298  
1.486743109  
-23.00747493  
-9.640149086  
17.12772517  
48.34416118  
-4.918521964  
-32.08259761  
-42.28517893  
-26.90731005  
-34.26574439  
-121.6765962  
35.69222452  
18.7774252  
-46.85765699  
-21.64335298  
1.486743109  
-23.00747493  
-9.640149086  
17.12772517  
48.34416118  
-4.918521964  
-32.08259761  
-42.28517893  
-26.90731005  
-34.26574439  
-121.6765962  
35.69222452  
18.7774252  
-46.85765699  
-21.64335298  
1.486743109  
-23.00747493  
-9.640149086  
17.12772517  
48.34416118  
