22.18864746  
81.82709206  
110.7966243  
74.67137378  
45.97889863  
45.66590761  
103.5725972  
53.67699091  
7.465771791  
16.12480848  
33.87600057  
37.80694696  
22.18864746  
81.82709206  
110.7966243  
74.67137378  
45.97889863  
45.66590761  
103.5725972  
53.67699091  
7.465771791  
16.12480848  
33.87600057  
37.80694696  
22.18864746  
81.82709206  
110.7966243  
74.67137378  
45.97889863  
45.66590761  
103.5725972  
53.67699091  
7.465771791  
16.12480848  
33.87600057  
37.80694696  
22.18864746  
81.82709206  
110.7966243  
74.67137378  
45.97889863  
45.66590761  
103.5725972  
53.67699091  
7.465771791  
16.12480848  
33.87600057  
37.80694696  
