-118.5803407  
-33.06209614  
-56.95332492  
-66.4272822  
-18.01069048  
-108.9910538  
-3.723309431  
-25.04809373  
-0.6250750511  
-19.67576475  
-33.4205818  
-22.83079026  
-61.42319931  
-39.9865396  
-87.32610103  
-118.5803407  
-33.06209614  
-56.95332492  
-66.4272822  
-18.01069048  
-108.9910538  
-3.723309431  
-25.04809373  
-0.6250750511  
-19.67576475  
-33.4205818  
-22.83079026  
-61.42319931  
-39.9865396  
-87.32610103  
-118.5803407  
-33.06209614  
-56.95332492  
-66.4272822  
-18.01069048  
-108.9910538  
-3.723309431  
-25.04809373  
-0.6250750511  
-19.67576475  
-33.4205818  
-22.83079026  
-61.42319931  
-39.9865396  
-87.32610103  
-118.5803407  
-33.06209614  
-56.95332492  
-66.4272822  
-18.01069048  
-108.9910538  
-3.723309431  
-25.04809373  
-0.6250750511  
-19.67576475  
-33.4205818  
-22.83079026  
-61.42319931  
-39.9865396  
-87.32610103  
