-2.732632915  
-8.733422724  
21.2235619  
5.833125249  
32.16441946  
121.4729968  
-209.8851425  
-58.79671966  
-68.78711899  
-53.66243201  
19.42012206  
68.2018716  
-15.15974781  
42.67499779  
-2.732632915  
-8.733422724  
21.2235619  
5.833125249  
32.16441946  
121.4729968  
-209.8851425  
-58.79671966  
-68.78711899  
-53.66243201  
19.42012206  
68.2018716  
-15.15974781  
42.67499779  
-2.732632915  
-8.733422724  
21.2235619  
5.833125249  
32.16441946  
121.4729968  
-209.8851425  
-58.79671966  
-68.78711899  
-53.66243201  
19.42012206  
68.2018716  
-15.15974781  
42.67499779  
-2.732632915  
-8.733422724  
21.2235619  
5.833125249  
32.16441946  
121.4729968  
-209.8851425  
-58.79671966  
-68.78711899  
-53.66243201  
19.42012206  
68.2018716  
-15.15974781  
42.67499779  
