-48.83224329  
-32.23026315  
-4.076925138  
13.01150535  
-33.26739007  
-23.50234838  
-69.31432844  
-33.60659998  
-8.815918348  
3.847046841  
-48.83224329  
-32.23026315  
-4.076925138  
13.01150535  
-33.26739007  
-23.50234838  
-69.31432844  
-33.60659998  
-8.815918348  
3.847046841  
-48.83224329  
-32.23026315  
-4.076925138  
13.01150535  
-33.26739007  
-23.50234838  
-69.31432844  
-33.60659998  
-8.815918348  
3.847046841  
-48.83224329  
-32.23026315  
-4.076925138  
13.01150535  
-33.26739007  
-23.50234838  
-69.31432844  
-33.60659998  
-8.815918348  
3.847046841  
