-84.06881918  
-36.96203257  
-53.36125108  
-6.361234533  
-9.226907277  
-5.496664075  
-107.6668645  
-37.5269156  
-40.2645047  
-71.85325731  
-63.65916563  
-84.06881918  
-36.96203257  
-53.36125108  
-6.361234533  
-9.226907277  
-5.496664075  
-107.6668645  
-37.5269156  
-40.2645047  
-71.85325731  
-63.65916563  
-84.06881918  
-36.96203257  
-53.36125108  
-6.361234533  
-9.226907277  
-5.496664075  
-107.6668645  
-37.5269156  
-40.2645047  
-71.85325731  
-63.65916563  
-84.06881918  
-36.96203257  
-53.36125108  
-6.361234533  
-9.226907277  
-5.496664075  
-107.6668645  
-37.5269156  
-40.2645047  
-71.85325731  
-63.65916563  
