-193.9815803  
19.45490158  
-25.78437498  
-82.31618523  
166.7341946  
27.95045926  
-13.01715764  
-4.347267437  
-42.52162778  
-47.25077271  
-23.42714029  
-99.2918425  
-6.213142628  
-45.14825336  
4.828042359  
-193.9815803  
19.45490158  
-25.78437498  
-82.31618523  
166.7341946  
27.95045926  
-13.01715764  
-4.347267437  
-42.52162778  
-47.25077271  
-23.42714029  
-99.2918425  
-6.213142628  
-45.14825336  
4.828042359  
-193.9815803  
19.45490158  
-25.78437498  
-82.31618523  
166.7341946  
27.95045926  
-13.01715764  
-4.347267437  
-42.52162778  
-47.25077271  
-23.42714029  
-99.2918425  
-6.213142628  
-45.14825336  
4.828042359  
-193.9815803  
19.45490158  
-25.78437498  
-82.31618523  
166.7341946  
27.95045926  
-13.01715764  
-4.347267437  
-42.52162778  
-47.25077271  
-23.42714029  
-99.2918425  
-6.213142628  
-45.14825336  
4.828042359  
