-32.02564422  
-24.85955499  
58.00292643  
34.33126229  
73.97642297  
26.42143337  
73.2243166  
52.34708898  
29.32040442  
25.61559271  
50.14273838  
-31.00701238  
12.58905354  
-32.02564422  
-24.85955499  
58.00292643  
34.33126229  
73.97642297  
26.42143337  
73.2243166  
52.34708898  
29.32040442  
25.61559271  
50.14273838  
-31.00701238  
12.58905354  
-32.02564422  
-24.85955499  
58.00292643  
34.33126229  
73.97642297  
26.42143337  
73.2243166  
52.34708898  
29.32040442  
25.61559271  
50.14273838  
-31.00701238  
12.58905354  
-32.02564422  
-24.85955499  
58.00292643  
34.33126229  
73.97642297  
26.42143337  
73.2243166  
52.34708898  
29.32040442  
25.61559271  
50.14273838  
-31.00701238  
12.58905354  
