0.1611227536  
51.58311563  
-77.20662817  
12.65271988  
-9.756638627  
-40.69284728  
-3.071237838  
-17.56600698  
19.72398578  
-8.943887457  
-71.22979377  
7.725342784  
6.034511088  
0.1611227536  
51.58311563  
-77.20662817  
12.65271988  
-9.756638627  
-40.69284728  
-3.071237838  
-17.56600698  
19.72398578  
-8.943887457  
-71.22979377  
7.725342784  
6.034511088  
0.1611227536  
51.58311563  
-77.20662817  
12.65271988  
-9.756638627  
-40.69284728  
-3.071237838  
-17.56600698  
19.72398578  
-8.943887457  
-71.22979377  
7.725342784  
6.034511088  
0.1611227536  
51.58311563  
-77.20662817  
12.65271988  
-9.756638627  
-40.69284728  
-3.071237838  
-17.56600698  
19.72398578  
-8.943887457  
-71.22979377  
7.725342784  
6.034511088  
