-81.22256708  
23.27743768  
108.5155494  
52.93827785  
106.3933757  
112.729313  
132.9351748  
-12.8772495  
94.33072216  
33.61148134  
75.17770229  
96.5328444  
65.14198935  
20.03746618  
89.19986096  
-81.22256708  
23.27743768  
108.5155494  
52.93827785  
106.3933757  
112.729313  
132.9351748  
-12.8772495  
94.33072216  
33.61148134  
75.17770229  
96.5328444  
65.14198935  
20.03746618  
89.19986096  
-81.22256708  
23.27743768  
108.5155494  
52.93827785  
106.3933757  
112.729313  
132.9351748  
-12.8772495  
94.33072216  
33.61148134  
75.17770229  
96.5328444  
65.14198935  
20.03746618  
89.19986096  
-81.22256708  
23.27743768  
108.5155494  
52.93827785  
106.3933757  
112.729313  
132.9351748  
-12.8772495  
94.33072216  
33.61148134  
75.17770229  
96.5328444  
65.14198935  
20.03746618  
89.19986096  
