31.469476  
40.7011082  
44.94741262  
28.79360705  
51.1260977  
35.80162168  
28.05243579  
51.74010245  
3.034287404  
9.681036363  
-3.449609614  
31.80344656  
29.90165881  
31.469476  
40.7011082  
44.94741262  
28.79360705  
51.1260977  
35.80162168  
28.05243579  
51.74010245  
3.034287404  
9.681036363  
-3.449609614  
31.80344656  
29.90165881  
31.469476  
40.7011082  
44.94741262  
28.79360705  
51.1260977  
35.80162168  
28.05243579  
51.74010245  
3.034287404  
9.681036363  
-3.449609614  
31.80344656  
29.90165881  
31.469476  
40.7011082  
44.94741262  
28.79360705  
51.1260977  
35.80162168  
28.05243579  
51.74010245  
3.034287404  
9.681036363  
-3.449609614  
31.80344656  
29.90165881  
