9.932778619  
-34.6227784  
18.35137239  
1.513191347  
-12.09247194  
-21.2494115  
87.52768644  
49.2911978  
-15.55962663  
9.932778619  
-34.6227784  
18.35137239  
1.513191347  
-12.09247194  
-21.2494115  
87.52768644  
49.2911978  
-15.55962663  
9.932778619  
-34.6227784  
18.35137239  
1.513191347  
-12.09247194  
-21.2494115  
87.52768644  
49.2911978  
-15.55962663  
9.932778619  
-34.6227784  
18.35137239  
1.513191347  
-12.09247194  
-21.2494115  
87.52768644  
49.2911978  
-15.55962663  
