-33.9618403  
-25.61342536  
-45.74321879  
16.88296807  
-0.9443040989  
-5.770623227  
-55.88302022  
5.906204384  
-2.195783032  
-40.02137611  
-46.68188143  
-33.9618403  
-25.61342536  
-45.74321879  
16.88296807  
-0.9443040989  
-5.770623227  
-55.88302022  
5.906204384  
-2.195783032  
-40.02137611  
-46.68188143  
-33.9618403  
-25.61342536  
-45.74321879  
16.88296807  
-0.9443040989  
-5.770623227  
-55.88302022  
5.906204384  
-2.195783032  
-40.02137611  
-46.68188143  
-33.9618403  
-25.61342536  
-45.74321879  
16.88296807  
-0.9443040989  
-5.770623227  
-55.88302022  
5.906204384  
-2.195783032  
-40.02137611  
-46.68188143  
