-9.240650793  
16.82524137  
-11.74702659  
-109.9720867  
107.2492581  
-142.5244769  
75.67216146  
-14.38823573  
-37.5606943  
-9.240650793  
16.82524137  
-11.74702659  
-109.9720867  
107.2492581  
-142.5244769  
75.67216146  
-14.38823573  
-37.5606943  
-9.240650793  
16.82524137  
-11.74702659  
-109.9720867  
107.2492581  
-142.5244769  
75.67216146  
-14.38823573  
-37.5606943  
-9.240650793  
16.82524137  
-11.74702659  
-109.9720867  
107.2492581  
-142.5244769  
75.67216146  
-14.38823573  
-37.5606943  
