75.20393782  
-32.78087228  
-20.57533962  
77.47592948  
-52.43515379  
56.42988827  
-20.80880462  
86.82490019  
53.58359833  
58.44521957  
-37.90777545  
102.9676406  
-252.8640196  
-17.15088785  
169.241835  
-63.56360476  
116.1437573  
75.20393782  
-32.78087228  
-20.57533962  
77.47592948  
-52.43515379  
56.42988827  
-20.80880462  
86.82490019  
53.58359833  
58.44521957  
-37.90777545  
102.9676406  
-252.8640196  
-17.15088785  
169.241835  
-63.56360476  
116.1437573  
75.20393782  
-32.78087228  
-20.57533962  
77.47592948  
-52.43515379  
56.42988827  
-20.80880462  
86.82490019  
53.58359833  
58.44521957  
-37.90777545  
102.9676406  
-252.8640196  
-17.15088785  
169.241835  
-63.56360476  
116.1437573  
75.20393782  
-32.78087228  
-20.57533962  
77.47592948  
-52.43515379  
56.42988827  
-20.80880462  
86.82490019  
53.58359833  
58.44521957  
-37.90777545  
102.9676406  
-252.8640196  
-17.15088785  
169.241835  
-63.56360476  
116.1437573  
