117.240286  
111.1361292  
127.1066401  
19.15406286  
111.4876423  
90.00755157  
96.98009922  
37.01824496  
-7.491485581  
-31.95465606  
73.36715994  
153.5367888  
117.240286  
111.1361292  
127.1066401  
19.15406286  
111.4876423  
90.00755157  
96.98009922  
37.01824496  
-7.491485581  
-31.95465606  
73.36715994  
153.5367888  
117.240286  
111.1361292  
127.1066401  
19.15406286  
111.4876423  
90.00755157  
96.98009922  
37.01824496  
-7.491485581  
-31.95465606  
73.36715994  
153.5367888  
117.240286  
111.1361292  
127.1066401  
19.15406286  
111.4876423  
90.00755157  
96.98009922  
37.01824496  
-7.491485581  
-31.95465606  
73.36715994  
153.5367888  
