5.308990843  
63.22290217  
70.92769055  
27.38387071  
59.44773754  
79.51978577  
52.99352398  
7.765759679  
40.85326179  
95.16618778  
88.59336757  
65.326875  
56.64859634  
7.972291037  
106.2334861  
30.92300966  
88.54802001  
5.308990843  
63.22290217  
70.92769055  
27.38387071  
59.44773754  
79.51978577  
52.99352398  
7.765759679  
40.85326179  
95.16618778  
88.59336757  
65.326875  
56.64859634  
7.972291037  
106.2334861  
30.92300966  
88.54802001  
5.308990843  
63.22290217  
70.92769055  
27.38387071  
59.44773754  
79.51978577  
52.99352398  
7.765759679  
40.85326179  
95.16618778  
88.59336757  
65.326875  
56.64859634  
7.972291037  
106.2334861  
30.92300966  
88.54802001  
5.308990843  
63.22290217  
70.92769055  
27.38387071  
59.44773754  
79.51978577  
52.99352398  
7.765759679  
40.85326179  
95.16618778  
88.59336757  
65.326875  
56.64859634  
7.972291037  
106.2334861  
30.92300966  
88.54802001  
