-35.94258476  
1.406818239  
-84.45823593  
-74.17724759  
-7.859213582  
-110.5292768  
-51.53292257  
-28.60582788  
-36.25295242  
-34.43089503  
-27.00397104  
-66.66834768  
-60.8475905  
-11.08026261  
-35.66034727  
-143.5461099  
-34.54530391  
-14.11085371  
45.89441527  
-35.94258476  
1.406818239  
-84.45823593  
-74.17724759  
-7.859213582  
-110.5292768  
-51.53292257  
-28.60582788  
-36.25295242  
-34.43089503  
-27.00397104  
-66.66834768  
-60.8475905  
-11.08026261  
-35.66034727  
-143.5461099  
-34.54530391  
-14.11085371  
45.89441527  
-35.94258476  
1.406818239  
-84.45823593  
-74.17724759  
-7.859213582  
-110.5292768  
-51.53292257  
-28.60582788  
-36.25295242  
-34.43089503  
-27.00397104  
-66.66834768  
-60.8475905  
-11.08026261  
-35.66034727  
-143.5461099  
-34.54530391  
-14.11085371  
45.89441527  
-35.94258476  
1.406818239  
-84.45823593  
-74.17724759  
-7.859213582  
-110.5292768  
-51.53292257  
-28.60582788  
-36.25295242  
-34.43089503  
-27.00397104  
-66.66834768  
-60.8475905  
-11.08026261  
-35.66034727  
-143.5461099  
-34.54530391  
-14.11085371  
45.89441527  
