23.94864646  
5.649823845  
9.452906075  
34.89580706  
33.01064347  
58.93160281  
-109.3899706  
23.636449  
-10.44665751  
-41.21353277  
46.56141343  
-1.262604061  
2.043791035  
23.42961992  
23.94864646  
5.649823845  
9.452906075  
34.89580706  
33.01064347  
58.93160281  
-109.3899706  
23.636449  
-10.44665751  
-41.21353277  
46.56141343  
-1.262604061  
2.043791035  
23.42961992  
23.94864646  
5.649823845  
9.452906075  
34.89580706  
33.01064347  
58.93160281  
-109.3899706  
23.636449  
-10.44665751  
-41.21353277  
46.56141343  
-1.262604061  
2.043791035  
23.42961992  
23.94864646  
5.649823845  
9.452906075  
34.89580706  
33.01064347  
58.93160281  
-109.3899706  
23.636449  
-10.44665751  
-41.21353277  
46.56141343  
-1.262604061  
2.043791035  
23.42961992  
