-149.2565127  
-70.72351063  
22.62927346  
54.21133305  
-28.50773803  
-108.6602357  
-140.3078432  
-93.11899733  
44.19463029  
-15.87630413  
-149.2565127  
-70.72351063  
22.62927346  
54.21133305  
-28.50773803  
-108.6602357  
-140.3078432  
-93.11899733  
44.19463029  
-15.87630413  
-149.2565127  
-70.72351063  
22.62927346  
54.21133305  
-28.50773803  
-108.6602357  
-140.3078432  
-93.11899733  
44.19463029  
-15.87630413  
-149.2565127  
-70.72351063  
22.62927346  
54.21133305  
-28.50773803  
-108.6602357  
-140.3078432  
-93.11899733  
44.19463029  
-15.87630413  
