2.446859501  
16.62088084  
19.2058206  
14.06141811  
1.041416057  
-1.683084778  
-14.43243856  
9.719285981  
-2.548508355  
21.36699114  
12.90984168  
-20.39913798  
13.09805135  
30.56011263  
32.52214198  
2.446859501  
16.62088084  
19.2058206  
14.06141811  
1.041416057  
-1.683084778  
-14.43243856  
9.719285981  
-2.548508355  
21.36699114  
12.90984168  
-20.39913798  
13.09805135  
30.56011263  
32.52214198  
2.446859501  
16.62088084  
19.2058206  
14.06141811  
1.041416057  
-1.683084778  
-14.43243856  
9.719285981  
-2.548508355  
21.36699114  
12.90984168  
-20.39913798  
13.09805135  
30.56011263  
32.52214198  
2.446859501  
16.62088084  
19.2058206  
14.06141811  
1.041416057  
-1.683084778  
-14.43243856  
9.719285981  
-2.548508355  
21.36699114  
12.90984168  
-20.39913798  
13.09805135  
30.56011263  
32.52214198  
