122.6456688  
100.2909264  
24.6867892  
-9.453143831  
60.28028945  
35.21560234  
4.407962253  
78.95213834  
76.9156538  
26.35447858  
21.3932766  
175.0448857  
-50.05803775  
33.43203847  
8.251825374  
-21.09819364  
122.6456688  
100.2909264  
24.6867892  
-9.453143831  
60.28028945  
35.21560234  
4.407962253  
78.95213834  
76.9156538  
26.35447858  
21.3932766  
175.0448857  
-50.05803775  
33.43203847  
8.251825374  
-21.09819364  
122.6456688  
100.2909264  
24.6867892  
-9.453143831  
60.28028945  
35.21560234  
4.407962253  
78.95213834  
76.9156538  
26.35447858  
21.3932766  
175.0448857  
-50.05803775  
33.43203847  
8.251825374  
-21.09819364  
122.6456688  
100.2909264  
24.6867892  
-9.453143831  
60.28028945  
35.21560234  
4.407962253  
78.95213834  
76.9156538  
26.35447858  
21.3932766  
175.0448857  
-50.05803775  
33.43203847  
8.251825374  
-21.09819364  
