-11.77877463  
-2.751337042  
-1.165815305  
1.249578844  
-0.1349448393  
-2.697865381  
-15.65542163  
18.55805689  
-9.076380559  
-0.9939250068  
-29.83086323  
14.8392466  
-21.12330518  
-11.77877463  
-2.751337042  
-1.165815305  
1.249578844  
-0.1349448393  
-2.697865381  
-15.65542163  
18.55805689  
-9.076380559  
-0.9939250068  
-29.83086323  
14.8392466  
-21.12330518  
-11.77877463  
-2.751337042  
-1.165815305  
1.249578844  
-0.1349448393  
-2.697865381  
-15.65542163  
18.55805689  
-9.076380559  
-0.9939250068  
-29.83086323  
14.8392466  
-21.12330518  
-11.77877463  
-2.751337042  
-1.165815305  
1.249578844  
-0.1349448393  
-2.697865381  
-15.65542163  
18.55805689  
-9.076380559  
-0.9939250068  
-29.83086323  
14.8392466  
-21.12330518  
