-37.6975985  
-6.227673108  
1.326973082  
1.289999404  
-30.55892353  
-34.82736707  
23.7745962  
-23.3383643  
41.84006883  
-16.47624981  
-8.875153266  
-0.01233933454  
-37.6975985  
-6.227673108  
1.326973082  
1.289999404  
-30.55892353  
-34.82736707  
23.7745962  
-23.3383643  
41.84006883  
-16.47624981  
-8.875153266  
-0.01233933454  
-37.6975985  
-6.227673108  
1.326973082  
1.289999404  
-30.55892353  
-34.82736707  
23.7745962  
-23.3383643  
41.84006883  
-16.47624981  
-8.875153266  
-0.01233933454  
-37.6975985  
-6.227673108  
1.326973082  
1.289999404  
-30.55892353  
-34.82736707  
23.7745962  
-23.3383643  
41.84006883  
-16.47624981  
-8.875153266  
-0.01233933454  
