-41.51995853  
-72.96590735  
-11.25277121  
38.19145613  
-49.47849357  
-36.99594513  
-43.94199967  
-48.11508084  
-10.73796483  
-41.51995853  
-72.96590735  
-11.25277121  
38.19145613  
-49.47849357  
-36.99594513  
-43.94199967  
-48.11508084  
-10.73796483  
-41.51995853  
-72.96590735  
-11.25277121  
38.19145613  
-49.47849357  
-36.99594513  
-43.94199967  
-48.11508084  
-10.73796483  
-41.51995853  
-72.96590735  
-11.25277121  
38.19145613  
-49.47849357  
-36.99594513  
-43.94199967  
-48.11508084  
-10.73796483  
