-46.20824592  
-19.47150469  
19.47551125  
93.60669082  
11.86990538  
20.07153631  
44.96227784  
63.44331991  
-3.98647418  
10.40056064  
53.71498013  
103.333883  
75.63441237  
-46.20824592  
-19.47150469  
19.47551125  
93.60669082  
11.86990538  
20.07153631  
44.96227784  
63.44331991  
-3.98647418  
10.40056064  
53.71498013  
103.333883  
75.63441237  
-46.20824592  
-19.47150469  
19.47551125  
93.60669082  
11.86990538  
20.07153631  
44.96227784  
63.44331991  
-3.98647418  
10.40056064  
53.71498013  
103.333883  
75.63441237  
-46.20824592  
-19.47150469  
19.47551125  
93.60669082  
11.86990538  
20.07153631  
44.96227784  
63.44331991  
-3.98647418  
10.40056064  
53.71498013  
103.333883  
75.63441237  
