28.21653264  
-13.26489264  
24.20985874  
20.1706661  
144.5845973  
0.942792606  
-108.0425467  
-77.4066402  
53.69531901  
135.6761649  
28.21653264  
-13.26489264  
24.20985874  
20.1706661  
144.5845973  
0.942792606  
-108.0425467  
-77.4066402  
53.69531901  
135.6761649  
28.21653264  
-13.26489264  
24.20985874  
20.1706661  
144.5845973  
0.942792606  
-108.0425467  
-77.4066402  
53.69531901  
135.6761649  
28.21653264  
-13.26489264  
24.20985874  
20.1706661  
144.5845973  
0.942792606  
-108.0425467  
-77.4066402  
53.69531901  
135.6761649  
