104.5622327  
-22.62449083  
11.35733586  
15.59396694  
106.2808693  
66.09806341  
-5.659759812  
-3.817413637  
-27.05429763  
3.200920884  
-6.739940658  
104.5622327  
-22.62449083  
11.35733586  
15.59396694  
106.2808693  
66.09806341  
-5.659759812  
-3.817413637  
-27.05429763  
3.200920884  
-6.739940658  
104.5622327  
-22.62449083  
11.35733586  
15.59396694  
106.2808693  
66.09806341  
-5.659759812  
-3.817413637  
-27.05429763  
3.200920884  
-6.739940658  
104.5622327  
-22.62449083  
11.35733586  
15.59396694  
106.2808693  
66.09806341  
-5.659759812  
-3.817413637  
-27.05429763  
3.200920884  
-6.739940658  
