-1.818455622  
-24.43097727  
-6.179125671  
-10.07130843  
6.84492211  
-16.27846706  
-0.1274993992  
10.70333586  
11.80557916  
-31.27849675  
-11.22917305  
-1.818455622  
-24.43097727  
-6.179125671  
-10.07130843  
6.84492211  
-16.27846706  
-0.1274993992  
10.70333586  
11.80557916  
-31.27849675  
-11.22917305  
-1.818455622  
-24.43097727  
-6.179125671  
-10.07130843  
6.84492211  
-16.27846706  
-0.1274993992  
10.70333586  
11.80557916  
-31.27849675  
-11.22917305  
-1.818455622  
-24.43097727  
-6.179125671  
-10.07130843  
6.84492211  
-16.27846706  
-0.1274993992  
10.70333586  
11.80557916  
-31.27849675  
-11.22917305  
