-17.5925084  
-15.97738084  
53.06315744  
60.60709043  
74.57001765  
122.2339139  
88.43727047  
23.4334887  
18.77190201  
95.83552415  
-24.28990625  
69.4024966  
92.45144469  
48.07921352  
158.7222132  
20.61524217  
110.9803779  
-17.5925084  
-15.97738084  
53.06315744  
60.60709043  
74.57001765  
122.2339139  
88.43727047  
23.4334887  
18.77190201  
95.83552415  
-24.28990625  
69.4024966  
92.45144469  
48.07921352  
158.7222132  
20.61524217  
110.9803779  
-17.5925084  
-15.97738084  
53.06315744  
60.60709043  
74.57001765  
122.2339139  
88.43727047  
23.4334887  
18.77190201  
95.83552415  
-24.28990625  
69.4024966  
92.45144469  
48.07921352  
158.7222132  
20.61524217  
110.9803779  
-17.5925084  
-15.97738084  
53.06315744  
60.60709043  
74.57001765  
122.2339139  
88.43727047  
23.4334887  
18.77190201  
95.83552415  
-24.28990625  
69.4024966  
92.45144469  
48.07921352  
158.7222132  
20.61524217  
110.9803779  
