-7.648823308  
41.33097116  
-68.08599107  
17.67773564  
-7.716396757  
-36.48859304  
1.193143109  
-22.87548685  
20.94447465  
-7.234004394  
-65.50423822  
11.3006222  
5.926218677  
-7.648823308  
41.33097116  
-68.08599107  
17.67773564  
-7.716396757  
-36.48859304  
1.193143109  
-22.87548685  
20.94447465  
-7.234004394  
-65.50423822  
11.3006222  
5.926218677  
-7.648823308  
41.33097116  
-68.08599107  
17.67773564  
-7.716396757  
-36.48859304  
1.193143109  
-22.87548685  
20.94447465  
-7.234004394  
-65.50423822  
11.3006222  
5.926218677  
-7.648823308  
41.33097116  
-68.08599107  
17.67773564  
-7.716396757  
-36.48859304  
1.193143109  
-22.87548685  
20.94447465  
-7.234004394  
-65.50423822  
11.3006222  
5.926218677  
