-41.89392027  
-3.979896883  
-32.67505409  
-38.93156731  
-24.2206139  
6.804070298  
-15.6826839  
57.85815651  
47.25654376  
27.31358685  
10.69401623  
-30.06049138  
35.39456203  
80.95671741  
-41.89392027  
-3.979896883  
-32.67505409  
-38.93156731  
-24.2206139  
6.804070298  
-15.6826839  
57.85815651  
47.25654376  
27.31358685  
10.69401623  
-30.06049138  
35.39456203  
80.95671741  
-41.89392027  
-3.979896883  
-32.67505409  
-38.93156731  
-24.2206139  
6.804070298  
-15.6826839  
57.85815651  
47.25654376  
27.31358685  
10.69401623  
-30.06049138  
35.39456203  
80.95671741  
-41.89392027  
-3.979896883  
-32.67505409  
-38.93156731  
-24.2206139  
6.804070298  
-15.6826839  
57.85815651  
47.25654376  
27.31358685  
10.69401623  
-30.06049138  
35.39456203  
80.95671741  
