-83.05990361  
-31.96753797  
17.86288862  
0.4756130468  
-75.14689994  
-13.97110779  
-62.11140592  
-62.76793167  
-68.8374945  
-83.05990361  
-31.96753797  
17.86288862  
0.4756130468  
-75.14689994  
-13.97110779  
-62.11140592  
-62.76793167  
-68.8374945  
-83.05990361  
-31.96753797  
17.86288862  
0.4756130468  
-75.14689994  
-13.97110779  
-62.11140592  
-62.76793167  
-68.8374945  
-83.05990361  
-31.96753797  
17.86288862  
0.4756130468  
-75.14689994  
-13.97110779  
-62.11140592  
-62.76793167  
-68.8374945  
