-126.1200686  
-71.96464894  
-89.44226397  
140.6270827  
28.02083949  
88.62355056  
-156.7808317  
-340.4610726  
90.20531923  
-136.4715513  
-54.55208723  
-77.74390879  
-137.0076903  
-1.767227472  
-70.39968725  
48.33679025  
39.69655679  
-1.225980808  
-88.59751356  
-107.1842865  
-126.1200686  
-71.96464894  
-89.44226397  
140.6270827  
28.02083949  
88.62355056  
-156.7808317  
-340.4610726  
90.20531923  
-136.4715513  
-54.55208723  
-77.74390879  
-137.0076903  
-1.767227472  
-70.39968725  
48.33679025  
39.69655679  
-1.225980808  
-88.59751356  
-107.1842865  
-126.1200686  
-71.96464894  
-89.44226397  
140.6270827  
28.02083949  
88.62355056  
-156.7808317  
-340.4610726  
90.20531923  
-136.4715513  
-54.55208723  
-77.74390879  
-137.0076903  
-1.767227472  
-70.39968725  
48.33679025  
39.69655679  
-1.225980808  
-88.59751356  
-107.1842865  
-126.1200686  
-71.96464894  
-89.44226397  
140.6270827  
28.02083949  
88.62355056  
-156.7808317  
-340.4610726  
90.20531923  
-136.4715513  
-54.55208723  
-77.74390879  
-137.0076903  
-1.767227472  
-70.39968725  
48.33679025  
39.69655679  
-1.225980808  
-88.59751356  
-107.1842865  
