-11.85673215  
100.0585156  
22.75538859  
-47.12301687  
-14.51687336  
46.26122946  
30.80312766  
41.534014  
-110.7106577  
-85.8020169  
72.83768204  
-62.84380651  
-22.60134591  
33.65508818  
-38.83159125  
58.17533498  
-11.85673215  
100.0585156  
22.75538859  
-47.12301687  
-14.51687336  
46.26122946  
30.80312766  
41.534014  
-110.7106577  
-85.8020169  
72.83768204  
-62.84380651  
-22.60134591  
33.65508818  
-38.83159125  
58.17533498  
-11.85673215  
100.0585156  
22.75538859  
-47.12301687  
-14.51687336  
46.26122946  
30.80312766  
41.534014  
-110.7106577  
-85.8020169  
72.83768204  
-62.84380651  
-22.60134591  
33.65508818  
-38.83159125  
58.17533498  
-11.85673215  
100.0585156  
22.75538859  
-47.12301687  
-14.51687336  
46.26122946  
30.80312766  
41.534014  
-110.7106577  
-85.8020169  
72.83768204  
-62.84380651  
-22.60134591  
33.65508818  
-38.83159125  
58.17533498  
