-0.6553563823  
7.272017535  
63.78313296  
5.547144289  
75.26811315  
16.62800586  
-7.132250185  
39.44445242  
35.22145393  
29.78975662  
29.69943718  
45.80671818  
28.29714687  
45.80157321  
-0.6521192132  
-5.882317309  
-0.6553563823  
7.272017535  
63.78313296  
5.547144289  
75.26811315  
16.62800586  
-7.132250185  
39.44445242  
35.22145393  
29.78975662  
29.69943718  
45.80671818  
28.29714687  
45.80157321  
-0.6521192132  
-5.882317309  
-0.6553563823  
7.272017535  
63.78313296  
5.547144289  
75.26811315  
16.62800586  
-7.132250185  
39.44445242  
35.22145393  
29.78975662  
29.69943718  
45.80671818  
28.29714687  
45.80157321  
-0.6521192132  
-5.882317309  
-0.6553563823  
7.272017535  
63.78313296  
5.547144289  
75.26811315  
16.62800586  
-7.132250185  
39.44445242  
35.22145393  
29.78975662  
29.69943718  
45.80671818  
28.29714687  
45.80157321  
-0.6521192132  
-5.882317309  
