-2.256544235  
-4.3279525  
21.38329876  
2.422073089  
38.4739647  
116.1138746  
-204.8007512  
-53.79731394  
-69.77745507  
-51.39460778  
17.38433325  
72.60653606  
2.486592686  
36.34706111  
-2.256544235  
-4.3279525  
21.38329876  
2.422073089  
38.4739647  
116.1138746  
-204.8007512  
-53.79731394  
-69.77745507  
-51.39460778  
17.38433325  
72.60653606  
2.486592686  
36.34706111  
-2.256544235  
-4.3279525  
21.38329876  
2.422073089  
38.4739647  
116.1138746  
-204.8007512  
-53.79731394  
-69.77745507  
-51.39460778  
17.38433325  
72.60653606  
2.486592686  
36.34706111  
-2.256544235  
-4.3279525  
21.38329876  
2.422073089  
38.4739647  
116.1138746  
-204.8007512  
-53.79731394  
-69.77745507  
-51.39460778  
17.38433325  
72.60653606  
2.486592686  
36.34706111  
