-13.75221088  
-5.302722834  
-47.04771596  
-1.250666562  
-17.1002807  
-21.62643233  
-44.28557137  
20.69096013  
-24.59259769  
-28.81561942  
-7.866530157  
16.84535221  
24.78332252  
-13.75221088  
-5.302722834  
-47.04771596  
-1.250666562  
-17.1002807  
-21.62643233  
-44.28557137  
20.69096013  
-24.59259769  
-28.81561942  
-7.866530157  
16.84535221  
24.78332252  
-13.75221088  
-5.302722834  
-47.04771596  
-1.250666562  
-17.1002807  
-21.62643233  
-44.28557137  
20.69096013  
-24.59259769  
-28.81561942  
-7.866530157  
16.84535221  
24.78332252  
-13.75221088  
-5.302722834  
-47.04771596  
-1.250666562  
-17.1002807  
-21.62643233  
-44.28557137  
20.69096013  
-24.59259769  
-28.81561942  
-7.866530157  
16.84535221  
24.78332252  
