-67.08544416  
-12.27500722  
-100.6344836  
-49.6516363  
-42.3909205  
-68.74316075  
16.55423916  
-64.53043451  
-66.01384639  
-69.95604585  
-67.08544416  
-12.27500722  
-100.6344836  
-49.6516363  
-42.3909205  
-68.74316075  
16.55423916  
-64.53043451  
-66.01384639  
-69.95604585  
-67.08544416  
-12.27500722  
-100.6344836  
-49.6516363  
-42.3909205  
-68.74316075  
16.55423916  
-64.53043451  
-66.01384639  
-69.95604585  
-67.08544416  
-12.27500722  
-100.6344836  
-49.6516363  
-42.3909205  
-68.74316075  
16.55423916  
-64.53043451  
-66.01384639  
-69.95604585  
