-33.71883831  
-14.67091392  
11.44128392  
-18.03657446  
53.13321627  
105.3765739  
-25.53434396  
53.84815831  
29.1999372  
28.22876929  
104.9956726  
-2.696737224  
-33.71883831  
-14.67091392  
11.44128392  
-18.03657446  
53.13321627  
105.3765739  
-25.53434396  
53.84815831  
29.1999372  
28.22876929  
104.9956726  
-2.696737224  
-33.71883831  
-14.67091392  
11.44128392  
-18.03657446  
53.13321627  
105.3765739  
-25.53434396  
53.84815831  
29.1999372  
28.22876929  
104.9956726  
-2.696737224  
-33.71883831  
-14.67091392  
11.44128392  
-18.03657446  
53.13321627  
105.3765739  
-25.53434396  
53.84815831  
29.1999372  
28.22876929  
104.9956726  
-2.696737224  
