-31.27425816  
-9.707670965  
-6.258059488  
-34.70094911  
20.36811814  
-15.51890822  
-52.87126988  
-20.47018848  
32.8772566  
-43.71049245  
20.70855948  
15.24842258  
60.74931755  
-19.57754236  
-31.27425816  
-9.707670965  
-6.258059488  
-34.70094911  
20.36811814  
-15.51890822  
-52.87126988  
-20.47018848  
32.8772566  
-43.71049245  
20.70855948  
15.24842258  
60.74931755  
-19.57754236  
-31.27425816  
-9.707670965  
-6.258059488  
-34.70094911  
20.36811814  
-15.51890822  
-52.87126988  
-20.47018848  
32.8772566  
-43.71049245  
20.70855948  
15.24842258  
60.74931755  
-19.57754236  
-31.27425816  
-9.707670965  
-6.258059488  
-34.70094911  
20.36811814  
-15.51890822  
-52.87126988  
-20.47018848  
32.8772566  
-43.71049245  
20.70855948  
15.24842258  
60.74931755  
-19.57754236  
