-99.06213392  
15.36563625  
89.45661261  
62.58488289  
70.80131688  
-51.17646858  
57.30255059  
-3.376612524  
-129.2630265  
46.84910606  
0.6878800465  
-26.95716085  
-71.07195172  
-99.06213392  
15.36563625  
89.45661261  
62.58488289  
70.80131688  
-51.17646858  
57.30255059  
-3.376612524  
-129.2630265  
46.84910606  
0.6878800465  
-26.95716085  
-71.07195172  
-99.06213392  
15.36563625  
89.45661261  
62.58488289  
70.80131688  
-51.17646858  
57.30255059  
-3.376612524  
-129.2630265  
46.84910606  
0.6878800465  
-26.95716085  
-71.07195172  
-99.06213392  
15.36563625  
89.45661261  
62.58488289  
70.80131688  
-51.17646858  
57.30255059  
-3.376612524  
-129.2630265  
46.84910606  
0.6878800465  
-26.95716085  
-71.07195172  
