-40.28119927  
70.96832922  
-66.11272464  
8.945183374  
26.67034986  
22.48554033  
25.66370017  
-112.5471442  
-43.84270393  
91.30181414  
-110.5245798  
19.74215518  
28.98804603  
31.86175949  
-77.63943104  
-34.23710464  
-40.28119927  
70.96832922  
-66.11272464  
8.945183374  
26.67034986  
22.48554033  
25.66370017  
-112.5471442  
-43.84270393  
91.30181414  
-110.5245798  
19.74215518  
28.98804603  
31.86175949  
-77.63943104  
-34.23710464  
-40.28119927  
70.96832922  
-66.11272464  
8.945183374  
26.67034986  
22.48554033  
25.66370017  
-112.5471442  
-43.84270393  
91.30181414  
-110.5245798  
19.74215518  
28.98804603  
31.86175949  
-77.63943104  
-34.23710464  
-40.28119927  
70.96832922  
-66.11272464  
8.945183374  
26.67034986  
22.48554033  
25.66370017  
-112.5471442  
-43.84270393  
91.30181414  
-110.5245798  
19.74215518  
28.98804603  
31.86175949  
-77.63943104  
-34.23710464  
