27.95394395  
-30.42693811  
78.883857  
-17.71861165  
-22.78480832  
82.70899645  
-24.47887774  
-12.63514628  
22.25087456  
47.01999467  
5.569181726  
29.39646603  
-30.26697479  
9.403416177  
19.60990275  
-39.15935854  
27.95394395  
-30.42693811  
78.883857  
-17.71861165  
-22.78480832  
82.70899645  
-24.47887774  
-12.63514628  
22.25087456  
47.01999467  
5.569181726  
29.39646603  
-30.26697479  
9.403416177  
19.60990275  
-39.15935854  
27.95394395  
-30.42693811  
78.883857  
-17.71861165  
-22.78480832  
82.70899645  
-24.47887774  
-12.63514628  
22.25087456  
47.01999467  
5.569181726  
29.39646603  
-30.26697479  
9.403416177  
19.60990275  
-39.15935854  
27.95394395  
-30.42693811  
78.883857  
-17.71861165  
-22.78480832  
82.70899645  
-24.47887774  
-12.63514628  
22.25087456  
47.01999467  
5.569181726  
29.39646603  
-30.26697479  
9.403416177  
19.60990275  
-39.15935854  
