-52.52731525  
-8.271983769  
12.4447656  
-16.76622215  
70.14447343  
45.50622539  
-7.940739881  
54.71871233  
-7.652262598  
-105.0214954  
34.10044963  
19.84704222  
-68.94707906  
13.66225369  
35.09945566  
-24.8029244  
-52.52731525  
-8.271983769  
12.4447656  
-16.76622215  
70.14447343  
45.50622539  
-7.940739881  
54.71871233  
-7.652262598  
-105.0214954  
34.10044963  
19.84704222  
-68.94707906  
13.66225369  
35.09945566  
-24.8029244  
-52.52731525  
-8.271983769  
12.4447656  
-16.76622215  
70.14447343  
45.50622539  
-7.940739881  
54.71871233  
-7.652262598  
-105.0214954  
34.10044963  
19.84704222  
-68.94707906  
13.66225369  
35.09945566  
-24.8029244  
-52.52731525  
-8.271983769  
12.4447656  
-16.76622215  
70.14447343  
45.50622539  
-7.940739881  
54.71871233  
-7.652262598  
-105.0214954  
34.10044963  
19.84704222  
-68.94707906  
13.66225369  
35.09945566  
-24.8029244  
