-62.92077033  
5.06192792  
-34.1399886  
1.809885938  
0.7620574882  
12.93330326  
11.68985946  
35.40552184  
-29.38792594  
-26.06763823  
-8.494467706  
-62.92077033  
5.06192792  
-34.1399886  
1.809885938  
0.7620574882  
12.93330326  
11.68985946  
35.40552184  
-29.38792594  
-26.06763823  
-8.494467706  
-62.92077033  
5.06192792  
-34.1399886  
1.809885938  
0.7620574882  
12.93330326  
11.68985946  
35.40552184  
-29.38792594  
-26.06763823  
-8.494467706  
-62.92077033  
5.06192792  
-34.1399886  
1.809885938  
0.7620574882  
12.93330326  
11.68985946  
35.40552184  
-29.38792594  
-26.06763823  
-8.494467706  
