-24.98452039  
-6.603896268  
-89.84964894  
-16.52630039  
-106.1945721  
80.6038746  
-6.741734735  
-128.013123  
21.23747045  
-61.00351115  
-68.23514699  
-24.98452039  
-6.603896268  
-89.84964894  
-16.52630039  
-106.1945721  
80.6038746  
-6.741734735  
-128.013123  
21.23747045  
-61.00351115  
-68.23514699  
-24.98452039  
-6.603896268  
-89.84964894  
-16.52630039  
-106.1945721  
80.6038746  
-6.741734735  
-128.013123  
21.23747045  
-61.00351115  
-68.23514699  
-24.98452039  
-6.603896268  
-89.84964894  
-16.52630039  
-106.1945721  
80.6038746  
-6.741734735  
-128.013123  
21.23747045  
-61.00351115  
-68.23514699  
