-85.33561421  
-8.216740891  
-57.97911392  
-71.00134682  
42.43517929  
-39.67343073  
-11.9866976  
-28.40232359  
-23.2233575  
-19.23725697  
-22.99394015  
-18.9393509  
-27.01596874  
-82.83202937  
37.16299989  
-85.33561421  
-8.216740891  
-57.97911392  
-71.00134682  
42.43517929  
-39.67343073  
-11.9866976  
-28.40232359  
-23.2233575  
-19.23725697  
-22.99394015  
-18.9393509  
-27.01596874  
-82.83202937  
37.16299989  
-85.33561421  
-8.216740891  
-57.97911392  
-71.00134682  
42.43517929  
-39.67343073  
-11.9866976  
-28.40232359  
-23.2233575  
-19.23725697  
-22.99394015  
-18.9393509  
-27.01596874  
-82.83202937  
37.16299989  
-85.33561421  
-8.216740891  
-57.97911392  
-71.00134682  
42.43517929  
-39.67343073  
-11.9866976  
-28.40232359  
-23.2233575  
-19.23725697  
-22.99394015  
-18.9393509  
-27.01596874  
-82.83202937  
37.16299989  
