-50.17074341  
-43.93727311  
-20.63410695  
14.73483658  
25.43501887  
35.20357268  
35.70713553  
14.05301694  
-58.2829083  
-52.71328643  
32.18499381  
-50.17074341  
-43.93727311  
-20.63410695  
14.73483658  
25.43501887  
35.20357268  
35.70713553  
14.05301694  
-58.2829083  
-52.71328643  
32.18499381  
-50.17074341  
-43.93727311  
-20.63410695  
14.73483658  
25.43501887  
35.20357268  
35.70713553  
14.05301694  
-58.2829083  
-52.71328643  
32.18499381  
-50.17074341  
-43.93727311  
-20.63410695  
14.73483658  
25.43501887  
35.20357268  
35.70713553  
14.05301694  
-58.2829083  
-52.71328643  
32.18499381  
