-12.00168248  
-17.01416197  
18.73833103  
-15.40965112  
36.41368362  
-8.50020712  
80.17384031  
29.20871239  
16.54562162  
-10.21279068  
-12.00168248  
-17.01416197  
18.73833103  
-15.40965112  
36.41368362  
-8.50020712  
80.17384031  
29.20871239  
16.54562162  
-10.21279068  
-12.00168248  
-17.01416197  
18.73833103  
-15.40965112  
36.41368362  
-8.50020712  
80.17384031  
29.20871239  
16.54562162  
-10.21279068  
-12.00168248  
-17.01416197  
18.73833103  
-15.40965112  
36.41368362  
-8.50020712  
80.17384031  
29.20871239  
16.54562162  
-10.21279068  
