-1.432698306  
-1.123115259  
21.07920621  
87.3602789  
0.05637206493  
26.91175782  
74.70819048  
33.2530269  
3.502151679  
-17.30942627  
16.54138608  
21.19377364  
-1.432698306  
-1.123115259  
21.07920621  
87.3602789  
0.05637206493  
26.91175782  
74.70819048  
33.2530269  
3.502151679  
-17.30942627  
16.54138608  
21.19377364  
-1.432698306  
-1.123115259  
21.07920621  
87.3602789  
0.05637206493  
26.91175782  
74.70819048  
33.2530269  
3.502151679  
-17.30942627  
16.54138608  
21.19377364  
-1.432698306  
-1.123115259  
21.07920621  
87.3602789  
0.05637206493  
26.91175782  
74.70819048  
33.2530269  
3.502151679  
-17.30942627  
16.54138608  
21.19377364  
