-44.06442378  
-0.3230302796  
-64.34902733  
-55.271414  
-30.46410759  
-12.00640271  
-87.43884936  
-16.563374  
-38.86281626  
7.289393059  
-63.36614164  
-81.65106136  
-27.51308108  
-5.014812125  
-86.37055016  
-33.77337248  
-44.06442378  
-0.3230302796  
-64.34902733  
-55.271414  
-30.46410759  
-12.00640271  
-87.43884936  
-16.563374  
-38.86281626  
7.289393059  
-63.36614164  
-81.65106136  
-27.51308108  
-5.014812125  
-86.37055016  
-33.77337248  
-44.06442378  
-0.3230302796  
-64.34902733  
-55.271414  
-30.46410759  
-12.00640271  
-87.43884936  
-16.563374  
-38.86281626  
7.289393059  
-63.36614164  
-81.65106136  
-27.51308108  
-5.014812125  
-86.37055016  
-33.77337248  
-44.06442378  
-0.3230302796  
-64.34902733  
-55.271414  
-30.46410759  
-12.00640271  
-87.43884936  
-16.563374  
-38.86281626  
7.289393059  
-63.36614164  
-81.65106136  
-27.51308108  
-5.014812125  
-86.37055016  
-33.77337248  
