-25.6206081  
34.17490802  
45.49268224  
59.24475423  
38.70172946  
57.3133137  
16.0953693  
-43.35785675  
52.20081397  
-25.6206081  
34.17490802  
45.49268224  
59.24475423  
38.70172946  
57.3133137  
16.0953693  
-43.35785675  
52.20081397  
-25.6206081  
34.17490802  
45.49268224  
59.24475423  
38.70172946  
57.3133137  
16.0953693  
-43.35785675  
52.20081397  
-25.6206081  
34.17490802  
45.49268224  
59.24475423  
38.70172946  
57.3133137  
16.0953693  
-43.35785675  
52.20081397  
