12.35572177  
-72.77443801  
88.49375578  
126.4463645  
-23.20380474  
132.8330347  
163.793125  
7.469613873  
51.25993067  
8.213032423  
-24.03134589  
104.86252  
12.35572177  
-72.77443801  
88.49375578  
126.4463645  
-23.20380474  
132.8330347  
163.793125  
7.469613873  
51.25993067  
8.213032423  
-24.03134589  
104.86252  
12.35572177  
-72.77443801  
88.49375578  
126.4463645  
-23.20380474  
132.8330347  
163.793125  
7.469613873  
51.25993067  
8.213032423  
-24.03134589  
104.86252  
12.35572177  
-72.77443801  
88.49375578  
126.4463645  
-23.20380474  
132.8330347  
163.793125  
7.469613873  
51.25993067  
8.213032423  
-24.03134589  
104.86252  
