-54.75344706  
114.6768392  
53.56895581  
9.409110701  
65.67757214  
-53.16591101  
87.66025436  
86.97991406  
34.21466064  
47.87041005  
70.30078826  
-17.92618202  
13.27849705  
-54.75344706  
114.6768392  
53.56895581  
9.409110701  
65.67757214  
-53.16591101  
87.66025436  
86.97991406  
34.21466064  
47.87041005  
70.30078826  
-17.92618202  
13.27849705  
-54.75344706  
114.6768392  
53.56895581  
9.409110701  
65.67757214  
-53.16591101  
87.66025436  
86.97991406  
34.21466064  
47.87041005  
70.30078826  
-17.92618202  
13.27849705  
-54.75344706  
114.6768392  
53.56895581  
9.409110701  
65.67757214  
-53.16591101  
87.66025436  
86.97991406  
34.21466064  
47.87041005  
70.30078826  
-17.92618202  
13.27849705  
