-45.67689872  
-31.00159841  
-25.37131848  
-1.213960017  
60.52863812  
-79.60479548  
-9.893023363  
22.53111592  
-75.73589192  
-5.526384237  
-34.4473413  
7.093905563  
-4.642144163  
-1.217307282  
-45.67689872  
-31.00159841  
-25.37131848  
-1.213960017  
60.52863812  
-79.60479548  
-9.893023363  
22.53111592  
-75.73589192  
-5.526384237  
-34.4473413  
7.093905563  
-4.642144163  
-1.217307282  
-45.67689872  
-31.00159841  
-25.37131848  
-1.213960017  
60.52863812  
-79.60479548  
-9.893023363  
22.53111592  
-75.73589192  
-5.526384237  
-34.4473413  
7.093905563  
-4.642144163  
-1.217307282  
-45.67689872  
-31.00159841  
-25.37131848  
-1.213960017  
60.52863812  
-79.60479548  
-9.893023363  
22.53111592  
-75.73589192  
-5.526384237  
-34.4473413  
7.093905563  
-4.642144163  
-1.217307282  
