13.81098447  
-1.755777677  
-48.20219992  
47.72308299  
-19.85319275  
80.35653241  
6.764865976  
32.68125698  
149.2717696  
-17.65185657  
14.6225555  
13.81098447  
-1.755777677  
-48.20219992  
47.72308299  
-19.85319275  
80.35653241  
6.764865976  
32.68125698  
149.2717696  
-17.65185657  
14.6225555  
13.81098447  
-1.755777677  
-48.20219992  
47.72308299  
-19.85319275  
80.35653241  
6.764865976  
32.68125698  
149.2717696  
-17.65185657  
14.6225555  
13.81098447  
-1.755777677  
-48.20219992  
47.72308299  
-19.85319275  
80.35653241  
6.764865976  
32.68125698  
149.2717696  
-17.65185657  
14.6225555  
