2.595064151  
-26.67056524  
-55.84270011  
-67.64291688  
21.6153176  
77.62926259  
-99.54520348  
-1.493610574  
46.60458059  
43.15074901  
-46.20494973  
48.2040089  
-83.05945453  
12.64596328  
-15.60279009  
-78.07830173  
2.595064151  
-26.67056524  
-55.84270011  
-67.64291688  
21.6153176  
77.62926259  
-99.54520348  
-1.493610574  
46.60458059  
43.15074901  
-46.20494973  
48.2040089  
-83.05945453  
12.64596328  
-15.60279009  
-78.07830173  
2.595064151  
-26.67056524  
-55.84270011  
-67.64291688  
21.6153176  
77.62926259  
-99.54520348  
-1.493610574  
46.60458059  
43.15074901  
-46.20494973  
48.2040089  
-83.05945453  
12.64596328  
-15.60279009  
-78.07830173  
2.595064151  
-26.67056524  
-55.84270011  
-67.64291688  
21.6153176  
77.62926259  
-99.54520348  
-1.493610574  
46.60458059  
43.15074901  
-46.20494973  
48.2040089  
-83.05945453  
12.64596328  
-15.60279009  
-78.07830173  
