-17.16216754  
-15.02935237  
19.11507447  
1.78710597  
38.84753738  
-22.12832246  
37.57239446  
23.25450444  
8.586180588  
-4.598022251  
28.80077948  
-48.35176991  
-0.0618488443  
-17.16216754  
-15.02935237  
19.11507447  
1.78710597  
38.84753738  
-22.12832246  
37.57239446  
23.25450444  
8.586180588  
-4.598022251  
28.80077948  
-48.35176991  
-0.0618488443  
-17.16216754  
-15.02935237  
19.11507447  
1.78710597  
38.84753738  
-22.12832246  
37.57239446  
23.25450444  
8.586180588  
-4.598022251  
28.80077948  
-48.35176991  
-0.0618488443  
-17.16216754  
-15.02935237  
19.11507447  
1.78710597  
38.84753738  
-22.12832246  
37.57239446  
23.25450444  
8.586180588  
-4.598022251  
28.80077948  
-48.35176991  
-0.0618488443  
