-14.99369599  
-12.81752275  
15.32380598  
6.285651008  
4.663861948  
9.212646124  
-13.92259766  
2.345860301  
0.1348853406  
-14.99369599  
-12.81752275  
15.32380598  
6.285651008  
4.663861948  
9.212646124  
-13.92259766  
2.345860301  
0.1348853406  
-14.99369599  
-12.81752275  
15.32380598  
6.285651008  
4.663861948  
9.212646124  
-13.92259766  
2.345860301  
0.1348853406  
-14.99369599  
-12.81752275  
15.32380598  
6.285651008  
4.663861948  
9.212646124  
-13.92259766  
2.345860301  
0.1348853406  
