23.16101922  
79.05041796  
143.1082315  
130.7305169  
93.05722504  
70.49927308  
45.40292097  
84.2288756  
115.4310099  
15.22913634  
86.78087339  
115.5052821  
32.59187922  
144.450999  
160.2307839  
77.91832137  
78.29022899  
23.16101922  
79.05041796  
143.1082315  
130.7305169  
93.05722504  
70.49927308  
45.40292097  
84.2288756  
115.4310099  
15.22913634  
86.78087339  
115.5052821  
32.59187922  
144.450999  
160.2307839  
77.91832137  
78.29022899  
23.16101922  
79.05041796  
143.1082315  
130.7305169  
93.05722504  
70.49927308  
45.40292097  
84.2288756  
115.4310099  
15.22913634  
86.78087339  
115.5052821  
32.59187922  
144.450999  
160.2307839  
77.91832137  
78.29022899  
23.16101922  
79.05041796  
143.1082315  
130.7305169  
93.05722504  
70.49927308  
45.40292097  
84.2288756  
115.4310099  
15.22913634  
86.78087339  
115.5052821  
32.59187922  
144.450999  
160.2307839  
77.91832137  
78.29022899  
