3.694615108  
-3.744363749  
3.872321954  
21.42536086  
15.76747521  
1.419714274  
-17.96856897  
12.60167344  
5.953012314  
6.99578898  
-6.182519674  
28.02374795  
4.921791147  
-3.07891096  
3.694615108  
-3.744363749  
3.872321954  
21.42536086  
15.76747521  
1.419714274  
-17.96856897  
12.60167344  
5.953012314  
6.99578898  
-6.182519674  
28.02374795  
4.921791147  
-3.07891096  
3.694615108  
-3.744363749  
3.872321954  
21.42536086  
15.76747521  
1.419714274  
-17.96856897  
12.60167344  
5.953012314  
6.99578898  
-6.182519674  
28.02374795  
4.921791147  
-3.07891096  
3.694615108  
-3.744363749  
3.872321954  
21.42536086  
15.76747521  
1.419714274  
-17.96856897  
12.60167344  
5.953012314  
6.99578898  
-6.182519674  
28.02374795  
4.921791147  
-3.07891096  
