-118.0953614  
40.32070873  
151.5066892  
-17.91033173  
22.78087042  
-126.5737406  
34.82671841  
0.1568646149  
-23.1292642  
51.70887263  
27.56430395  
-19.89944303  
-46.03431979  
-118.0953614  
40.32070873  
151.5066892  
-17.91033173  
22.78087042  
-126.5737406  
34.82671841  
0.1568646149  
-23.1292642  
51.70887263  
27.56430395  
-19.89944303  
-46.03431979  
-118.0953614  
40.32070873  
151.5066892  
-17.91033173  
22.78087042  
-126.5737406  
34.82671841  
0.1568646149  
-23.1292642  
51.70887263  
27.56430395  
-19.89944303  
-46.03431979  
-118.0953614  
40.32070873  
151.5066892  
-17.91033173  
22.78087042  
-126.5737406  
34.82671841  
0.1568646149  
-23.1292642  
51.70887263  
27.56430395  
-19.89944303  
-46.03431979  
