10.74266237  
6.406136513  
0.9426427111  
-14.69003371  
-17.72118722  
10.95198211  
14.47194646  
-23.13136691  
-5.420356983  
-6.644736812  
9.253957668  
-16.21635549  
22.13183626  
10.74266237  
6.406136513  
0.9426427111  
-14.69003371  
-17.72118722  
10.95198211  
14.47194646  
-23.13136691  
-5.420356983  
-6.644736812  
9.253957668  
-16.21635549  
22.13183626  
10.74266237  
6.406136513  
0.9426427111  
-14.69003371  
-17.72118722  
10.95198211  
14.47194646  
-23.13136691  
-5.420356983  
-6.644736812  
9.253957668  
-16.21635549  
22.13183626  
10.74266237  
6.406136513  
0.9426427111  
-14.69003371  
-17.72118722  
10.95198211  
14.47194646  
-23.13136691  
-5.420356983  
-6.644736812  
9.253957668  
-16.21635549  
22.13183626  
