102.6908455  
57.56250041  
89.99501458  
-42.69760771  
12.34994343  
32.41540918  
31.10223618  
38.42369672  
59.71443562  
-12.1912892  
62.40231524  
41.47170438  
-36.06791025  
102.6908455  
57.56250041  
89.99501458  
-42.69760771  
12.34994343  
32.41540918  
31.10223618  
38.42369672  
59.71443562  
-12.1912892  
62.40231524  
41.47170438  
-36.06791025  
102.6908455  
57.56250041  
89.99501458  
-42.69760771  
12.34994343  
32.41540918  
31.10223618  
38.42369672  
59.71443562  
-12.1912892  
62.40231524  
41.47170438  
-36.06791025  
102.6908455  
57.56250041  
89.99501458  
-42.69760771  
12.34994343  
32.41540918  
31.10223618  
38.42369672  
59.71443562  
-12.1912892  
62.40231524  
41.47170438  
-36.06791025  
