-49.08010522  
-8.81197049  
-23.34274999  
-18.20621691  
10.60561508  
6.918840082  
-26.65291633  
3.256563226  
-54.57469358  
-72.97370103  
30.23094884  
-49.08010522  
-8.81197049  
-23.34274999  
-18.20621691  
10.60561508  
6.918840082  
-26.65291633  
3.256563226  
-54.57469358  
-72.97370103  
30.23094884  
-49.08010522  
-8.81197049  
-23.34274999  
-18.20621691  
10.60561508  
6.918840082  
-26.65291633  
3.256563226  
-54.57469358  
-72.97370103  
30.23094884  
-49.08010522  
-8.81197049  
-23.34274999  
-18.20621691  
10.60561508  
6.918840082  
-26.65291633  
3.256563226  
-54.57469358  
-72.97370103  
30.23094884  
