54.70641564  
-73.85446114  
0.9168743726  
-72.80761599  
4.923620326  
-47.1321847  
-21.87490426  
-5.060858108  
-89.49976054  
-24.5622682  
-42.91149383  
55.99742102  
54.70641564  
-73.85446114  
0.9168743726  
-72.80761599  
4.923620326  
-47.1321847  
-21.87490426  
-5.060858108  
-89.49976054  
-24.5622682  
-42.91149383  
55.99742102  
54.70641564  
-73.85446114  
0.9168743726  
-72.80761599  
4.923620326  
-47.1321847  
-21.87490426  
-5.060858108  
-89.49976054  
-24.5622682  
-42.91149383  
55.99742102  
54.70641564  
-73.85446114  
0.9168743726  
-72.80761599  
4.923620326  
-47.1321847  
-21.87490426  
-5.060858108  
-89.49976054  
-24.5622682  
-42.91149383  
55.99742102  
