-49.20155944  
73.77897205  
-30.18462558  
-33.60866039  
39.42503864  
-2.45987578  
31.86470616  
31.32748243  
-56.8484291  
9.91814298  
11.02504906  
35.99136833  
-49.20155944  
73.77897205  
-30.18462558  
-33.60866039  
39.42503864  
-2.45987578  
31.86470616  
31.32748243  
-56.8484291  
9.91814298  
11.02504906  
35.99136833  
-49.20155944  
73.77897205  
-30.18462558  
-33.60866039  
39.42503864  
-2.45987578  
31.86470616  
31.32748243  
-56.8484291  
9.91814298  
11.02504906  
35.99136833  
-49.20155944  
73.77897205  
-30.18462558  
-33.60866039  
39.42503864  
-2.45987578  
31.86470616  
31.32748243  
-56.8484291  
9.91814298  
11.02504906  
35.99136833  
