36.4000956  
43.76071085  
-17.72607651  
6.894535998  
-41.63252471  
38.84525164  
-25.20505567  
-3.444733083  
-0.5976973071  
-8.499530388  
-74.54584007  
36.4000956  
43.76071085  
-17.72607651  
6.894535998  
-41.63252471  
38.84525164  
-25.20505567  
-3.444733083  
-0.5976973071  
-8.499530388  
-74.54584007  
36.4000956  
43.76071085  
-17.72607651  
6.894535998  
-41.63252471  
38.84525164  
-25.20505567  
-3.444733083  
-0.5976973071  
-8.499530388  
-74.54584007  
36.4000956  
43.76071085  
-17.72607651  
6.894535998  
-41.63252471  
38.84525164  
-25.20505567  
-3.444733083  
-0.5976973071  
-8.499530388  
-74.54584007  
