-24.06548417  
-41.91865964  
33.59697409  
46.93104475  
13.49132689  
-35.72038949  
33.37558831  
19.31647077  
44.96299314  
24.87044612  
12.67128357  
-24.06548417  
-41.91865964  
33.59697409  
46.93104475  
13.49132689  
-35.72038949  
33.37558831  
19.31647077  
44.96299314  
24.87044612  
12.67128357  
-24.06548417  
-41.91865964  
33.59697409  
46.93104475  
13.49132689  
-35.72038949  
33.37558831  
19.31647077  
44.96299314  
24.87044612  
12.67128357  
-24.06548417  
-41.91865964  
33.59697409  
46.93104475  
13.49132689  
-35.72038949  
33.37558831  
19.31647077  
44.96299314  
24.87044612  
12.67128357  
