-42.20135793  
29.01031843  
-3.017430777  
15.07195772  
84.97556943  
-0.05032199061  
129.7780591  
33.38051744  
-38.65984663  
-8.39491285  
173.6960033  
-42.20135793  
29.01031843  
-3.017430777  
15.07195772  
84.97556943  
-0.05032199061  
129.7780591  
33.38051744  
-38.65984663  
-8.39491285  
173.6960033  
-42.20135793  
29.01031843  
-3.017430777  
15.07195772  
84.97556943  
-0.05032199061  
129.7780591  
33.38051744  
-38.65984663  
-8.39491285  
173.6960033  
-42.20135793  
29.01031843  
-3.017430777  
15.07195772  
84.97556943  
-0.05032199061  
129.7780591  
33.38051744  
-38.65984663  
-8.39491285  
173.6960033  
