-8.580587673  
-52.93842855  
7.408031576  
-9.492171493  
-14.84022585  
-37.04330467  
-7.104944267  
54.01056525  
7.843390285  
-49.0199609  
-0.5605320048  
-8.580587673  
-52.93842855  
7.408031576  
-9.492171493  
-14.84022585  
-37.04330467  
-7.104944267  
54.01056525  
7.843390285  
-49.0199609  
-0.5605320048  
-8.580587673  
-52.93842855  
7.408031576  
-9.492171493  
-14.84022585  
-37.04330467  
-7.104944267  
54.01056525  
7.843390285  
-49.0199609  
-0.5605320048  
-8.580587673  
-52.93842855  
7.408031576  
-9.492171493  
-14.84022585  
-37.04330467  
-7.104944267  
54.01056525  
7.843390285  
-49.0199609  
-0.5605320048  
