36.99684518  
-30.29465056  
-27.89077907  
-8.732013131  
-65.31022553  
-17.53107145  
-125.4287394  
18.54401446  
33.26312715  
-45.91207669  
-285.1497923  
20.96297311  
-27.3783651  
6.141922818  
-29.14945202  
19.19006559  
36.99684518  
-30.29465056  
-27.89077907  
-8.732013131  
-65.31022553  
-17.53107145  
-125.4287394  
18.54401446  
33.26312715  
-45.91207669  
-285.1497923  
20.96297311  
-27.3783651  
6.141922818  
-29.14945202  
19.19006559  
36.99684518  
-30.29465056  
-27.89077907  
-8.732013131  
-65.31022553  
-17.53107145  
-125.4287394  
18.54401446  
33.26312715  
-45.91207669  
-285.1497923  
20.96297311  
-27.3783651  
6.141922818  
-29.14945202  
19.19006559  
36.99684518  
-30.29465056  
-27.89077907  
-8.732013131  
-65.31022553  
-17.53107145  
-125.4287394  
18.54401446  
33.26312715  
-45.91207669  
-285.1497923  
20.96297311  
-27.3783651  
6.141922818  
-29.14945202  
19.19006559  
