123.4587582  
54.88262443  
102.98907  
30.74279416  
149.1121028  
195.5886059  
113.9893803  
29.08180948  
33.23164026  
-13.12987637  
-8.934432488  
123.4587582  
54.88262443  
102.98907  
30.74279416  
149.1121028  
195.5886059  
113.9893803  
29.08180948  
33.23164026  
-13.12987637  
-8.934432488  
123.4587582  
54.88262443  
102.98907  
30.74279416  
149.1121028  
195.5886059  
113.9893803  
29.08180948  
33.23164026  
-13.12987637  
-8.934432488  
123.4587582  
54.88262443  
102.98907  
30.74279416  
149.1121028  
195.5886059  
113.9893803  
29.08180948  
33.23164026  
-13.12987637  
-8.934432488  
