29.72552214  
72.02445593  
16.19293784  
28.52251503  
-13.91764909  
2.510683693  
33.89821136  
64.54206241  
38.382793  
29.72552214  
72.02445593  
16.19293784  
28.52251503  
-13.91764909  
2.510683693  
33.89821136  
64.54206241  
38.382793  
29.72552214  
72.02445593  
16.19293784  
28.52251503  
-13.91764909  
2.510683693  
33.89821136  
64.54206241  
38.382793  
29.72552214  
72.02445593  
16.19293784  
28.52251503  
-13.91764909  
2.510683693  
33.89821136  
64.54206241  
38.382793  
