-8.013787281  
-54.3677318  
8.210825247  
-8.886838379  
-32.51213051  
-22.30593538  
-14.34758175  
-18.1604337  
-42.54352427  
-8.013787281  
-54.3677318  
8.210825247  
-8.886838379  
-32.51213051  
-22.30593538  
-14.34758175  
-18.1604337  
-42.54352427  
-8.013787281  
-54.3677318  
8.210825247  
-8.886838379  
-32.51213051  
-22.30593538  
-14.34758175  
-18.1604337  
-42.54352427  
-8.013787281  
-54.3677318  
8.210825247  
-8.886838379  
-32.51213051  
-22.30593538  
-14.34758175  
-18.1604337  
-42.54352427  
