2.665294937  
5.092417867  
26.77195669  
-16.05835621  
37.70277358  
26.59952472  
10.68239194  
45.68096237  
-4.711784297  
43.93217631  
-41.39399031  
2.665294937  
5.092417867  
26.77195669  
-16.05835621  
37.70277358  
26.59952472  
10.68239194  
45.68096237  
-4.711784297  
43.93217631  
-41.39399031  
2.665294937  
5.092417867  
26.77195669  
-16.05835621  
37.70277358  
26.59952472  
10.68239194  
45.68096237  
-4.711784297  
43.93217631  
-41.39399031  
2.665294937  
5.092417867  
26.77195669  
-16.05835621  
37.70277358  
26.59952472  
10.68239194  
45.68096237  
-4.711784297  
43.93217631  
-41.39399031  
