-85.36865048  
6.254957462  
29.92856527  
34.11624068  
61.50290198  
-11.81704757  
72.16203264  
41.68601334  
35.33659708  
37.19743718  
-85.36865048  
6.254957462  
29.92856527  
34.11624068  
61.50290198  
-11.81704757  
72.16203264  
41.68601334  
35.33659708  
37.19743718  
-85.36865048  
6.254957462  
29.92856527  
34.11624068  
61.50290198  
-11.81704757  
72.16203264  
41.68601334  
35.33659708  
37.19743718  
-85.36865048  
6.254957462  
29.92856527  
34.11624068  
61.50290198  
-11.81704757  
72.16203264  
41.68601334  
35.33659708  
37.19743718  
