-11.68950758  
-43.89563091  
95.41335179  
117.6721052  
31.31364616  
-62.59195515  
24.91973479  
17.02814211  
-14.72721615  
13.34118009  
68.21270863  
-69.43757761  
193.9966352  
-36.21704846  
73.49692886  
-11.68950758  
-43.89563091  
95.41335179  
117.6721052  
31.31364616  
-62.59195515  
24.91973479  
17.02814211  
-14.72721615  
13.34118009  
68.21270863  
-69.43757761  
193.9966352  
-36.21704846  
73.49692886  
-11.68950758  
-43.89563091  
95.41335179  
117.6721052  
31.31364616  
-62.59195515  
24.91973479  
17.02814211  
-14.72721615  
13.34118009  
68.21270863  
-69.43757761  
193.9966352  
-36.21704846  
73.49692886  
-11.68950758  
-43.89563091  
95.41335179  
117.6721052  
31.31364616  
-62.59195515  
24.91973479  
17.02814211  
-14.72721615  
13.34118009  
68.21270863  
-69.43757761  
193.9966352  
-36.21704846  
73.49692886  
