-55.38556711  
-33.01115593  
-31.27777702  
24.87476711  
38.44033913  
-17.51611615  
-9.712888048  
-3.330267386  
-3.203946198  
29.95689051  
-41.23618796  
-24.40024614  
-10.18713056  
-55.38556711  
-33.01115593  
-31.27777702  
24.87476711  
38.44033913  
-17.51611615  
-9.712888048  
-3.330267386  
-3.203946198  
29.95689051  
-41.23618796  
-24.40024614  
-10.18713056  
-55.38556711  
-33.01115593  
-31.27777702  
24.87476711  
38.44033913  
-17.51611615  
-9.712888048  
-3.330267386  
-3.203946198  
29.95689051  
-41.23618796  
-24.40024614  
-10.18713056  
-55.38556711  
-33.01115593  
-31.27777702  
24.87476711  
38.44033913  
-17.51611615  
-9.712888048  
-3.330267386  
-3.203946198  
29.95689051  
-41.23618796  
-24.40024614  
-10.18713056  
