-3.393121974  
-63.77713219  
21.95179508  
-8.592498331  
-24.13201931  
0.1723785645  
25.02072632  
23.66666706  
-14.24700013  
25.30066461  
-102.57078  
-5.250235189  
22.22289463  
43.1285489  
-3.393121974  
-63.77713219  
21.95179508  
-8.592498331  
-24.13201931  
0.1723785645  
25.02072632  
23.66666706  
-14.24700013  
25.30066461  
-102.57078  
-5.250235189  
22.22289463  
43.1285489  
-3.393121974  
-63.77713219  
21.95179508  
-8.592498331  
-24.13201931  
0.1723785645  
25.02072632  
23.66666706  
-14.24700013  
25.30066461  
-102.57078  
-5.250235189  
22.22289463  
43.1285489  
-3.393121974  
-63.77713219  
21.95179508  
-8.592498331  
-24.13201931  
0.1723785645  
25.02072632  
23.66666706  
-14.24700013  
25.30066461  
-102.57078  
-5.250235189  
22.22289463  
43.1285489  
