40.10917708  
-8.467650797  
-67.30302267  
-38.65735977  
-35.00026221  
-59.17802112  
22.45630997  
18.22628042  
-27.12936235  
-33.9417196  
-72.86307045  
19.67295362  
-29.95678209  
-18.21495839  
40.10917708  
-8.467650797  
-67.30302267  
-38.65735977  
-35.00026221  
-59.17802112  
22.45630997  
18.22628042  
-27.12936235  
-33.9417196  
-72.86307045  
19.67295362  
-29.95678209  
-18.21495839  
40.10917708  
-8.467650797  
-67.30302267  
-38.65735977  
-35.00026221  
-59.17802112  
22.45630997  
18.22628042  
-27.12936235  
-33.9417196  
-72.86307045  
19.67295362  
-29.95678209  
-18.21495839  
40.10917708  
-8.467650797  
-67.30302267  
-38.65735977  
-35.00026221  
-59.17802112  
22.45630997  
18.22628042  
-27.12936235  
-33.9417196  
-72.86307045  
19.67295362  
-29.95678209  
-18.21495839  
