28.00993508  
26.87848363  
83.44815123  
23.16070551  
45.72211862  
69.13439106  
81.75290114  
35.33884107  
30.18743113  
77.54722474  
52.64666552  
115.2206669  
90.67962381  
90.79128793  
28.00993508  
26.87848363  
83.44815123  
23.16070551  
45.72211862  
69.13439106  
81.75290114  
35.33884107  
30.18743113  
77.54722474  
52.64666552  
115.2206669  
90.67962381  
90.79128793  
28.00993508  
26.87848363  
83.44815123  
23.16070551  
45.72211862  
69.13439106  
81.75290114  
35.33884107  
30.18743113  
77.54722474  
52.64666552  
115.2206669  
90.67962381  
90.79128793  
28.00993508  
26.87848363  
83.44815123  
23.16070551  
45.72211862  
69.13439106  
81.75290114  
35.33884107  
30.18743113  
77.54722474  
52.64666552  
115.2206669  
90.67962381  
90.79128793  
