-78.96381086  
-33.80420596  
-16.83037221  
-6.005013798  
-40.07605435  
-41.7795164  
51.05120227  
-75.09709812  
62.51704301  
-63.90325219  
4.498012676  
-58.92290359  
-78.96381086  
-33.80420596  
-16.83037221  
-6.005013798  
-40.07605435  
-41.7795164  
51.05120227  
-75.09709812  
62.51704301  
-63.90325219  
4.498012676  
-58.92290359  
-78.96381086  
-33.80420596  
-16.83037221  
-6.005013798  
-40.07605435  
-41.7795164  
51.05120227  
-75.09709812  
62.51704301  
-63.90325219  
4.498012676  
-58.92290359  
-78.96381086  
-33.80420596  
-16.83037221  
-6.005013798  
-40.07605435  
-41.7795164  
51.05120227  
-75.09709812  
62.51704301  
-63.90325219  
4.498012676  
-58.92290359  
