-116.3602171  
56.14753242  
33.72397332  
1.979154008  
105.7128653  
-17.49309439  
113.7541834  
69.61593966  
30.37315419  
61.20710389  
-116.3602171  
56.14753242  
33.72397332  
1.979154008  
105.7128653  
-17.49309439  
113.7541834  
69.61593966  
30.37315419  
61.20710389  
-116.3602171  
56.14753242  
33.72397332  
1.979154008  
105.7128653  
-17.49309439  
113.7541834  
69.61593966  
30.37315419  
61.20710389  
-116.3602171  
56.14753242  
33.72397332  
1.979154008  
105.7128653  
-17.49309439  
113.7541834  
69.61593966  
30.37315419  
61.20710389  
