-72.79256058  
57.97985471  
255.3481616  
28.85972691  
208.93767  
92.1350327  
3.87934661  
129.0323653  
129.2078655  
188.1718799  
44.69919165  
-72.79256058  
57.97985471  
255.3481616  
28.85972691  
208.93767  
92.1350327  
3.87934661  
129.0323653  
129.2078655  
188.1718799  
44.69919165  
-72.79256058  
57.97985471  
255.3481616  
28.85972691  
208.93767  
92.1350327  
3.87934661  
129.0323653  
129.2078655  
188.1718799  
44.69919165  
-72.79256058  
57.97985471  
255.3481616  
28.85972691  
208.93767  
92.1350327  
3.87934661  
129.0323653  
129.2078655  
188.1718799  
44.69919165  
