-18.46137079  
16.6570361  
-15.62916859  
3.551449736  
28.48301725  
-22.03648448  
-17.06942802  
4.881998324  
-22.83518022  
26.53116411  
-21.36362056  
18.81033083  
-70.69314093  
-18.46137079  
16.6570361  
-15.62916859  
3.551449736  
28.48301725  
-22.03648448  
-17.06942802  
4.881998324  
-22.83518022  
26.53116411  
-21.36362056  
18.81033083  
-70.69314093  
-18.46137079  
16.6570361  
-15.62916859  
3.551449736  
28.48301725  
-22.03648448  
-17.06942802  
4.881998324  
-22.83518022  
26.53116411  
-21.36362056  
18.81033083  
-70.69314093  
-18.46137079  
16.6570361  
-15.62916859  
3.551449736  
28.48301725  
-22.03648448  
-17.06942802  
4.881998324  
-22.83518022  
26.53116411  
-21.36362056  
18.81033083  
-70.69314093  
