13.88276623  
15.25412096  
22.81742041  
4.199523814  
-14.11594545  
132.0475805  
58.17007643  
98.80092025  
-45.84460289  
128.4286739  
14.83162526  
58.6384331  
-25.46461178  
68.61810134  
105.0398896  
14.12043277  
80.48415054  
13.88276623  
15.25412096  
22.81742041  
4.199523814  
-14.11594545  
132.0475805  
58.17007643  
98.80092025  
-45.84460289  
128.4286739  
14.83162526  
58.6384331  
-25.46461178  
68.61810134  
105.0398896  
14.12043277  
80.48415054  
13.88276623  
15.25412096  
22.81742041  
4.199523814  
-14.11594545  
132.0475805  
58.17007643  
98.80092025  
-45.84460289  
128.4286739  
14.83162526  
58.6384331  
-25.46461178  
68.61810134  
105.0398896  
14.12043277  
80.48415054  
13.88276623  
15.25412096  
22.81742041  
4.199523814  
-14.11594545  
132.0475805  
58.17007643  
98.80092025  
-45.84460289  
128.4286739  
14.83162526  
58.6384331  
-25.46461178  
68.61810134  
105.0398896  
14.12043277  
80.48415054  
