-11.4973622  
33.65311563  
40.83151005  
-30.67809273  
26.66136461  
-75.97549128  
12.1299596  
22.59582243  
-24.01198098  
44.76370715  
-1.239377244  
-42.84051169  
27.77656429  
13.23905179  
-11.4973622  
33.65311563  
40.83151005  
-30.67809273  
26.66136461  
-75.97549128  
12.1299596  
22.59582243  
-24.01198098  
44.76370715  
-1.239377244  
-42.84051169  
27.77656429  
13.23905179  
-11.4973622  
33.65311563  
40.83151005  
-30.67809273  
26.66136461  
-75.97549128  
12.1299596  
22.59582243  
-24.01198098  
44.76370715  
-1.239377244  
-42.84051169  
27.77656429  
13.23905179  
-11.4973622  
33.65311563  
40.83151005  
-30.67809273  
26.66136461  
-75.97549128  
12.1299596  
22.59582243  
-24.01198098  
44.76370715  
-1.239377244  
-42.84051169  
27.77656429  
13.23905179  
