-14.67303882  
-5.415279334  
9.459604002  
-5.387717749  
12.77702871  
43.26905624  
-27.13775623  
16.29542694  
18.78709334  
20.37860484  
-2.758148909  
14.27242427  
12.13252519  
-14.67303882  
-5.415279334  
9.459604002  
-5.387717749  
12.77702871  
43.26905624  
-27.13775623  
16.29542694  
18.78709334  
20.37860484  
-2.758148909  
14.27242427  
12.13252519  
-14.67303882  
-5.415279334  
9.459604002  
-5.387717749  
12.77702871  
43.26905624  
-27.13775623  
16.29542694  
18.78709334  
20.37860484  
-2.758148909  
14.27242427  
12.13252519  
-14.67303882  
-5.415279334  
9.459604002  
-5.387717749  
12.77702871  
43.26905624  
-27.13775623  
16.29542694  
18.78709334  
20.37860484  
-2.758148909  
14.27242427  
12.13252519  
