-96.02201642  
-6.432573893  
-6.623627428  
45.78651437  
-120.2763292  
-36.02160833  
-6.413766244  
-38.55959388  
-111.3526387  
-19.46100036  
7.435192463  
49.61816508  
-154.129454  
-96.02201642  
-6.432573893  
-6.623627428  
45.78651437  
-120.2763292  
-36.02160833  
-6.413766244  
-38.55959388  
-111.3526387  
-19.46100036  
7.435192463  
49.61816508  
-154.129454  
-96.02201642  
-6.432573893  
-6.623627428  
45.78651437  
-120.2763292  
-36.02160833  
-6.413766244  
-38.55959388  
-111.3526387  
-19.46100036  
7.435192463  
49.61816508  
-154.129454  
-96.02201642  
-6.432573893  
-6.623627428  
45.78651437  
-120.2763292  
-36.02160833  
-6.413766244  
-38.55959388  
-111.3526387  
-19.46100036  
7.435192463  
49.61816508  
-154.129454  
