28.59690191  
8.594269975  
-66.47319203  
-29.58809009  
-67.02619167  
-55.30223913  
52.71783098  
12.7556781  
-61.6902581  
-57.20851254  
-100.3665783  
50.15797948  
-59.73333111  
-22.57262251  
28.59690191  
8.594269975  
-66.47319203  
-29.58809009  
-67.02619167  
-55.30223913  
52.71783098  
12.7556781  
-61.6902581  
-57.20851254  
-100.3665783  
50.15797948  
-59.73333111  
-22.57262251  
28.59690191  
8.594269975  
-66.47319203  
-29.58809009  
-67.02619167  
-55.30223913  
52.71783098  
12.7556781  
-61.6902581  
-57.20851254  
-100.3665783  
50.15797948  
-59.73333111  
-22.57262251  
28.59690191  
8.594269975  
-66.47319203  
-29.58809009  
-67.02619167  
-55.30223913  
52.71783098  
12.7556781  
-61.6902581  
-57.20851254  
-100.3665783  
50.15797948  
-59.73333111  
-22.57262251  
