-83.60952947  
-89.75622409  
-39.53564977  
-24.40913785  
-99.55255487  
-33.87106142  
-125.6452741  
-24.02099087  
-58.2597263  
-22.0953186  
4.164855152  
-24.81682526  
63.21638356  
-83.60952947  
-89.75622409  
-39.53564977  
-24.40913785  
-99.55255487  
-33.87106142  
-125.6452741  
-24.02099087  
-58.2597263  
-22.0953186  
4.164855152  
-24.81682526  
63.21638356  
-83.60952947  
-89.75622409  
-39.53564977  
-24.40913785  
-99.55255487  
-33.87106142  
-125.6452741  
-24.02099087  
-58.2597263  
-22.0953186  
4.164855152  
-24.81682526  
63.21638356  
-83.60952947  
-89.75622409  
-39.53564977  
-24.40913785  
-99.55255487  
-33.87106142  
-125.6452741  
-24.02099087  
-58.2597263  
-22.0953186  
4.164855152  
-24.81682526  
63.21638356  
