-95.28253629  
-69.80173562  
-27.74557372  
37.54929673  
-53.20453294  
-61.87747164  
-67.51138606  
-85.40592359  
14.16993782  
-52.5452715  
-55.56840487  
-51.77436206  
16.09971945  
-95.28253629  
-69.80173562  
-27.74557372  
37.54929673  
-53.20453294  
-61.87747164  
-67.51138606  
-85.40592359  
14.16993782  
-52.5452715  
-55.56840487  
-51.77436206  
16.09971945  
-95.28253629  
-69.80173562  
-27.74557372  
37.54929673  
-53.20453294  
-61.87747164  
-67.51138606  
-85.40592359  
14.16993782  
-52.5452715  
-55.56840487  
-51.77436206  
16.09971945  
-95.28253629  
-69.80173562  
-27.74557372  
37.54929673  
-53.20453294  
-61.87747164  
-67.51138606  
-85.40592359  
14.16993782  
-52.5452715  
-55.56840487  
-51.77436206  
16.09971945  
