4.761319729  
14.77668397  
18.12060375  
20.0475461  
27.82116029  
0.6965114212  
-0.1683498411  
19.0744823  
9.322735596  
5.521180962  
-9.540726597  
-9.49241654  
7.850125879  
4.761319729  
14.77668397  
18.12060375  
20.0475461  
27.82116029  
0.6965114212  
-0.1683498411  
19.0744823  
9.322735596  
5.521180962  
-9.540726597  
-9.49241654  
7.850125879  
4.761319729  
14.77668397  
18.12060375  
20.0475461  
27.82116029  
0.6965114212  
-0.1683498411  
19.0744823  
9.322735596  
5.521180962  
-9.540726597  
-9.49241654  
7.850125879  
4.761319729  
14.77668397  
18.12060375  
20.0475461  
27.82116029  
0.6965114212  
-0.1683498411  
19.0744823  
9.322735596  
5.521180962  
-9.540726597  
-9.49241654  
7.850125879  
