-10.4683192  
11.90528783  
-12.45500387  
45.06386481  
-5.651790023  
-69.15121159  
2.314889552  
-22.86764394  
-2.396955006  
-15.19961586  
4.697258097  
-4.861525426  
1.105294836  
-66.18602224  
-20.63726125  
-10.4683192  
11.90528783  
-12.45500387  
45.06386481  
-5.651790023  
-69.15121159  
2.314889552  
-22.86764394  
-2.396955006  
-15.19961586  
4.697258097  
-4.861525426  
1.105294836  
-66.18602224  
-20.63726125  
-10.4683192  
11.90528783  
-12.45500387  
45.06386481  
-5.651790023  
-69.15121159  
2.314889552  
-22.86764394  
-2.396955006  
-15.19961586  
4.697258097  
-4.861525426  
1.105294836  
-66.18602224  
-20.63726125  
-10.4683192  
11.90528783  
-12.45500387  
45.06386481  
-5.651790023  
-69.15121159  
2.314889552  
-22.86764394  
-2.396955006  
-15.19961586  
4.697258097  
-4.861525426  
1.105294836  
-66.18602224  
-20.63726125  
