-37.6945159  
34.17267342  
-31.75264994  
-26.15853997  
-44.7509221  
-19.9790911  
126.2850774  
-26.83712859  
-29.84187877  
-20.9093249  
-66.54417683  
114.1940333  
-58.9023409  
-19.5658381  
-37.6945159  
34.17267342  
-31.75264994  
-26.15853997  
-44.7509221  
-19.9790911  
126.2850774  
-26.83712859  
-29.84187877  
-20.9093249  
-66.54417683  
114.1940333  
-58.9023409  
-19.5658381  
-37.6945159  
34.17267342  
-31.75264994  
-26.15853997  
-44.7509221  
-19.9790911  
126.2850774  
-26.83712859  
-29.84187877  
-20.9093249  
-66.54417683  
114.1940333  
-58.9023409  
-19.5658381  
-37.6945159  
34.17267342  
-31.75264994  
-26.15853997  
-44.7509221  
-19.9790911  
126.2850774  
-26.83712859  
-29.84187877  
-20.9093249  
-66.54417683  
114.1940333  
-58.9023409  
-19.5658381  
