-44.39355899  
38.9756931  
-45.78379103  
-1.134665445  
-97.6944666  
-50.63126745  
-86.10888532  
30.08104887  
-100.740161  
-58.70807  
-87.79572207  
40.94482236  
-50.25914396  
-44.39355899  
38.9756931  
-45.78379103  
-1.134665445  
-97.6944666  
-50.63126745  
-86.10888532  
30.08104887  
-100.740161  
-58.70807  
-87.79572207  
40.94482236  
-50.25914396  
-44.39355899  
38.9756931  
-45.78379103  
-1.134665445  
-97.6944666  
-50.63126745  
-86.10888532  
30.08104887  
-100.740161  
-58.70807  
-87.79572207  
40.94482236  
-50.25914396  
-44.39355899  
38.9756931  
-45.78379103  
-1.134665445  
-97.6944666  
-50.63126745  
-86.10888532  
30.08104887  
-100.740161  
-58.70807  
-87.79572207  
40.94482236  
-50.25914396  
