48.00359378  
62.72393614  
20.81068298  
18.37576641  
45.70855071  
-1.385237441  
6.719390275  
75.71628556  
11.85536402  
37.24959646  
46.46284946  
46.92206343  
12.03056887  
27.82748801  
8.237130546  
25.99515737  
48.00359378  
62.72393614  
20.81068298  
18.37576641  
45.70855071  
-1.385237441  
6.719390275  
75.71628556  
11.85536402  
37.24959646  
46.46284946  
46.92206343  
12.03056887  
27.82748801  
8.237130546  
25.99515737  
48.00359378  
62.72393614  
20.81068298  
18.37576641  
45.70855071  
-1.385237441  
6.719390275  
75.71628556  
11.85536402  
37.24959646  
46.46284946  
46.92206343  
12.03056887  
27.82748801  
8.237130546  
25.99515737  
48.00359378  
62.72393614  
20.81068298  
18.37576641  
45.70855071  
-1.385237441  
6.719390275  
75.71628556  
11.85536402  
37.24959646  
46.46284946  
46.92206343  
12.03056887  
27.82748801  
8.237130546  
25.99515737  
