-49.76663376  
7.680721837  
118.6327113  
-32.87728789  
70.02904991  
-46.09578843  
-70.06334155  
-86.66901254  
-29.40510504  
28.71050806  
89.99937963  
-58.50464326  
41.99490273  
7.320832261  
-83.05209242  
-49.76663376  
7.680721837  
118.6327113  
-32.87728789  
70.02904991  
-46.09578843  
-70.06334155  
-86.66901254  
-29.40510504  
28.71050806  
89.99937963  
-58.50464326  
41.99490273  
7.320832261  
-83.05209242  
-49.76663376  
7.680721837  
118.6327113  
-32.87728789  
70.02904991  
-46.09578843  
-70.06334155  
-86.66901254  
-29.40510504  
28.71050806  
89.99937963  
-58.50464326  
41.99490273  
7.320832261  
-83.05209242  
-49.76663376  
7.680721837  
118.6327113  
-32.87728789  
70.02904991  
-46.09578843  
-70.06334155  
-86.66901254  
-29.40510504  
28.71050806  
89.99937963  
-58.50464326  
41.99490273  
7.320832261  
-83.05209242  
