3.032727722  
-40.79352457  
-9.272488604  
34.89803494  
-3.54817983  
-5.324675545  
3.525601464  
21.14458811  
-10.35895921  
3.032727722  
-40.79352457  
-9.272488604  
34.89803494  
-3.54817983  
-5.324675545  
3.525601464  
21.14458811  
-10.35895921  
3.032727722  
-40.79352457  
-9.272488604  
34.89803494  
-3.54817983  
-5.324675545  
3.525601464  
21.14458811  
-10.35895921  
3.032727722  
-40.79352457  
-9.272488604  
34.89803494  
-3.54817983  
-5.324675545  
3.525601464  
21.14458811  
-10.35895921  
