-73.75117938  
-74.46635101  
21.1322685  
-49.26297129  
81.25471005  
-22.07529634  
58.92251341  
-80.34264007  
1.934559267  
29.54174356  
-11.61656194  
-32.24669212  
-49.21479256  
-71.02689766  
-12.82640136  
-73.75117938  
-74.46635101  
21.1322685  
-49.26297129  
81.25471005  
-22.07529634  
58.92251341  
-80.34264007  
1.934559267  
29.54174356  
-11.61656194  
-32.24669212  
-49.21479256  
-71.02689766  
-12.82640136  
-73.75117938  
-74.46635101  
21.1322685  
-49.26297129  
81.25471005  
-22.07529634  
58.92251341  
-80.34264007  
1.934559267  
29.54174356  
-11.61656194  
-32.24669212  
-49.21479256  
-71.02689766  
-12.82640136  
-73.75117938  
-74.46635101  
21.1322685  
-49.26297129  
81.25471005  
-22.07529634  
58.92251341  
-80.34264007  
1.934559267  
29.54174356  
-11.61656194  
-32.24669212  
-49.21479256  
-71.02689766  
-12.82640136  
