-21.98132322  
-44.32518293  
-2.752976597  
-67.60857878  
-42.03357352  
-0.2904214714  
-11.02168262  
-45.60581525  
2.055280758  
-67.51306193  
-29.62423565  
-9.250790159  
-61.29569474  
-36.89195232  
2.028743119  
-21.98132322  
-44.32518293  
-2.752976597  
-67.60857878  
-42.03357352  
-0.2904214714  
-11.02168262  
-45.60581525  
2.055280758  
-67.51306193  
-29.62423565  
-9.250790159  
-61.29569474  
-36.89195232  
2.028743119  
-21.98132322  
-44.32518293  
-2.752976597  
-67.60857878  
-42.03357352  
-0.2904214714  
-11.02168262  
-45.60581525  
2.055280758  
-67.51306193  
-29.62423565  
-9.250790159  
-61.29569474  
-36.89195232  
2.028743119  
-21.98132322  
-44.32518293  
-2.752976597  
-67.60857878  
-42.03357352  
-0.2904214714  
-11.02168262  
-45.60581525  
2.055280758  
-67.51306193  
-29.62423565  
-9.250790159  
-61.29569474  
-36.89195232  
2.028743119  
