-3.376900487  
12.53071845  
23.14120317  
44.50682054  
-61.15527911  
98.40540385  
73.35160617  
-11.13101014  
43.15694488  
2.661979774  
-18.12663212  
96.35513756  
44.23125367  
17.95930003  
50.74758464  
18.48046938  
92.73940541  
98.20598887  
-25.39682963  
61.80482874  
-3.376900487  
12.53071845  
23.14120317  
44.50682054  
-61.15527911  
98.40540385  
73.35160617  
-11.13101014  
43.15694488  
2.661979774  
-18.12663212  
96.35513756  
44.23125367  
17.95930003  
50.74758464  
18.48046938  
92.73940541  
98.20598887  
-25.39682963  
61.80482874  
-3.376900487  
12.53071845  
23.14120317  
44.50682054  
-61.15527911  
98.40540385  
73.35160617  
-11.13101014  
43.15694488  
2.661979774  
-18.12663212  
96.35513756  
44.23125367  
17.95930003  
50.74758464  
18.48046938  
92.73940541  
98.20598887  
-25.39682963  
61.80482874  
-3.376900487  
12.53071845  
23.14120317  
44.50682054  
-61.15527911  
98.40540385  
73.35160617  
-11.13101014  
43.15694488  
2.661979774  
-18.12663212  
96.35513756  
44.23125367  
17.95930003  
50.74758464  
18.48046938  
92.73940541  
98.20598887  
-25.39682963  
61.80482874  
