26.67797927  
-5.899421506  
-22.32753729  
0.6872306143  
-21.79645185  
33.44991302  
-61.85993583  
3.774449176  
10.51305813  
7.444606195  
-14.00666691  
-51.7215957  
-5.465243208  
12.65433741  
5.082514067  
-2.141530782  
-63.48765964  
26.67797927  
-5.899421506  
-22.32753729  
0.6872306143  
-21.79645185  
33.44991302  
-61.85993583  
3.774449176  
10.51305813  
7.444606195  
-14.00666691  
-51.7215957  
-5.465243208  
12.65433741  
5.082514067  
-2.141530782  
-63.48765964  
26.67797927  
-5.899421506  
-22.32753729  
0.6872306143  
-21.79645185  
33.44991302  
-61.85993583  
3.774449176  
10.51305813  
7.444606195  
-14.00666691  
-51.7215957  
-5.465243208  
12.65433741  
5.082514067  
-2.141530782  
-63.48765964  
26.67797927  
-5.899421506  
-22.32753729  
0.6872306143  
-21.79645185  
33.44991302  
-61.85993583  
3.774449176  
10.51305813  
7.444606195  
-14.00666691  
-51.7215957  
-5.465243208  
12.65433741  
5.082514067  
-2.141530782  
-63.48765964  
