-36.42549611  
-23.93023294  
36.32905076  
5.249110004  
-29.63828619  
-52.35012526  
16.02950717  
49.38317863  
-49.39174927  
45.74514776  
-55.6951682  
15.99955762  
19.34055211  
84.74318856  
-36.42549611  
-23.93023294  
36.32905076  
5.249110004  
-29.63828619  
-52.35012526  
16.02950717  
49.38317863  
-49.39174927  
45.74514776  
-55.6951682  
15.99955762  
19.34055211  
84.74318856  
-36.42549611  
-23.93023294  
36.32905076  
5.249110004  
-29.63828619  
-52.35012526  
16.02950717  
49.38317863  
-49.39174927  
45.74514776  
-55.6951682  
15.99955762  
19.34055211  
84.74318856  
-36.42549611  
-23.93023294  
36.32905076  
5.249110004  
-29.63828619  
-52.35012526  
16.02950717  
49.38317863  
-49.39174927  
45.74514776  
-55.6951682  
15.99955762  
19.34055211  
84.74318856  
