-36.2065418  
-6.993601746  
13.65690392  
-49.4545318  
82.79122272  
63.14104048  
-0.3171806827  
23.91361664  
34.81576298  
32.25712485  
-53.7550228  
8.958595135  
-21.01193655  
54.88237316  
9.256465445  
-36.2065418  
-6.993601746  
13.65690392  
-49.4545318  
82.79122272  
63.14104048  
-0.3171806827  
23.91361664  
34.81576298  
32.25712485  
-53.7550228  
8.958595135  
-21.01193655  
54.88237316  
9.256465445  
-36.2065418  
-6.993601746  
13.65690392  
-49.4545318  
82.79122272  
63.14104048  
-0.3171806827  
23.91361664  
34.81576298  
32.25712485  
-53.7550228  
8.958595135  
-21.01193655  
54.88237316  
9.256465445  
-36.2065418  
-6.993601746  
13.65690392  
-49.4545318  
82.79122272  
63.14104048  
-0.3171806827  
23.91361664  
34.81576298  
32.25712485  
-53.7550228  
8.958595135  
-21.01193655  
54.88237316  
9.256465445  
