177.4502989  
216.8660226  
193.8484046  
189.6381681  
27.98316553  
234.8446608  
231.3364951  
214.8410577  
127.3127799  
186.0216828  
155.8730363  
246.3973192  
109.9480853  
202.9425592  
263.8650221  
42.87519119  
189.0350492  
177.4502989  
216.8660226  
193.8484046  
189.6381681  
27.98316553  
234.8446608  
231.3364951  
214.8410577  
127.3127799  
186.0216828  
155.8730363  
246.3973192  
109.9480853  
202.9425592  
263.8650221  
42.87519119  
189.0350492  
177.4502989  
216.8660226  
193.8484046  
189.6381681  
27.98316553  
234.8446608  
231.3364951  
214.8410577  
127.3127799  
186.0216828  
155.8730363  
246.3973192  
109.9480853  
202.9425592  
263.8650221  
42.87519119  
189.0350492  
177.4502989  
216.8660226  
193.8484046  
189.6381681  
27.98316553  
234.8446608  
231.3364951  
214.8410577  
127.3127799  
186.0216828  
155.8730363  
246.3973192  
109.9480853  
202.9425592  
263.8650221  
42.87519119  
189.0350492  
