-14.56627688  
12.67563694  
-15.4255681  
10.26920795  
-19.9536289  
22.95892647  
-20.82816746  
22.29007825  
-27.45591936  
2.14883761  
32.56097931  
-30.92553981  
-23.09407191  
-6.602883588  
-5.570602346  
-16.90213475  
18.47842911  
-14.19821801  
-5.559542225  
-14.56627688  
12.67563694  
-15.4255681  
10.26920795  
-19.9536289  
22.95892647  
-20.82816746  
22.29007825  
-27.45591936  
2.14883761  
32.56097931  
-30.92553981  
-23.09407191  
-6.602883588  
-5.570602346  
-16.90213475  
18.47842911  
-14.19821801  
-5.559542225  
-14.56627688  
12.67563694  
-15.4255681  
10.26920795  
-19.9536289  
22.95892647  
-20.82816746  
22.29007825  
-27.45591936  
2.14883761  
32.56097931  
-30.92553981  
-23.09407191  
-6.602883588  
-5.570602346  
-16.90213475  
18.47842911  
-14.19821801  
-5.559542225  
-14.56627688  
12.67563694  
-15.4255681  
10.26920795  
-19.9536289  
22.95892647  
-20.82816746  
22.29007825  
-27.45591936  
2.14883761  
32.56097931  
-30.92553981  
-23.09407191  
-6.602883588  
-5.570602346  
-16.90213475  
18.47842911  
-14.19821801  
-5.559542225  
