-44.60764684  
13.70852633  
46.46364092  
22.80866999  
-52.67647144  
-8.278811953  
-57.8332087  
17.09256713  
34.05616551  
-44.60764684  
13.70852633  
46.46364092  
22.80866999  
-52.67647144  
-8.278811953  
-57.8332087  
17.09256713  
34.05616551  
-44.60764684  
13.70852633  
46.46364092  
22.80866999  
-52.67647144  
-8.278811953  
-57.8332087  
17.09256713  
34.05616551  
-44.60764684  
13.70852633  
46.46364092  
22.80866999  
-52.67647144  
-8.278811953  
-57.8332087  
17.09256713  
34.05616551  
