-19.2068617  
64.22632699  
-21.77361147  
-38.04128316  
28.02951439  
74.33087364  
-167.5373187  
7.313965071  
113.1067301  
1.99099794  
-112.4112081  
-19.2068617  
64.22632699  
-21.77361147  
-38.04128316  
28.02951439  
74.33087364  
-167.5373187  
7.313965071  
113.1067301  
1.99099794  
-112.4112081  
-19.2068617  
64.22632699  
-21.77361147  
-38.04128316  
28.02951439  
74.33087364  
-167.5373187  
7.313965071  
113.1067301  
1.99099794  
-112.4112081  
-19.2068617  
64.22632699  
-21.77361147  
-38.04128316  
28.02951439  
74.33087364  
-167.5373187  
7.313965071  
113.1067301  
1.99099794  
-112.4112081  
