-37.44042718  
-20.80915744  
29.56494681  
1.590217746  
53.59666134  
23.12114128  
85.57477867  
-51.04081954  
-2.097259965  
29.59122352  
50.99836431  
21.43439286  
-35.44990592  
-4.422216825  
25.5720086  
-37.44042718  
-20.80915744  
29.56494681  
1.590217746  
53.59666134  
23.12114128  
85.57477867  
-51.04081954  
-2.097259965  
29.59122352  
50.99836431  
21.43439286  
-35.44990592  
-4.422216825  
25.5720086  
-37.44042718  
-20.80915744  
29.56494681  
1.590217746  
53.59666134  
23.12114128  
85.57477867  
-51.04081954  
-2.097259965  
29.59122352  
50.99836431  
21.43439286  
-35.44990592  
-4.422216825  
25.5720086  
-37.44042718  
-20.80915744  
29.56494681  
1.590217746  
53.59666134  
23.12114128  
85.57477867  
-51.04081954  
-2.097259965  
29.59122352  
50.99836431  
21.43439286  
-35.44990592  
-4.422216825  
25.5720086  
