3.227272194  
-17.48853378  
20.79626832  
1.519454673  
-30.74554212  
-42.46084916  
49.25051851  
52.25300385  
1.223496529  
-2.748229747  
-31.02961739  
56.69319395  
3.227272194  
-17.48853378  
20.79626832  
1.519454673  
-30.74554212  
-42.46084916  
49.25051851  
52.25300385  
1.223496529  
-2.748229747  
-31.02961739  
56.69319395  
3.227272194  
-17.48853378  
20.79626832  
1.519454673  
-30.74554212  
-42.46084916  
49.25051851  
52.25300385  
1.223496529  
-2.748229747  
-31.02961739  
56.69319395  
3.227272194  
-17.48853378  
20.79626832  
1.519454673  
-30.74554212  
-42.46084916  
49.25051851  
52.25300385  
1.223496529  
-2.748229747  
-31.02961739  
56.69319395  
