6.694150846  
15.15127296  
9.696890781  
39.30415219  
5.300921034  
91.34024844  
39.68527047  
-46.44144892  
-4.004256369  
41.795125  
6.096020282  
24.75761575  
-24.08133407  
-7.926970283  
38.76322367  
0.8314403229  
6.694150846  
15.15127296  
9.696890781  
39.30415219  
5.300921034  
91.34024844  
39.68527047  
-46.44144892  
-4.004256369  
41.795125  
6.096020282  
24.75761575  
-24.08133407  
-7.926970283  
38.76322367  
0.8314403229  
6.694150846  
15.15127296  
9.696890781  
39.30415219  
5.300921034  
91.34024844  
39.68527047  
-46.44144892  
-4.004256369  
41.795125  
6.096020282  
24.75761575  
-24.08133407  
-7.926970283  
38.76322367  
0.8314403229  
6.694150846  
15.15127296  
9.696890781  
39.30415219  
5.300921034  
91.34024844  
39.68527047  
-46.44144892  
-4.004256369  
41.795125  
6.096020282  
24.75761575  
-24.08133407  
-7.926970283  
38.76322367  
0.8314403229  
