-22.14899668  
-28.1607751  
70.23784942  
-14.09505574  
80.86062675  
-9.205152503  
50.78197052  
76.97914836  
3.372130434  
42.97605056  
48.59541571  
-25.16268684  
36.71930249  
-22.14899668  
-28.1607751  
70.23784942  
-14.09505574  
80.86062675  
-9.205152503  
50.78197052  
76.97914836  
3.372130434  
42.97605056  
48.59541571  
-25.16268684  
36.71930249  
-22.14899668  
-28.1607751  
70.23784942  
-14.09505574  
80.86062675  
-9.205152503  
50.78197052  
76.97914836  
3.372130434  
42.97605056  
48.59541571  
-25.16268684  
36.71930249  
-22.14899668  
-28.1607751  
70.23784942  
-14.09505574  
80.86062675  
-9.205152503  
50.78197052  
76.97914836  
3.372130434  
42.97605056  
48.59541571  
-25.16268684  
36.71930249  
