75.20075161  
9.476169644  
-176.0496272  
-46.76193411  
-505.194156  
-3.206510751  
-16.97329797  
-215.5291473  
42.49824083  
-198.3265746  
35.22013349  
75.20075161  
9.476169644  
-176.0496272  
-46.76193411  
-505.194156  
-3.206510751  
-16.97329797  
-215.5291473  
42.49824083  
-198.3265746  
35.22013349  
75.20075161  
9.476169644  
-176.0496272  
-46.76193411  
-505.194156  
-3.206510751  
-16.97329797  
-215.5291473  
42.49824083  
-198.3265746  
35.22013349  
75.20075161  
9.476169644  
-176.0496272  
-46.76193411  
-505.194156  
-3.206510751  
-16.97329797  
-215.5291473  
42.49824083  
-198.3265746  
35.22013349  
