-40.36403866  
5.084089175  
-5.560666959  
-5.631489379  
-0.3103687463  
-5.485601879  
20.39397545  
-87.30836348  
15.7992676  
13.10558123  
-12.41605592  
16.8979905  
19.45096014  
-40.36403866  
5.084089175  
-5.560666959  
-5.631489379  
-0.3103687463  
-5.485601879  
20.39397545  
-87.30836348  
15.7992676  
13.10558123  
-12.41605592  
16.8979905  
19.45096014  
-40.36403866  
5.084089175  
-5.560666959  
-5.631489379  
-0.3103687463  
-5.485601879  
20.39397545  
-87.30836348  
15.7992676  
13.10558123  
-12.41605592  
16.8979905  
19.45096014  
-40.36403866  
5.084089175  
-5.560666959  
-5.631489379  
-0.3103687463  
-5.485601879  
20.39397545  
-87.30836348  
15.7992676  
13.10558123  
-12.41605592  
16.8979905  
19.45096014  
