-57.14101716  
88.41380924  
71.26662902  
31.63805254  
32.87339328  
26.01099347  
38.88864082  
8.98679363  
46.04388084  
27.81041333  
20.25470157  
64.09820939  
9.44148866  
96.70722888  
9.984056081  
-57.14101716  
88.41380924  
71.26662902  
31.63805254  
32.87339328  
26.01099347  
38.88864082  
8.98679363  
46.04388084  
27.81041333  
20.25470157  
64.09820939  
9.44148866  
96.70722888  
9.984056081  
-57.14101716  
88.41380924  
71.26662902  
31.63805254  
32.87339328  
26.01099347  
38.88864082  
8.98679363  
46.04388084  
27.81041333  
20.25470157  
64.09820939  
9.44148866  
96.70722888  
9.984056081  
-57.14101716  
88.41380924  
71.26662902  
31.63805254  
32.87339328  
26.01099347  
38.88864082  
8.98679363  
46.04388084  
27.81041333  
20.25470157  
64.09820939  
9.44148866  
96.70722888  
9.984056081  
