-36.55923653  
12.01402798  
13.32056608  
27.88356919  
-30.39193324  
-72.27128805  
46.80831883  
12.98151102  
-34.95586115  
82.78411534  
-15.77826931  
32.17989807  
-1.089647966  
20.44098444  
-36.55923653  
12.01402798  
13.32056608  
27.88356919  
-30.39193324  
-72.27128805  
46.80831883  
12.98151102  
-34.95586115  
82.78411534  
-15.77826931  
32.17989807  
-1.089647966  
20.44098444  
-36.55923653  
12.01402798  
13.32056608  
27.88356919  
-30.39193324  
-72.27128805  
46.80831883  
12.98151102  
-34.95586115  
82.78411534  
-15.77826931  
32.17989807  
-1.089647966  
20.44098444  
-36.55923653  
12.01402798  
13.32056608  
27.88356919  
-30.39193324  
-72.27128805  
46.80831883  
12.98151102  
-34.95586115  
82.78411534  
-15.77826931  
32.17989807  
-1.089647966  
20.44098444  
