-35.38261898  
47.2797491  
56.94550235  
9.683752325  
44.65469084  
62.10200363  
65.73128795  
-16.71526005  
38.00379749  
29.77761639  
24.40845416  
52.638554  
18.32255781  
-35.38261898  
47.2797491  
56.94550235  
9.683752325  
44.65469084  
62.10200363  
65.73128795  
-16.71526005  
38.00379749  
29.77761639  
24.40845416  
52.638554  
18.32255781  
-35.38261898  
47.2797491  
56.94550235  
9.683752325  
44.65469084  
62.10200363  
65.73128795  
-16.71526005  
38.00379749  
29.77761639  
24.40845416  
52.638554  
18.32255781  
-35.38261898  
47.2797491  
56.94550235  
9.683752325  
44.65469084  
62.10200363  
65.73128795  
-16.71526005  
38.00379749  
29.77761639  
24.40845416  
52.638554  
18.32255781  
