-59.08369514  
108.2545012  
171.0173363  
99.93283356  
21.96674354  
100.5360371  
129.3139642  
21.82290585  
133.3352724  
104.4778529  
79.49586066  
107.8071002  
70.90883364  
134.9962708  
52.74834172  
-59.08369514  
108.2545012  
171.0173363  
99.93283356  
21.96674354  
100.5360371  
129.3139642  
21.82290585  
133.3352724  
104.4778529  
79.49586066  
107.8071002  
70.90883364  
134.9962708  
52.74834172  
-59.08369514  
108.2545012  
171.0173363  
99.93283356  
21.96674354  
100.5360371  
129.3139642  
21.82290585  
133.3352724  
104.4778529  
79.49586066  
107.8071002  
70.90883364  
134.9962708  
52.74834172  
-59.08369514  
108.2545012  
171.0173363  
99.93283356  
21.96674354  
100.5360371  
129.3139642  
21.82290585  
133.3352724  
104.4778529  
79.49586066  
107.8071002  
70.90883364  
134.9962708  
52.74834172  
