21.92072042  
-2.194209069  
-91.92164646  
85.03522072  
-79.28554393  
-85.11708088  
-18.71696248  
24.49880243  
-15.07048903  
44.07759355  
-4.974045532  
111.0844393  
21.92072042  
-2.194209069  
-91.92164646  
85.03522072  
-79.28554393  
-85.11708088  
-18.71696248  
24.49880243  
-15.07048903  
44.07759355  
-4.974045532  
111.0844393  
21.92072042  
-2.194209069  
-91.92164646  
85.03522072  
-79.28554393  
-85.11708088  
-18.71696248  
24.49880243  
-15.07048903  
44.07759355  
-4.974045532  
111.0844393  
21.92072042  
-2.194209069  
-91.92164646  
85.03522072  
-79.28554393  
-85.11708088  
-18.71696248  
24.49880243  
-15.07048903  
44.07759355  
-4.974045532  
111.0844393  
