28.46244216  
42.26019196  
53.54372451  
33.90246131  
109.5442184  
75.94767869  
6.329521447  
-5.350184393  
30.81640835  
6.7991204  
-15.53949171  
28.46244216  
42.26019196  
53.54372451  
33.90246131  
109.5442184  
75.94767869  
6.329521447  
-5.350184393  
30.81640835  
6.7991204  
-15.53949171  
28.46244216  
42.26019196  
53.54372451  
33.90246131  
109.5442184  
75.94767869  
6.329521447  
-5.350184393  
30.81640835  
6.7991204  
-15.53949171  
28.46244216  
42.26019196  
53.54372451  
33.90246131  
109.5442184  
75.94767869  
6.329521447  
-5.350184393  
30.81640835  
6.7991204  
-15.53949171  
