-64.09571968  
-42.67703816  
-19.62987474  
37.16631353  
-53.10995396  
-25.10900279  
-71.149634  
7.50432364  
-47.66296626  
-58.33536676  
-61.15188127  
-64.09571968  
-42.67703816  
-19.62987474  
37.16631353  
-53.10995396  
-25.10900279  
-71.149634  
7.50432364  
-47.66296626  
-58.33536676  
-61.15188127  
-64.09571968  
-42.67703816  
-19.62987474  
37.16631353  
-53.10995396  
-25.10900279  
-71.149634  
7.50432364  
-47.66296626  
-58.33536676  
-61.15188127  
-64.09571968  
-42.67703816  
-19.62987474  
37.16631353  
-53.10995396  
-25.10900279  
-71.149634  
7.50432364  
-47.66296626  
-58.33536676  
-61.15188127  
