185.3379278  
85.68777516  
57.37818423  
89.04974706  
122.0691603  
122.1072557  
24.13964184  
114.5561411  
163.8747821  
81.52438021  
33.89543524  
193.0083286  
26.8606508  
79.96537431  
99.00883153  
66.09651667  
185.3379278  
85.68777516  
57.37818423  
89.04974706  
122.0691603  
122.1072557  
24.13964184  
114.5561411  
163.8747821  
81.52438021  
33.89543524  
193.0083286  
26.8606508  
79.96537431  
99.00883153  
66.09651667  
185.3379278  
85.68777516  
57.37818423  
89.04974706  
122.0691603  
122.1072557  
24.13964184  
114.5561411  
163.8747821  
81.52438021  
33.89543524  
193.0083286  
26.8606508  
79.96537431  
99.00883153  
66.09651667  
185.3379278  
85.68777516  
57.37818423  
89.04974706  
122.0691603  
122.1072557  
24.13964184  
114.5561411  
163.8747821  
81.52438021  
33.89543524  
193.0083286  
26.8606508  
79.96537431  
99.00883153  
66.09651667  
