83.58279419	21.940952300000003	6.039717197000001	-68.48857117	-67.16162109	105.95829009999999	2.47728157	-80.12293243	17.57986641	-0.5080423950999999	65.00092316	252.22599790000004	9.066542625	15.76654625	46.14070892	13.83495712	25.87173653	-29.61394882	79.83921814	77.13731384	45.77468491	-5.267170429	26.1580925	71.73943329	66.9733429	61.71129989999999	0.9083672762	-74.42887878
33.9911499	118.03068540000001	67.48212433	24.38934898	36.36071014	19.84282494	34.182567600000006	-18.18156815	-2.448224783	10.03854465	3.905216217	65.51972198	5.6617846489999994	-6.272679329	-40.76548767	-5.4226346020000005	40.13317108	45.63740158	-55.38168335	31.86201286	79.78793335	94.76867676	18.37659836	48.9343605	77.65396881	44.41767502	-13.66244507	19.54237366
-53.47174835	-31.354183199999998	11.55362797	-11.15400219	-113.2538986	-87.54593658	-21.25668335	-5.64018631	-54.28655624	-34.65291214	-20.28216553	-45.74944305	5.640798092000001	-100.0967407	-4.536271095	-29.82838631	-33.57780838	-5.126359463	-65.95748901	-12.11454582	-17.06104279	-34.64198685	19.25273132	29.01644135	-55.85964584	-90.92481232	0.5731267929	6.919981002999999
-45.71799088	-82.04263306	16.94350815	21.46108246	-63.32217407	-12.10112381	-39.9436264	-167.2873535	-5.930248737	-66.8035965	49.57563782	97.2063446	11.11510944	-54.57833099	-30.68451881	-34.55558777	41.73249817	-11.28450298	94.27118683	54.49039841	-9.551243782	70.44974518	-10.69064522	-41.99912643	-19.92925072	-39.63090897	-52.59894943	-7.3441028589999995
38.90129471	48.05225372	-10.94122982	24.82042694	57.56382370000001	1.6531097890000002	66.02579498	64.1648941	50.527175899999996	7.478773594	16.87775993	87.0609436	-16.60943604	-24.46663284	161.7147522	9.910411835	100.650032	46.33934402	-54.86107254	-47.70222473	171.904129	107.52645109999999	99.58328247	64.22950745	35.0704422	21.34172058	66.22958374	35.27725983
-24.73798561	-11.646010400000002	-43.45733261	-75.67516327	-11.20690346	39.82599258	-44.82734299	-120.1031876	6.791568756	3.595569134	-8.503222466	62.36526871	12.38190269	-73.79035187	-1.3631865980000002	33.26525879	-42.3532753	-82.73876953	-54.08061981	-7.9976248739999996	-23.84441566	-56.61870575	-6.55875206	-93.90475464	-54.35879898	4.105238438	-73.43218231	-0.6789295076999999
32.64123917	-46.10961151	-44.61414337	-44.71664429	-6.438333035	-45.28406143	-24.32621384	-32.17637634	11.20371723	36.20618057	21.00461006	101.362854	14.72801495	55.61277771	31.95113373	46.68293762	-34.34098053	81.90137482	30.04654884	-39.17851639	0.4111922085	17.58510399	-96.13140106	-71.99794769	21.55775833	7.120715617999999	-66.57728577	-57.09350586
62.50427246	138.34021	77.57845306	48.611866	-147.94018549999998	62.86405182	-23.78187943	4.776071548	-45.23709488	13.96970081	35.95217514	178.03683469999999	-16.75238991	-47.46540833	-109.93009950000001	-5.876047611000001	104.26862340000001	-1.152284503	-76.93534851	-48.89531708	36.75273514	160.3574524	82.10379028	118.574501	-118.11770630000001	-19.48287773	-30.06560707	17.99613953
-176.6150818	-82.69578552	59.49864578	13.54342937	19.21223068	-72.61047363	-34.43390274	-99.28786469	-60.65636444	-17.62561989	-32.01716232	-92.93959808	25.04146957	-48.73181915	39.12811279	23.4834404	-46.11047363	-15.54568863	68.62734985	54.66622543	10.74093819	36.33494568	-70.99424744	-92.89655304	-1.803237319	-56.71744156	-23.29146957	-53.35337448
60.99005508	37.63518143	47.57582855	23.24815369	-86.02150726	1.3700487609999998	6.175190449	9.967894553999999	-67.86165619	-85.58861542	-24.57923126	-19.1889782	-3.077071428	-82.57323456	72.55901337	1.65384984	53.0264473	16.26511574	-101.8942032	-15.09692955	-3.098472834	4.653735161	61.43690491	60.67550659	-11.69522953	37.46611023	80.22623444	59.46859741
52.73392868	110.29435729999999	63.49821091	53.42453003	-93.96218109	-58.56135178	81.12500763	54.71924591	-30.84622002	-60.72586823	-7.532319546	-32.82380676	-6.264688969	-28.81861305	-39.28932571	5.9196109770000005	16.28331757	-5.654724598	-27.51016617	16.84249878	49.22099686	90.18050385	55.47859955	101.5299301	-8.939026833	-16.97574806	37.54394531	55.82740402
159.2460632	17.42907143	139.31300349999998	30.06106949	20.29541779	15.18497467	-19.69499779	23.76784897	110.659935	102.8598862	99.73483276	214.54171749999998	35.34509659	93.42750549	78.79950714	89.45198822	41.08841705	47.63059616	62.32315826	220.1522064	74.60110474	95.72069549999999	29.78927422	18.09744072	-17.94416428	80.24069214	32.74464798	1.8847510809999999
-4.261415482	-160.3269196	-5.810792446000001	6.338434219	-49.88831329	17.87190628	-88.19071198	-154.248703	-24.68026924	3.387181282	103.7375946	153.2147522	10.55069065	0.4477413893	-39.83648682	-15.42760563	-92.91367340000001	-108.847641	48.55513382	41.43150711	-158.6713867	-115.3410034	-76.08106995	-103.43197629999999	11.7552948	-9.006649971	-97.53457642	-59.19713593
-99.40586853	-20.36637878	13.05881405	74.56746674	-27.70331573	29.09851265	-27.16466904	-91.98918915	-116.6710281	-59.45000839	22.36889267	90.93872833	1.99172163	-164.33908080000003	-78.90432739	-11.62586689	-24.81248856	15.8436451	-62.52078629	73.46748352	66.69126892	-67.35202026	-22.54660034	18.14940071	-51.58145142	-32.13548279	-1.589565039	53.33797455
-11.87062931	6.826547623	90.60715485	91.51666259999999	-51.5632782	20.80083275	-26.77253723	44.57960892	-32.27428818	-45.22538376	37.93842316	148.3387299	3.333909273	-108.86859890000001	-2.10076499	16.73921394	8.071867942999999	69.47212219	-100.58762359999999	44.39030838	-8.681353569	18.31957817	41.33443832	57.66853333	-24.0080986	4.462877273999999	-15.98695278	27.06349945
-149.4460449	-155.6164856	50.29955292	26.52025032	-35.09576035	-36.89680481	-55.87514496	-92.31913757	-32.85925674	-39.00743484	-60.09555054	24.77244377	-12.69361496	-108.3239746	-60.72553635	-50.82566071	-25.32882309	-26.0169239	53.51098251	-31.34404945	-113.55988310000001	-94.72007751	4.225804329	57.11676407	-48.00136948	-43.32000732	-35.34074402	-28.73750687
-42.46972275	-22.75792503	-17.04956818	0.6683672071	-89.84971619	-29.77601624	-51.561203000000006	-37.73803329	-95.41946411	-69.12669373	17.24122047	77.11076355	13.13762569	-209.0129852	23.32297897	29.56015778	-9.081403732	-43.17973709	-88.82558441	4.044977188	128.7753601	-13.10258102	62.56738663	58.46172714	-75.06172943	-43.62380219	-20.21400452	25.53785706
92.47563171	27.76389694	7.7499189379999995	43.32961273	45.75307083	24.75388527	38.19072723	38.65061188	37.45443344	14.54771233	35.95661926	136.135849	8.321868896	5.7339043620000005	-163.21144099999998	-36.60394669	-89.16505432	30.45551872	-55.16370010000001	-37.40063858	-119.7256088	-28.54602051	-64.85506439	-21.051000600000002	-1.72200346	26.47217369	-86.49022675	-49.87110519
-48.81062317	-54.42131424	65.97296906	117.99472050000001	-80.28663635	-4.394124985	-49.16098404	-11.72264194	-85.68909454	-12.27263546	31.354755400000002	125.54277040000001	0.5096921921	-118.42827609999999	-86.90285492	-47.50923538	18.05991936	-21.77277374	21.05057716	-66.91943359	-41.84882355	-70.14147949	-41.80095291	31.40167236	-56.09425735	-25.79402351	10.14908886	52.32261276
0.5011238456	-20.389743799999998	-23.20036316	15.13249302	-93.43313599	-15.81484318	-24.86781502	-47.94736481	-13.00571918	-56.05147552	50.3057251	128.48948670000001	10.87174988	-103.2726974	-30.8969841	-41.66338348	-46.26408386	-9.944816589	-28.24134827	38.39887238	3.633143187	99.13487244	-9.660881996	36.74626923	13.44625664	-15.36242771	1.165641665	-39.14521408
2.809177876	-65.93785858	7.954421997000001	44.72504425	-71.32904053	-8.973678589	-10.39564514	-131.5713806	-45.86603928	-19.22953606	115.8377838	237.62223819999997	9.514259337999999	-39.81904602	-40.82024002	34.45739746	16.31708717	83.63614655	-21.17273712	36.77407837	62.71712875	-70.08908844	41.90301132	107.9814453	6.854071617000001	-19.94687462	6.983344077999999	-31.53219986
-118.71579740000001	-3.7936446669999997	36.05139542	102.6789093	-56.55608368	-35.95455933	-50.00177383	-93.29682159	-29.25874138	-23.10943413	-62.7232132	23.80122375	-15.07529831	-187.25811769999999	-58.19471359	-22.47276497	38.61888504	59.75007248	-52.30263901	-65.95861053	118.84865570000001	-29.80747986	84.35494995	148.6343231	6.07096386	31.53592682	18.14943695	49.62659836
-25.60789108	-7.503838539	35.96873856	56.67863846	-38.28780746	51.35530853	-2.4980313780000003	-32.13495255	-11.81941414	-11.04770756	41.06328201	202.9759369	-8.853610039	-100.6966324	-57.14151382	-23.26816177	-57.73133469	13.68295479	-45.71913147	63.68201828	-71.29377747	12.566522599999999	13.50518799	49.72917938	15.66602135	-13.55582809	-48.30456543	32.38623047
-9.773030281	10.29872513	27.09509468	-6.698616027999999	-14.03034019	4.733886242	14.49838257	-56.24680328	-84.92066956	-44.31708145	69.0785675	151.43400569999997	-2.8393647669999997	-102.6370316	-85.30567169	-9.545681952999999	-5.953512669	71.92824554	-88.46596527	72.62927246	12.05221272	-28.39817619	57.46450043	72.7635498	-60.69099808	-26.09348869	-34.83139801	-31.31792259
-70.49260712	28.58363724	35.84361267	-45.57326508	14.67413235	9.987185477999999	48.21221161	-8.116948127999999	-48.91581726	-94.01145935	31.34273338	28.15623093	-9.779260635	-170.95124819999998	181.5943756	126.8995972	103.90065	63.40400696	-102.823349	-135.260849	-0.5470507740999999	19.41518402	21.0032196	-8.89305687	-14.21071815	-18.96743965	84.31843567	23.99432755
-73.56980133	9.768494606	-17.935812	-10.11726761	-32.99746323	-41.3975563	-45.5219574	-42.68862915	-29.33423042	21.39943314	4.635191441	104.2170868	-1.5330150130000002	-108.69645690000002	-176.2323914	-30.55459595	45.96263123	51.13079071	-5.029182911	17.86411285	13.65984821	-60.10299683	71.41236115	178.7855225	-29.65082741	-30.02294731	-4.387630463	-2.949019432
-3.510892391	43.24751282	41.90195084	6.585000515	19.46163559	7.560853957999999	36.56932831	-30.63915825	-91.70402527	-60.16725159	-2.5944395069999997	88.57196045	0.4512932301	-145.8995361	83.57025909	35.31925964	160.06449890000002	67.17501831	27.48405266	104.3061142	153.7094727	71.7559433	156.0391846	65.51014709	25.12253952	-0.9586316943000001	77.46173096	13.05173206
19.51914597	1.00845325	2.969159126	38.530029299999995	13.34225559	-4.536493301	30.07765198	43.62294769	-20.54286575	-61.74293518	23.04079247	59.80546951	-25.57550812	-222.1560974	-60.701309200000004	8.187530517999999	-26.55385399	-4.042484283	-70.47560883	20.48775291	28.51406097	48.7447319	67.27323914	68.44544983	-37.85075378	-35.52770233	3.699573278	-8.056128502
22.21139145	-27.44848824	-65.4358902	-43.82538605	-75.22679138	-79.21443939	-23.67560387	-148.6828156	-8.324719429	-44.07549286	-36.91340256	13.75436974	-6.34906292	-186.19934080000002	-130.6592712	-72.59742737	-77.00705719	-47.71997833	-14.79258919	121.8911057	5.576396942000001	12.26523018	-27.90184975	26.67833328	-52.95845032	4.070235729	-59.05347443	9.270711899
-41.80265427	-82.42615509	93.50585175	53.2872963	65.16429901	38.60274124	-8.487620354	-82.73973083	108.6475906	10.17833519	37.50308228	44.20072937	9.31370163	-114.0213699	-9.567392349	-4.417455673	49.94326401	45.96764755	116.7727203	73.32869720000001	-134.66625980000003	-91.38389587	-50.72646713	-46.43361282	38.03731537	-24.06461525	-106.8477554	-20.01647568
2.932580948	122.72817990000001	42.48847961	5.1422128680000005	-24.01334572	7.152540684	31.34687614	93.10021973	-51.72638321	-60.04715347	51.41192627	96.31762695	-18.82736588	-97.58362579	-14.25705624	-6.48465395	-28.09459496	-75.71196747	13.50785351	55.75252914	61.02757263	54.99922943	92.92636871	11.32761955	-95.98054504	-53.57271194	93.69017029	7.63254118
53.746704099999995	15.06419277	7.574687003999999	6.188616276	0.460426271	-50.9764328	11.34147549	-1.5390410419999998	-53.87683868	14.04332638	-22.54587746	9.937947272999999	6.870031357	-138.3599854	102.37848659999999	19.34387398	5.7206039429999995	-33.43733215	67.16747284	69.73734283	-21.35718346	-16.32592392	3.808804989	-69.10993958	6.239842892	-56.96282196	-67.13821411	1.574881315
-110.8118896	-75.96253967	-26.76561546	22.2103672	31.21687126	-27.49056625	-81.60758972	-144.2524414	58.28514481	29.28740501	-30.55838966	41.69212723	6.113183022	-139.4888611	-35.75416565	-46.8443985	-31.73002625	-67.10216522	23.92660141	27.38386536	-126.3302765	-43.77787781	-50.80393219	-105.6157913	-12.27427006	-30.91320419	-138.325058	-38.57032394
-5.266808033	-59.06839371	27.62645912	17.26403236	-24.45494652	14.23108959	-12.80547905	-49.96406937	-31.29659081	-72.76051331	36.31352234	66.70331573	-11.71391678	-89.54868317	93.23129272	59.17918777	79.26356506	-51.1522789	200.2863159	134.0555725	43.47397232	-65.35112	31.32312393	-8.883868217	-22.6939888	-7.513859272	53.85942841	29.06041718
56.238605500000006	25.11316681	29.4165287	-25.16760826	-35.84060287	-10.20702839	-28.23192596	-32.04553604	-18.01301575	-25.61839294	-15.58961201	35.16613388	-3.494634628	-135.3731842	11.94325447	18.02647209	88.27330017	0.8977876901999999	-101.0099182	-79.6677475	-33.14745331	-99.59632874	158.39151	141.4916382	2.169626474	25.06613541	7.518645762999999	15.5676527
-116.3455963	0.9973970056	16.17898178	10.54106331	36.24565125	-11.08814621	-22.9113102	-42.92140961	-0.3358260095	63.62749481	-5.58174324	16.05238533	-2.630180836	-163.2406006	-93.62348175	-48.28189087	-71.03186798	-42.66722107	-0.7728942037000001	92.79202271	48.69686127	-5.707802772999999	-36.68847275	-73.34825134	-42.74713135	-71.32023621	-57.55600357	-3.927930355
13.51570225	-24.19252396	33.49246979	-12.5620966	4.943833828	-8.029497147	26.34371567	11.57466698	-45.07820129	-40.3341713	22.26261139	122.08342739999999	-20.22743225	-124.95797730000001	105.30912020000001	33.65503693	5.077762127	57.57210922	73.7023468	64.45751953	34.27470016	53.39962387	50.67583084	-29.95311356	-61.62140274	-14.84158039	17.22980118	-6.117452145
-31.541217800000002	-8.282662392	39.17937088	72.33839417	-63.02959442	-27.9260788	28.41080093	-123.22560120000001	55.31056976	1.3989270930000002	52.85686111	26.54311752	21.04114723	-93.28797913	-25.10721779	65.39649200000001	-28.57124138	18.93831444	18.63966942	53.51511383	-93.17871857	-39.62239456	-9.993053436	-71.11128235	-40.28968811	23.40978432	-114.87943270000001	14.0666008
-186.3450165	-38.83776093	-41.28146362	-21.71574593	103.5730667	4.464730263	-55.96742629999999	-52.67551041	35.469451899999996	8.177656174	-28.81332016	79.42004395	14.58941936	-92.48699188	-20.29673386	10.78378963	-86.89295959	11.73098087	10.55278969	-9.002261162	-137.97050480000001	-136.1440887	-32.39358902	-145.75479130000002	-44.03626251	-42.80650711	-95.30677795	-48.82484436
23.39946747	-54.75198746	112.49036409999998	97.12992096	-2.987807512	-38.35986328	38.93302917	22.76395607	108.70471950000001	9.890889168	31.62408066	86.32342529	-9.231941223	-34.92958832	-81.18426514	-23.61169624	-0.5002382397999999	38.01699066	97.32476044	96.53709412	-69.43003845	-35.07320404	123.14343259999998	92.29286957	-10.90940666	24.14630318	-71.37133026	-36.94821167
31.21816635	25.54887962	-3.2313580510000004	-79.58052063	-65.91436005	-44.15854263	-5.6507401470000005	-29.67742348	-50.79844666	-39.85076141	16.67577744	26.75247192	12.48728275	-140.0838776	2.78937459	15.92696571	-36.79319763	-42.46453094	-28.37212181	46.10293961	20.53944969	29.119394300000003	110.95765690000002	138.3474121	35.44940948	-10.28259563	28.79136276	19.10614777
24.79704285	20.1341095	11.25491142	26.36157799	-37.28009796	-92.01234436	-53.72325516	4.5235886569999995	8.638941765	22.65336227	-28.8118	-20.255268100000002	-6.305102347999999	-126.795845	-61.71475601	-56.39156342	24.25778961	-4.367108345	-31.87563515	-3.505828142	29.11987877	19.27295303	-10.01608086	48.73325729	-29.74197388	-14.85268593	11.60444832	-49.77106857
-29.67487526	31.28151703	-81.05070496	49.56172562	5.868391514	-84.18410492	-21.52246475	-13.4488821	1.7873555419999998	-16.45288467	-77.75126648	-81.13972473	-16.4881916	-93.86853027	-149.3864288	5.334932804	-79.53740692	28.61133003	-24.518896100000003	-62.07909775	-115.95674129999999	-70.26197052	-12.28782749	62.13445663	34.66466522	-10.86731911	-13.48191357	-65.18972778
-8.125152587999999	-124.3712082	-5.989192486	-45.2678566	-41.4513092	7.175642967000001	-37.15057373	-80.97329712	-27.59073067	-113.04386140000001	26.08043098	125.4941635	17.00269699	-70.27532196	55.85491943	-42.05252838	10.79949474	-40.88717651	117.4928207	34.79083252	101.5984268	2.693417072	28.50874138	29.67605591	-16.22421074	-40.69293213	-47.39495087	-11.84148693
18.07618332	41.81885147	-15.96130848	23.24649048	-9.078190804	-34.58039474	15.78680325	26.40435219	-29.24617577	-43.6106987	-51.85871124	-59.75756454	-14.84880161	-181.0979614	68.13046265	67.03820801	64.43863678	57.11968231	-36.25147247	5.751501083	63.37007141	-49.13153458	21.92536354	17.84772301	-65.71285248	6.840922356	-30.66069031	22.94447327
-63.59273148	-23.95748901	6.922420025	-1.4492244719999998	-46.35746384	15.10125542	-24.50434113	-18.24661446	-21.67290306	4.6432561869999995	63.90717697	137.31436159999998	1.464214325	-85.42739105	-15.18650818	47.2377739	22.50055695	68.221138	64.60964203	24.53318787	-64.32733154	-33.27061081	83.78784943	18.26298714	-9.607264519	-31.19213486	-14.66302681	-65.22967529
-25.09388161	3.039066792	60.62132263	90.3489151	-2.410894394	27.03630638	-34.373027799999996	-47.40354538	6.9792480470000005	-61.92230988	14.382942199999999	-0.4335526824	-2.63683629	-160.1938324	26.75458527	64.72955322	20.82570457	50.59581757	8.097009659	-56.80281448	-23.45579147	-34.39097595	17.93722343	65.02688599	-37.281536100000004	-35.63921356	-29.72238731	-1.803183794
-91.86636353	-14.50743294	-95.24045563	-71.83278656	-3.347011805	-94.77829742	-25.27446747	-29.77177811	47.84953308	-88.79133606	-82.71424103	-50.53936768	-9.098671912999999	-178.6807861	-70.86843109	-25.97615051	-48.09410858	-23.19737244	-21.00944328	-0.2237263322	-39.53937149	-103.05855559999999	55.47974014	83.86334991	-32.2491951	-8.855768204	-86.8707962	-21.35679817
83.58279419	21.940952300000003	6.039717197000001	-68.48857117	-67.16162109	105.95829009999999	2.47728157	-80.12293243	17.57986641	-0.5080423950999999	65.00092316	252.22599790000004	9.066542625	15.76654625	46.14070892	13.83495712	25.87173653	-29.61394882	79.83921814	77.13731384	45.77468491	-5.267170429	26.1580925	71.73943329	66.9733429	61.71129989999999	0.9083672762	-74.42887878
53.99197006	-69.28051758	-65.11014557	17.8836422	15.41716385	-3.9245738980000002	-27.45619583	29.0277729	54.01626587	2.2768795490000002	9.005070686	86.44615936	-2.196572781	-59.42422867	94.70880127	-7.050870419	28.67176628	-14.33321667	5.965076923	-25.5277462	52.23268127	-35.46485519	81.07254791	-36.23534393	-14.63396931	21.83491135	42.16184235	8.227043152
-45.50225449	7.195611	21.68524933	-50.14791107	-101.1574478	-2.12510848	-28.48449135	50.35657501	-62.62873459	-28.60908699	51.50968933	97.78351593	-17.98402786	7.5621061329999995	9.081341743	25.94196701	90.82507324	-3.624613285	-2.388251543	88.09501648	-37.43125916	45.38795471	86.12539673	151.671051	-41.62855148	-38.19127274	41.16882706	-39.22909546
-2.272675991	4.94746542	80.71170044	1.927802801	-43.09165573	75.40270233	-15.42680264	-2.576201677	51.92414093	100.4769821	78.57250214	229.843811	-7.78827858	-9.280222893	-37.32276535	5.8440475460000005	61.03170013	31.12660408	140.35185239999998	58.76823425	-44.53569412	76.52375793	29.05740356	23.51119423	-8.193921089	47.190303799999995	-20.74599266	29.97362518
33.9911499	118.03068540000001	67.48212433	24.38934898	36.36071014	19.84282494	34.182567600000006	-18.18156815	-2.448224783	10.03854465	3.905216217	65.51972198	5.6617846489999994	-6.272679329	-40.76548767	-5.4226346020000005	40.13317108	45.63740158	-55.38168335	31.86201286	79.78793335	94.76867676	18.37659836	48.9343605	77.65396881	44.41767502	-13.66244507	19.54237366
125.2781754	137.5475159	44.78488159	103.54126740000001	-96.0500412	55.89352417	50.18665314	-10.27232838	-24.01499176	-7.292080402000001	-4.861256123	130.5036163	-6.467714787	-6.155979156	30.13156319	40.62589645	55.67995453	3.018679142	22.05555916	48.45194626	80.24625397	148.4171753	167.84622190000002	127.9023743	-29.98397827	23.36825562	20.69779396	-7.0409855839999995
-53.47174835	-31.354183199999998	11.55362797	-11.15400219	-113.2538986	-87.54593658	-21.25668335	-5.64018631	-54.28655624	-34.65291214	-20.28216553	-45.74944305	5.640798092000001	-100.0967407	-4.536271095	-29.82838631	-33.57780838	-5.126359463	-65.95748901	-12.11454582	-17.06104279	-34.64198685	19.25273132	29.01644135	-55.85964584	-90.92481232	0.5731267929	6.919981002999999
-45.71799088	-82.04263306	16.94350815	21.46108246	-63.32217407	-12.10112381	-39.9436264	-167.2873535	-5.930248737	-66.8035965	49.57563782	97.2063446	11.11510944	-54.57833099	-30.68451881	-34.55558777	41.73249817	-11.28450298	94.27118683	54.49039841	-9.551243782	70.44974518	-10.69064522	-41.99912643	-19.92925072	-39.63090897	-52.59894943	-7.3441028589999995
38.90129471	48.05225372	-10.94122982	24.82042694	57.56382370000001	1.6531097890000002	66.02579498	64.1648941	50.527175899999996	7.478773594	16.87775993	87.0609436	-16.60943604	-24.46663284	161.7147522	9.910411835	100.650032	46.33934402	-54.86107254	-47.70222473	171.904129	107.52645109999999	99.58328247	64.22950745	35.0704422	21.34172058	66.22958374	35.27725983
-24.73798561	-11.646010400000002	-43.45733261	-75.67516327	-11.20690346	39.82599258	-44.82734299	-120.1031876	6.791568756	3.595569134	-8.503222466	62.36526871	12.38190269	-73.79035187	-1.3631865980000002	33.26525879	-42.3532753	-82.73876953	-54.08061981	-7.9976248739999996	-23.84441566	-56.61870575	-6.55875206	-93.90475464	-54.35879898	4.105238438	-73.43218231	-0.6789295076999999
2.52752161	-68.80310059	64.81613922	3.375682831	14.99617672	-42.580642700000006	-13.28503036	-106.22052759999998	3.20050025	-8.976493835	46.18749619	52.68847656	9.908633232	2.276226044	48.29767227	-0.7051669955	-21.53416634	-31.25543785	60.06916428	128.2840424	-21.59466171	14.575866699999999	-7.06003046	-43.54812622	25.89143181	-21.87608147	-13.2946701	-69.40653229
-38.16518784	44.2501564	-47.8661499	-31.51731491	-48.79072952	44.68212509	-99.21321106	-51.11900711	33.79213715	-9.933791161	-13.27588463	20.64703369	0.4483111501	-71.84496307	-48.748054499999995	-16.48357964	-12.21162987	34.48023605	-54.22967148	40.61174774	68.55665588	-95.30020905	12.73190308	92.89286804	-27.67127991	10.260719300000002	-11.12870216	-29.06206703
56.37541962	1.951515079	3.234710455	-58.68655777	-103.91377259999999	27.08639145	72.34999847	-42.66033554	-19.215168	-53.26936722	56.63608551	275.1270752	-23.43870926	-69.57061768	-37.25577545	-12.98821354	-6.57766819	-9.930099487	-72.09564972	-91.60348511	3.227877378	99.32698822	96.41378784	72.89801788	-27.43691063	46.44109344	-29.97234535	-11.54124546
62.50427246	138.34021	77.57845306	48.611866	-147.94018549999998	62.86405182	-23.78187943	4.776071548	-45.23709488	13.96970081	35.95217514	178.03683469999999	-16.75238991	-47.46540833	-109.93009950000001	-5.876047611000001	104.26862340000001	-1.152284503	-76.93534851	-48.89531708	36.75273514	160.3574524	82.10379028	118.574501	-118.11770630000001	-19.48287773	-30.06560707	17.99613953
-98.05925751	-32.96012115	-39.02793121	-63.53945160000001	-7.501954556	-25.46006775	-65.95840454	-89.37624359	-21.92248726	54.729702	-10.896724699999998	-40.66952515	-19.52959633	-124.8675842	-38.14233017	-19.64626122	-9.194292068	-33.06852722	-34.70147705	-31.55022049	-5.938728809	33.08182526	2.776703835	-7.595879077999999	-73.32343292	9.266489029	-69.3137207	17.88031387
52.73392868	110.29435729999999	63.49821091	53.42453003	-93.96218109	-58.56135178	81.12500763	54.71924591	-30.84622002	-60.72586823	-7.532319546	-32.82380676	-6.264688969	-28.81861305	-39.28932571	5.9196109770000005	16.28331757	-5.654724598	-27.51016617	16.84249878	49.22099686	90.18050385	55.47859955	101.5299301	-8.939026833	-16.97574806	37.54394531	55.82740402
159.2460632	17.42907143	139.31300349999998	30.06106949	20.29541779	15.18497467	-19.69499779	23.76784897	110.659935	102.8598862	99.73483276	214.54171749999998	35.34509659	93.42750549	78.79950714	89.45198822	41.08841705	47.63059616	62.32315826	220.1522064	74.60110474	95.72069549999999	29.78927422	18.09744072	-17.94416428	80.24069214	32.74464798	1.8847510809999999
-4.261415482	-160.3269196	-5.810792446000001	6.338434219	-49.88831329	17.87190628	-88.19071198	-154.248703	-24.68026924	3.387181282	103.7375946	153.2147522	10.55069065	0.4477413893	-39.83648682	-15.42760563	-92.91367340000001	-108.847641	48.55513382	41.43150711	-158.6713867	-115.3410034	-76.08106995	-103.43197629999999	11.7552948	-9.006649971	-97.53457642	-59.19713593
57.35121918	29.58712387	75.95884705	27.99756241	-2.5890791419999997	4.820893764	69.89662933	66.20909119	54.42968369	4.406997204	7.061583519	45.80673218	-5.490918636	-53.08674622	-18.78168488	-0.46064898369999996	60.824855799999995	9.876785278	-84.17266846	-32.53195953	49.51196289	-3.5593714710000004	2.289174318	42.75346375	55.84512711	13.34383678	-86.22509003	10.75796509
-92.75852966	-151.98413090000003	-43.13560104	-49.21228409	-50.64874268	-40.85530472	-47.10650253	-67.72520447	-90.75752258	-38.22941208	-50.77327347	14.47241211	27.11284447	-121.7201233	-45.91254425	-46.97994614	-58.16021347	-8.18398571	-92.86813354	35.56768036	10.90329933	-145.75488280000002	-2.033936501	102.70011140000001	-25.69078255	-71.64824677	-33.66596985	-81.55799866
-7.527607917999999	-36.96505737	29.28317642	-28.75514221	-68.68481445	-5.084158421000001	-44.03314209	-116.77983859999999	-39.85919189	21.88580322	46.64730835	97.27993011	3.025555372	-6.909049034	5.325579166	21.62807274	71.71193695	-20.55092049	-58.40348053	8.62317276	8.723725319	-55.81554031	64.77757263	148.58058169999998	56.05052185	21.79880333	-64.56141663	-37.1346283
-99.40586853	-20.36637878	13.05881405	74.56746674	-27.70331573	29.09851265	-27.16466904	-91.98918915	-116.6710281	-59.45000839	22.36889267	90.93872833	1.99172163	-164.33908080000003	-78.90432739	-11.62586689	-24.81248856	15.8436451	-62.52078629	73.46748352	66.69126892	-67.35202026	-22.54660034	18.14940071	-51.58145142	-32.13548279	-1.589565039	53.33797455
3.7685074810000003	-25.62088966	-20.34468079	31.31327629	-80.7590332	-62.24513245	-96.58016968	-71.51218414	-65.18560791	-52.28964233	-16.96497726	75.12406921	7.473484516	-79.1245575	-68.20626068	-12.8241272	-78.92526245	-60.79122543	-44.93176651	-21.41226768	90.06272888	-5.36610651	26.54811859	66.28068542	10.30766296	-58.91774368	-25.54318047	41.17995071
-11.87062931	6.826547623	90.60715485	91.51666259999999	-51.5632782	20.80083275	-26.77253723	44.57960892	-32.27428818	-45.22538376	37.93842316	148.3387299	3.333909273	-108.86859890000001	-2.10076499	16.73921394	8.071867942999999	69.47212219	-100.58762359999999	44.39030838	-8.681353569	18.31957817	41.33443832	57.66853333	-24.0080986	4.462877273999999	-15.98695278	27.06349945
-149.4460449	-155.6164856	50.29955292	26.52025032	-35.09576035	-36.89680481	-55.87514496	-92.31913757	-32.85925674	-39.00743484	-60.09555054	24.77244377	-12.69361496	-108.3239746	-60.72553635	-50.82566071	-25.32882309	-26.0169239	53.51098251	-31.34404945	-113.55988310000001	-94.72007751	4.225804329	57.11676407	-48.00136948	-43.32000732	-35.34074402	-28.73750687
-42.46972275	-22.75792503	-17.04956818	0.6683672071	-89.84971619	-29.77601624	-51.561203000000006	-37.73803329	-95.41946411	-69.12669373	17.24122047	77.11076355	13.13762569	-209.0129852	23.32297897	29.56015778	-9.081403732	-43.17973709	-88.82558441	4.044977188	128.7753601	-13.10258102	62.56738663	58.46172714	-75.06172943	-43.62380219	-20.21400452	25.53785706
92.47563171	27.76389694	7.7499189379999995	43.32961273	45.75307083	24.75388527	38.19072723	38.65061188	37.45443344	14.54771233	35.95661926	136.135849	8.321868896	5.7339043620000005	-163.21144099999998	-36.60394669	-89.16505432	30.45551872	-55.16370010000001	-37.40063858	-119.7256088	-28.54602051	-64.85506439	-21.051000600000002	-1.72200346	26.47217369	-86.49022675	-49.87110519
-10.90065575	95.37049103	29.99033546	25.3578968	78.67919922	20.42370033	-6.043112278	54.38799667	106.3533249	55.08538055	77.1521759	135.1099396	-15.75328255	-48.18810272	-22.59625626	17.92123985	92.83283997	7.461894512000001	44.03754425	26.90500069	-23.53946686	-33.02281189	0.2920691669	-48.94257355	14.26660919	-10.30689335	-84.02474213	-29.02334213
-105.70957949999999	-128.66816709999998	19.14826012	-28.604599	-65.06327057	-32.11484528	-19.55172348	-62.40841675	8.385284424	-35.50601578	-2.629592419	51.55630493	-17.56249809	-135.1221313	-51.48704147	-24.22211647	-37.24731064	-14.68178368	69.18072509999999	104.33489990000001	50.45604324	-94.44789124	36.14406204	84.32235718	-34.97216034	-12.23392963	-31.42151642	4.982002735
-58.91716003	11.2650404	32.97029877	37.90396881	-31.96298599	1.8917815690000002	-36.9224472	-31.58510208	-56.90190887	-60.52228165	-7.670837402	68.00022125	-0.2610003352	-82.58969879	-69.42562103	-18.14388657	15.46840096	-2.561859369	-142.5219879	-20.90880203	14.02051544	-84.05576324	-31.35577774	40.77548218	-37.71546173	20.101795199999998	-40.71773529	4.557028294
0.5011238456	-20.389743799999998	-23.20036316	15.13249302	-93.43313599	-15.81484318	-24.86781502	-47.94736481	-13.00571918	-56.05147552	50.3057251	128.48948670000001	10.87174988	-103.2726974	-30.8969841	-41.66338348	-46.26408386	-9.944816589	-28.24134827	38.39887238	3.633143187	99.13487244	-9.660881996	36.74626923	13.44625664	-15.36242771	1.165641665	-39.14521408
-60.60024261	-91.14332581	-4.028420448	-14.24299431	-16.61552238	42.81837845	-83.38476562	-74.28424072	-61.35178375	-13.34889221	1.8608371019999999	91.19304657	14.16650963	-44.11669159	-6.634140015	-4.701402187	-114.3107986	-56.98184967	70.12049103	16.87653923	63.90587616	-37.217529299999995	8.301841736	-8.869271278	20.44289207	-5.254051208	-35.22636795	-39.60754013
86.86617279	-34.4078064	-16.80794525	-7.180950165	-24.00298691	-36.85818481	-11.93685818	10.58387661	13.27479267	-43.05430222	-30.03106308	-68.90293121	25.31293869	-46.06177902	-71.47767639	16.25420952	15.97897911	57.17307663	-48.16565323	-1.85439384	57.6192131	11.23065567	62.662246700000004	113.5980072	-67.07305908	54.43970871	-1.069877386	-1.191247702
-25.60789108	-7.503838539	35.96873856	56.67863846	-38.28780746	51.35530853	-2.4980313780000003	-32.13495255	-11.81941414	-11.04770756	41.06328201	202.9759369	-8.853610039	-100.6966324	-57.14151382	-23.26816177	-57.73133469	13.68295479	-45.71913147	63.68201828	-71.29377747	12.566522599999999	13.50518799	49.72917938	15.66602135	-13.55582809	-48.30456543	32.38623047
-9.773030281	10.29872513	27.09509468	-6.698616027999999	-14.03034019	4.733886242	14.49838257	-56.24680328	-84.92066956	-44.31708145	69.0785675	151.43400569999997	-2.8393647669999997	-102.6370316	-85.30567169	-9.545681952999999	-5.953512669	71.92824554	-88.46596527	72.62927246	12.05221272	-28.39817619	57.46450043	72.7635498	-60.69099808	-26.09348869	-34.83139801	-31.31792259
-70.49260712	28.58363724	35.84361267	-45.57326508	14.67413235	9.987185477999999	48.21221161	-8.116948127999999	-48.91581726	-94.01145935	31.34273338	28.15623093	-9.779260635	-170.95124819999998	181.5943756	126.8995972	103.90065	63.40400696	-102.823349	-135.260849	-0.5470507740999999	19.41518402	21.0032196	-8.89305687	-14.21071815	-18.96743965	84.31843567	23.99432755
-3.871103764	-68.9562149	53.42709351	79.32801819	-21.93769264	-34.68383026	-51.24787903	-120.3223801	23.53237534	26.38441086	-33.58218384	118.7173767	-6.989378452	-82.48296356	-52.62327194	-36.9058876	-0.76195544	-39.16311264	178.533493	191.1934662	0.4599713385	-37.26827621	48.06090546	70.37442017	-48.85874176	-37.92608643	-49.74449158	37.69306564
-88.4515686	-21.61751747	2.992537975	17.93170166	-69.5355835	-50.79917145	-67.56467438	1.125555396	-32.06428909	-36.29808807	-53.12040329	15.67266369	-36.10243607	-168.459549	-22.65552711	-17.81859589	-63.69904327	11.41198254	-56.52137375	4.406617165	-80.60529327	-35.76387405	14.84350491	31.98245239	42.53346252	-9.50895977	-8.20706749	7.4603385929999995
-128.5995789	-71.07823944	32.18421555	-15.38046455	40.00341415	-27.30608749	-31.81137085	-105.5316544	21.40797997	21.17152786	-66.26963043	39.88441467	16.28837585	-222.1209564	-64.99229431	-40.36764526	-71.67412567	-47.83300781	98.15374756	29.204994199999998	-126.6129456	-113.64487460000001	-31.77176857	-74.68299103	-14.33656025	-89.62850952	-55.45793152	-10.99559116
-73.56980133	9.768494606	-17.935812	-10.11726761	-32.99746323	-41.3975563	-45.5219574	-42.68862915	-29.33423042	21.39943314	4.635191441	104.2170868	-1.5330150130000002	-108.69645690000002	-176.2323914	-30.55459595	45.96263123	51.13079071	-5.029182911	17.86411285	13.65984821	-60.10299683	71.41236115	178.7855225	-29.65082741	-30.02294731	-4.387630463	-2.949019432
-53.61597443	-17.32957649	-24.65110397	-41.16718674	30.785326	-65.17954254	-12.43773174	-75.11428070000001	60.95204926	-29.52469444	-52.67606354	-29.93540382	12.22078609	-252.722229	-8.764027596	-18.10681534	-28.65635872	-17.3434391	-5.274391174	63.5060463	-33.70684433	-31.70449257	-67.25740814	-63.94350052	5.655124664	-17.78142929	-35.22545624	15.14796352
-3.510892391	43.24751282	41.90195084	6.585000515	19.46163559	7.560853957999999	36.56932831	-30.63915825	-91.70402527	-60.16725159	-2.5944395069999997	88.57196045	0.4512932301	-145.8995361	83.57025909	35.31925964	160.06449890000002	67.17501831	27.48405266	104.3061142	153.7094727	71.7559433	156.0391846	65.51014709	25.12253952	-0.9586316943000001	77.46173096	13.05173206
19.51914597	1.00845325	2.969159126	38.530029299999995	13.34225559	-4.536493301	30.07765198	43.62294769	-20.54286575	-61.74293518	23.04079247	59.80546951	-25.57550812	-222.1560974	-60.701309200000004	8.187530517999999	-26.55385399	-4.042484283	-70.47560883	20.48775291	28.51406097	48.7447319	67.27323914	68.44544983	-37.85075378	-35.52770233	3.699573278	-8.056128502
22.21139145	-27.44848824	-65.4358902	-43.82538605	-75.22679138	-79.21443939	-23.67560387	-148.6828156	-8.324719429	-44.07549286	-36.91340256	13.75436974	-6.34906292	-186.19934080000002	-130.6592712	-72.59742737	-77.00705719	-47.71997833	-14.79258919	121.8911057	5.576396942000001	12.26523018	-27.90184975	26.67833328	-52.95845032	4.070235729	-59.05347443	9.270711899
-41.80265427	-82.42615509	93.50585175	53.2872963	65.16429901	38.60274124	-8.487620354	-82.73973083	108.6475906	10.17833519	37.50308228	44.20072937	9.31370163	-114.0213699	-9.567392349	-4.417455673	49.94326401	45.96764755	116.7727203	73.32869720000001	-134.66625980000003	-91.38389587	-50.72646713	-46.43361282	38.03731537	-24.06461525	-106.8477554	-20.01647568
-37.89957047	-8.154841422999999	-4.972304343999999	-17.63862801	-21.41618538	2.3269140719999997	-22.22417068	-74.77909088	-92.63379669	13.29130554	-15.87206554	31.40239525	7.5799541470000005	-123.90916440000001	-73.84624481	-49.6011734	45.98661423	20.92722321	41.05812454	75.29934692	10.23403358	-194.61293030000002	27.30430794	101.8272858	27.825712199999998	2.10738945	-8.82051754	-12.68307209
-6.635906219	-70.38207245	21.21330261	30.05843163	-2.341064692	-27.32217979	-1.560058475	-28.30521011	-15.88392544	12.94822216	25.36942482	87.07416534	-16.36457825	-168.0185394	82.81216431	16.51152611	-30.21959114	-47.68456268	40.189785	79.02817535	-36.88802719	24.41788483	-14.25514221	-92.17773438	-65.52171326	-59.46285629	35.97665787	59.13309479
-86.62398529	68.64086914	-6.869313717000001	48.99114609	33.74808502	-65.8968811	-29.92861938	-45.06277847	67.86045074	21.18411064	-43.84223938	33.81372452	12.69239044	-129.7630615	-1.1296991109999999	23.229131699999996	17.60087395	44.94510269	18.70897293	3.375914574	20.91127586	80.64812469	13.15465164	-20.88239288	10.03046131	-19.55051422	-24.53751755	15.71104717
53.746704099999995	15.06419277	7.574687003999999	6.188616276	0.460426271	-50.9764328	11.34147549	-1.5390410419999998	-53.87683868	14.04332638	-22.54587746	9.937947272999999	6.870031357	-138.3599854	102.37848659999999	19.34387398	5.7206039429999995	-33.43733215	67.16747284	69.73734283	-21.35718346	-16.32592392	3.808804989	-69.10993958	6.239842892	-56.96282196	-67.13821411	1.574881315
-17.62793541	66.77618408	12.00814247	5.87479353	-35.57769775	-84.01194	12.7296524	-27.49906158	59.28156662	-99.47257233	-19.36631203	-81.64946747	-15.46613407	-190.06483459999998	24.99416924	28.41221237	6.972407341	63.26054001	-40.11027527	5.434416771	114.15166470000001	-35.12432861	110.7537537	187.3575745	5.805042744	10.80134487	70.46873474	29.20468712
-49.90581512	44.82001114	101.8161011	79.75686646	-1.3744078869999998	-25.96510315	-53.26032257	40.80898666	43.10912323	-48.40740204	25.52853394	104.4401169	-6.29438591	-97.41829681	-175.47734069999998	-78.95526886	8.419084548999999	66.47019958	28.14556503	80.51371002	-23.25781059	35.66732025	24.93782425	142.07192990000001	26.89953041	6.463888645	-23.2665596	-47.58181381
56.238605500000006	25.11316681	29.4165287	-25.16760826	-35.84060287	-10.20702839	-28.23192596	-32.04553604	-18.01301575	-25.61839294	-15.58961201	35.16613388	-3.494634628	-135.3731842	11.94325447	18.02647209	88.27330017	0.8977876901999999	-101.0099182	-79.6677475	-33.14745331	-99.59632874	158.39151	141.4916382	2.169626474	25.06613541	7.518645762999999	15.5676527
-116.3455963	0.9973970056	16.17898178	10.54106331	36.24565125	-11.08814621	-22.9113102	-42.92140961	-0.3358260095	63.62749481	-5.58174324	16.05238533	-2.630180836	-163.2406006	-93.62348175	-48.28189087	-71.03186798	-42.66722107	-0.7728942037000001	92.79202271	48.69686127	-5.707802772999999	-36.68847275	-73.34825134	-42.74713135	-71.32023621	-57.55600357	-3.927930355
13.51570225	-24.19252396	33.49246979	-12.5620966	4.943833828	-8.029497147	26.34371567	11.57466698	-45.07820129	-40.3341713	22.26261139	122.08342739999999	-20.22743225	-124.95797730000001	105.30912020000001	33.65503693	5.077762127	57.57210922	73.7023468	64.45751953	34.27470016	53.39962387	50.67583084	-29.95311356	-61.62140274	-14.84158039	17.22980118	-6.117452145
10.81715679	-24.14002991	11.87616253	87.61754608	34.40277863	-57.84791946	-11.74061584	25.82834053	4.125657558	17.119989399999998	-111.49064640000002	-51.55639267	-3.2209906580000003	-27.89197159	-28.58299637	24.64474297	51.54467392	-16.66355324	112.09725949999999	5.117016792	8.512875557000001	-56.15784073	-2.955585241	-35.91085815	-9.295248985	-21.52763557	-84.6081543	-8.217182159
45.94788361	-12.80274487	-55.03730392	43.7389946	9.605200768	-18.92362213	-43.22790146	-60.86906815	19.42971611	31.8936367	17.98174667	78.44637299	-16.53087425	-109.03383640000001	-90.81900024	37.82675552	9.559821129	-13.96654797	32.81400299	54.51071548	101.81869509999999	50.83266449	-9.182858467	0.21277123690000002	5.037043571	83.18678284	-21.43549919	0.7219408154000001
-40.07344437	-21.96511841	-23.072387699999997	-9.887970924	-40.80938339	-28.70377731	-69.25241852	-37.60689163	-42.40112305	-31.23335075	24.36841965	66.41162872	-13.68583393	-135.6480865	-6.910369873	-24.96364021	-23.19873619	-30.803441999999997	55.09780121	76.28551483	-120.07340239999999	-24.647295	8.482599257999999	-8.250089645	-41.46887207	-28.24375534	-88.63561249	12.88942814
-31.541217800000002	-8.282662392	39.17937088	72.33839417	-63.02959442	-27.9260788	28.41080093	-123.22560120000001	55.31056976	1.3989270930000002	52.85686111	26.54311752	21.04114723	-93.28797913	-25.10721779	65.39649200000001	-28.57124138	18.93831444	18.63966942	53.51511383	-93.17871857	-39.62239456	-9.993053436	-71.11128235	-40.28968811	23.40978432	-114.87943270000001	14.0666008
-52.2670517	6.31922102	-208.28488159999998	-4.012068748	-14.26462841	-49.98755264	23.63726807	-59.6700058	-50.92426682	-85.90670013	-70.39968872	-13.60228634	-0.4666126966	-151.3039398	-113.86322779999999	-37.53396225	-60.23265839	-42.11699677	-15.37565517	-48.81175613	-37.49902344	-23.46600342	-61.71437836	51.65883636	11.21412659	-108.69269560000001	-137.5488892	15.51143074
-186.3450165	-38.83776093	-41.28146362	-21.71574593	103.5730667	4.464730263	-55.96742629999999	-52.67551041	35.469451899999996	8.177656174	-28.81332016	79.42004395	14.58941936	-92.48699188	-20.29673386	10.78378963	-86.89295959	11.73098087	10.55278969	-9.002261162	-137.97050480000001	-136.1440887	-32.39358902	-145.75479130000002	-44.03626251	-42.80650711	-95.30677795	-48.82484436
23.39946747	-54.75198746	112.49036409999998	97.12992096	-2.987807512	-38.35986328	38.93302917	22.76395607	108.70471950000001	9.890889168	31.62408066	86.32342529	-9.231941223	-34.92958832	-81.18426514	-23.61169624	-0.5002382397999999	38.01699066	97.32476044	96.53709412	-69.43003845	-35.07320404	123.14343259999998	92.29286957	-10.90940666	24.14630318	-71.37133026	-36.94821167
31.21816635	25.54887962	-3.2313580510000004	-79.58052063	-65.91436005	-44.15854263	-5.6507401470000005	-29.67742348	-50.79844666	-39.85076141	16.67577744	26.75247192	12.48728275	-140.0838776	2.78937459	15.92696571	-36.79319763	-42.46453094	-28.37212181	46.10293961	20.53944969	29.119394300000003	110.95765690000002	138.3474121	35.44940948	-10.28259563	28.79136276	19.10614777
24.79704285	20.1341095	11.25491142	26.36157799	-37.28009796	-92.01234436	-53.72325516	4.5235886569999995	8.638941765	22.65336227	-28.8118	-20.255268100000002	-6.305102347999999	-126.795845	-61.71475601	-56.39156342	24.25778961	-4.367108345	-31.87563515	-3.505828142	29.11987877	19.27295303	-10.01608086	48.73325729	-29.74197388	-14.85268593	11.60444832	-49.77106857
-87.57086945	-27.57916832	-100.6560745	-8.908834457000001	-52.24072647	-74.52549744	-105.1743622	-39.41456604	40.06509018	-19.27936363	-65.98402405	-91.88859558	-11.59510612	-94.94808197	-165.5221405	-39.67089081	-45.77146912	-11.613202099999999	127.8480606	111.6021957	-167.8245087	-55.1219101	-52.47348404	-20.17549896	-30.86692429	-65.49417114	-147.3321075	-19.47675896
-14.394013399999999	-75.13921356	-12.73523426	-6.845615864	131.7223663	185.5177307	56.16327286	20.04204559	-60.02175522	-22.64564133	199.1102448	350.9956665	-3.0622973439999996	-147.50160219999998	119.32287600000001	71.15729523	79.25614929	55.62484741	-145.21057130000003	-42.94610977	5.206974983	8.936555862	180.5304108	15.22229099	-69.26068878	17.43005371	61.44305801	-0.5807653666
69.47863007	114.20629879999998	-18.49629021	29.71987534	137.81811519999997	135.3720551	79.72629547	6.687107563	9.297328949	-35.41374207	109.0889587	202.10900880000003	13.27523232	-68.22640228	9.630497932	48.81009293	3.846946001	22.95864105	-124.1179504	-33.24430084	15.95623684	-14.32747364	82.47496033	23.98496437	-18.60175133	24.41773415	45.36009216	10.15633583
-8.125152587999999	-124.3712082	-5.989192486	-45.2678566	-41.4513092	7.175642967000001	-37.15057373	-80.97329712	-27.59073067	-113.04386140000001	26.08043098	125.4941635	17.00269699	-70.27532196	55.85491943	-42.05252838	10.79949474	-40.88717651	117.4928207	34.79083252	101.5984268	2.693417072	28.50874138	29.67605591	-16.22421074	-40.69293213	-47.39495087	-11.84148693
-22.34146309	-28.78969193	-33.93561935	-33.29582214	6.124762535	24.92785072	19.8257103	-98.40892792	101.77448270000001	66.22057343	71.13037109	266.0030212	5.253609657	-78.41239166	-116.17328640000001	-39.82962036	-47.72970963	32.89941788	56.39371109	34.38474274	-78.40694427	-0.22451356050000001	-46.45830536	0.5809935927000001	18.49322701	-8.599057197999999	-96.36039734	-26.14108086
-19.27966309	24.89124298	-74.27294922	5.53570509	96.79647827	33.92232513	3.9079542160000003	-5.311734676	9.349510192999999	-35.23661423	20.45851135	91.60018921	15.92536736	-32.09751129	-38.77508545	-22.26305199	-0.9566001296	47.67259216	-50.27297211	47.68355942	-42.36345673	-14.37768841	20.29162598	45.94747162	-15.03149509	23.31416702	-36.26943588	17.53887939
-25.09388161	3.039066792	60.62132263	90.3489151	-2.410894394	27.03630638	-34.373027799999996	-47.40354538	6.9792480470000005	-61.92230988	14.382942199999999	-0.4335526824	-2.63683629	-160.1938324	26.75458527	64.72955322	20.82570457	50.59581757	8.097009659	-56.80281448	-23.45579147	-34.39097595	17.93722343	65.02688599	-37.281536100000004	-35.63921356	-29.72238731	-1.803183794
-91.86636353	-14.50743294	-95.24045563	-71.83278656	-3.347011805	-94.77829742	-25.27446747	-29.77177811	47.84953308	-88.79133606	-82.71424103	-50.53936768	-9.098671912999999	-178.6807861	-70.86843109	-25.97615051	-48.09410858	-23.19737244	-21.00944328	-0.2237263322	-39.53937149	-103.05855559999999	55.47974014	83.86334991	-32.2491951	-8.855768204	-86.8707962	-21.35679817
83.58279419	21.940952300000003	6.039717197000001	-68.48857117	-67.16162109	105.95829009999999	2.47728157	-80.12293243	17.57986641	-0.5080423950999999	65.00092316	252.22599790000004	9.066542625	15.76654625	46.14070892	13.83495712	25.87173653	-29.61394882	79.83921814	77.13731384	45.77468491	-5.267170429	26.1580925	71.73943329	66.9733429	61.71129989999999	0.9083672762	-74.42887878
-45.71799088	-82.04263306	16.94350815	21.46108246	-63.32217407	-12.10112381	-39.9436264	-167.2873535	-5.930248737	-66.8035965	49.57563782	97.2063446	11.11510944	-54.57833099	-30.68451881	-34.55558777	41.73249817	-11.28450298	94.27118683	54.49039841	-9.551243782	70.44974518	-10.69064522	-41.99912643	-19.92925072	-39.63090897	-52.59894943	-7.3441028589999995
38.90129471	48.05225372	-10.94122982	24.82042694	57.56382370000001	1.6531097890000002	66.02579498	64.1648941	50.527175899999996	7.478773594	16.87775993	87.0609436	-16.60943604	-24.46663284	161.7147522	9.910411835	100.650032	46.33934402	-54.86107254	-47.70222473	171.904129	107.52645109999999	99.58328247	64.22950745	35.0704422	21.34172058	66.22958374	35.27725983
32.64123917	-46.10961151	-44.61414337	-44.71664429	-6.438333035	-45.28406143	-24.32621384	-32.17637634	11.20371723	36.20618057	21.00461006	101.362854	14.72801495	55.61277771	31.95113373	46.68293762	-34.34098053	81.90137482	30.04654884	-39.17851639	0.4111922085	17.58510399	-96.13140106	-71.99794769	21.55775833	7.120715617999999	-66.57728577	-57.09350586
-38.16518784	44.2501564	-47.8661499	-31.51731491	-48.79072952	44.68212509	-99.21321106	-51.11900711	33.79213715	-9.933791161	-13.27588463	20.64703369	0.4483111501	-71.84496307	-48.748054499999995	-16.48357964	-12.21162987	34.48023605	-54.22967148	40.61174774	68.55665588	-95.30020905	12.73190308	92.89286804	-27.67127991	10.260719300000002	-11.12870216	-29.06206703
-52.52192688	97.01624298	65.6592865	148.7749939	11.10839558	-31.09683037	-34.36672592	64.10673523	56.14697647	1.185986519	-85.48239136	-108.8431625	3.156866074	-32.35210037	-28.42461205	39.10944748	53.01307678	-45.94224167	21.80931091	-56.78909683	-70.06322479	116.31220249999998	-11.08219814	-64.51224518	40.87190628	23.265468600000002	-11.07629108	-1.921778321
35.21726608	63.8571701	118.7527847	55.53178787	-53.45944595	-46.23123932	31.96102524	19.921718600000002	-5.336494923	-10.14233685	-39.01641846	-69.1835022	-11.70126534	55.459510800000004	62.21704483	35.36608124	91.05887604	81.79938507	10.95288849	3.656166315	104.4361496	1.634667635	3.036017895	26.13488197	-42.65328598	31.48544312	41.64665604	17.11088753
-96.14324951	-31.86257553	-49.84470367	45.16302872	-19.63819122	-30.46201897	3.4400892260000004	-83.08531952	-4.0980849269999995	2.721036196	-70.60843658	-31.11081123	-25.89902306	-121.4045715	-5.557443142	-12.29961109	-42.17366028	-24.39977455	-19.67013741	-38.93577957	-1.2642687559999999	82.9702301	38.68938446	-10.53696728	33.64671326	-29.58362198	-74.70345306	-6.151121616
60.99005508	37.63518143	47.57582855	23.24815369	-86.02150726	1.3700487609999998	6.175190449	9.967894553999999	-67.86165619	-85.58861542	-24.57923126	-19.1889782	-3.077071428	-82.57323456	72.55901337	1.65384984	53.0264473	16.26511574	-101.8942032	-15.09692955	-3.098472834	4.653735161	61.43690491	60.67550659	-11.69522953	37.46611023	80.22623444	59.46859741
-98.05925751	-32.96012115	-39.02793121	-63.53945160000001	-7.501954556	-25.46006775	-65.95840454	-89.37624359	-21.92248726	54.729702	-10.896724699999998	-40.66952515	-19.52959633	-124.8675842	-38.14233017	-19.64626122	-9.194292068	-33.06852722	-34.70147705	-31.55022049	-5.938728809	33.08182526	2.776703835	-7.595879077999999	-73.32343292	9.266489029	-69.3137207	17.88031387
-4.261415482	-160.3269196	-5.810792446000001	6.338434219	-49.88831329	17.87190628	-88.19071198	-154.248703	-24.68026924	3.387181282	103.7375946	153.2147522	10.55069065	0.4477413893	-39.83648682	-15.42760563	-92.91367340000001	-108.847641	48.55513382	41.43150711	-158.6713867	-115.3410034	-76.08106995	-103.43197629999999	11.7552948	-9.006649971	-97.53457642	-59.19713593
-149.4460449	-155.6164856	50.29955292	26.52025032	-35.09576035	-36.89680481	-55.87514496	-92.31913757	-32.85925674	-39.00743484	-60.09555054	24.77244377	-12.69361496	-108.3239746	-60.72553635	-50.82566071	-25.32882309	-26.0169239	53.51098251	-31.34404945	-113.55988310000001	-94.72007751	4.225804329	57.11676407	-48.00136948	-43.32000732	-35.34074402	-28.73750687
-42.46972275	-22.75792503	-17.04956818	0.6683672071	-89.84971619	-29.77601624	-51.561203000000006	-37.73803329	-95.41946411	-69.12669373	17.24122047	77.11076355	13.13762569	-209.0129852	23.32297897	29.56015778	-9.081403732	-43.17973709	-88.82558441	4.044977188	128.7753601	-13.10258102	62.56738663	58.46172714	-75.06172943	-43.62380219	-20.21400452	25.53785706
-48.81062317	-54.42131424	65.97296906	117.99472050000001	-80.28663635	-4.394124985	-49.16098404	-11.72264194	-85.68909454	-12.27263546	31.354755400000002	125.54277040000001	0.5096921921	-118.42827609999999	-86.90285492	-47.50923538	18.05991936	-21.77277374	21.05057716	-66.91943359	-41.84882355	-70.14147949	-41.80095291	31.40167236	-56.09425735	-25.79402351	10.14908886	52.32261276
-105.70957949999999	-128.66816709999998	19.14826012	-28.604599	-65.06327057	-32.11484528	-19.55172348	-62.40841675	8.385284424	-35.50601578	-2.629592419	51.55630493	-17.56249809	-135.1221313	-51.48704147	-24.22211647	-37.24731064	-14.68178368	69.18072509999999	104.33489990000001	50.45604324	-94.44789124	36.14406204	84.32235718	-34.97216034	-12.23392963	-31.42151642	4.982002735
-112.12677	-94.57998657	80.04110718	46.84884644	-24.94638824	21.37631798	-41.34316254	-83.87746429	-33.09932709	-18.66216278	33.97751999	140.9832153	-4.37155962	-137.19970700000002	-6.386788845	-22.21307182	71.60565948	-15.19266891	31.69430733	92.5716095	0.3973459601	-74.95313263	-14.54569054	-2.938850403	-60.98234177	23.49659729	-32.51761627	-3.442460537
-1.482883215	51.08953476	25.43211555	58.57687378	7.001030445	106.7877731	-33.11477661	-1.125673413	-30.019752500000003	5.549479961	72.49213409	202.71151730000003	-0.6099591851	-134.08168030000002	-82.94749451	5.16877985	-20.54094315	46.19122314	-20.22325706	4.826802731	13.93786621	24.28773117	92.06825256	94.45987701	-30.62092018	-39.24948883	-46.81003952	30.6852684
15.73161697	28.22242165	117.056572	60.35522842	33.212833399999994	-25.30868721	67.14446259	103.45127109999999	-97.63422394	30.5633049	23.20261002	62.42126465	-29.996782300000003	-77.49088287	225.35290530000003	100.7672501	115.1148453	-43.60024261	-115.12232970000001	30.14568329	66.35128784	-172.8722839	57.30491257	-83.53214264	-7.972483635	-62.44838715	119.71762849999999	-9.639904022
-118.71579740000001	-3.7936446669999997	36.05139542	102.6789093	-56.55608368	-35.95455933	-50.00177383	-93.29682159	-29.25874138	-23.10943413	-62.7232132	23.80122375	-15.07529831	-187.25811769999999	-58.19471359	-22.47276497	38.61888504	59.75007248	-52.30263901	-65.95861053	118.84865570000001	-29.80747986	84.35494995	148.6343231	6.07096386	31.53592682	18.14943695	49.62659836
86.86617279	-34.4078064	-16.80794525	-7.180950165	-24.00298691	-36.85818481	-11.93685818	10.58387661	13.27479267	-43.05430222	-30.03106308	-68.90293121	25.31293869	-46.06177902	-71.47767639	16.25420952	15.97897911	57.17307663	-48.16565323	-1.85439384	57.6192131	11.23065567	62.662246700000004	113.5980072	-67.07305908	54.43970871	-1.069877386	-1.191247702
-70.49260712	28.58363724	35.84361267	-45.57326508	14.67413235	9.987185477999999	48.21221161	-8.116948127999999	-48.91581726	-94.01145935	31.34273338	28.15623093	-9.779260635	-170.95124819999998	181.5943756	126.8995972	103.90065	63.40400696	-102.823349	-135.260849	-0.5470507740999999	19.41518402	21.0032196	-8.89305687	-14.21071815	-18.96743965	84.31843567	23.99432755
19.51914597	1.00845325	2.969159126	38.530029299999995	13.34225559	-4.536493301	30.07765198	43.62294769	-20.54286575	-61.74293518	23.04079247	59.80546951	-25.57550812	-222.1560974	-60.701309200000004	8.187530517999999	-26.55385399	-4.042484283	-70.47560883	20.48775291	28.51406097	48.7447319	67.27323914	68.44544983	-37.85075378	-35.52770233	3.699573278	-8.056128502
22.21139145	-27.44848824	-65.4358902	-43.82538605	-75.22679138	-79.21443939	-23.67560387	-148.6828156	-8.324719429	-44.07549286	-36.91340256	13.75436974	-6.34906292	-186.19934080000002	-130.6592712	-72.59742737	-77.00705719	-47.71997833	-14.79258919	121.8911057	5.576396942000001	12.26523018	-27.90184975	26.67833328	-52.95845032	4.070235729	-59.05347443	9.270711899
2.932580948	122.72817990000001	42.48847961	5.1422128680000005	-24.01334572	7.152540684	31.34687614	93.10021973	-51.72638321	-60.04715347	51.41192627	96.31762695	-18.82736588	-97.58362579	-14.25705624	-6.48465395	-28.09459496	-75.71196747	13.50785351	55.75252914	61.02757263	54.99922943	92.92636871	11.32761955	-95.98054504	-53.57271194	93.69017029	7.63254118
-6.635906219	-70.38207245	21.21330261	30.05843163	-2.341064692	-27.32217979	-1.560058475	-28.30521011	-15.88392544	12.94822216	25.36942482	87.07416534	-16.36457825	-168.0185394	82.81216431	16.51152611	-30.21959114	-47.68456268	40.189785	79.02817535	-36.88802719	24.41788483	-14.25514221	-92.17773438	-65.52171326	-59.46285629	35.97665787	59.13309479
86.15696716	5.032278538	55.61747742	-42.25178528	119.0051575	2.300208092	39.92843246	5.440049648	19.44950867	-60.82634735	-9.451114655	14.01382637	-24.05585861	-202.5392761	-151.5806427	-67.80278015	-4.618694305	10.15996838	-77.33145142	-6.468348026	-99.52113342	-101.0429916	103.6215668	115.1053696	-42.1795845	18.537012100000002	87.30191803	-25.87871742
-6.240614891	-37.94551849	-126.2615967	-28.00224113	-19.77950287	-43.72752379999999	-44.45255661	-66.85843658	77.32671356	-23.77200508	-67.38835907	7.033934116	-24.37409592	-302.9238586	-86.02854156	-60.96084595	-36.6438179	-10.33862877	-139.5137939	-133.5747986	-62.55361176	-37.72285461	-0.3695786297	-76.28981781	37.035350799999996	-39.92327118	-61.53952026	42.78099442
-46.63908005	46.42724228	-4.479454041	3.4643464089999996	-11.49026966	-71.42913818	-21.12125587	-39.59804153	-58.04294968	-8.613612175	-69.31140137	2.087343454	19.52149773	-193.6129761	14.72116566	40.52378845	-51.27776718	-15.15554142	-4.100078583	63.88634872	-73.48194122	-89.10161591	-23.45839882	-40.96585464	-18.99942589	-10.01177883	-41.46926498	-3.924964428
-5.266808033	-59.06839371	27.62645912	17.26403236	-24.45494652	14.23108959	-12.80547905	-49.96406937	-31.29659081	-72.76051331	36.31352234	66.70331573	-11.71391678	-89.54868317	93.23129272	59.17918777	79.26356506	-51.1522789	200.2863159	134.0555725	43.47397232	-65.35112	31.32312393	-8.883868217	-22.6939888	-7.513859272	53.85942841	29.06041718
-49.90581512	44.82001114	101.8161011	79.75686646	-1.3744078869999998	-25.96510315	-53.26032257	40.80898666	43.10912323	-48.40740204	25.52853394	104.4401169	-6.29438591	-97.41829681	-175.47734069999998	-78.95526886	8.419084548999999	66.47019958	28.14556503	80.51371002	-23.25781059	35.66732025	24.93782425	142.07192990000001	26.89953041	6.463888645	-23.2665596	-47.58181381
13.51570225	-24.19252396	33.49246979	-12.5620966	4.943833828	-8.029497147	26.34371567	11.57466698	-45.07820129	-40.3341713	22.26261139	122.08342739999999	-20.22743225	-124.95797730000001	105.30912020000001	33.65503693	5.077762127	57.57210922	73.7023468	64.45751953	34.27470016	53.39962387	50.67583084	-29.95311356	-61.62140274	-14.84158039	17.22980118	-6.117452145
23.39946747	-54.75198746	112.49036409999998	97.12992096	-2.987807512	-38.35986328	38.93302917	22.76395607	108.70471950000001	9.890889168	31.62408066	86.32342529	-9.231941223	-34.92958832	-81.18426514	-23.61169624	-0.5002382397999999	38.01699066	97.32476044	96.53709412	-69.43003845	-35.07320404	123.14343259999998	92.29286957	-10.90940666	24.14630318	-71.37133026	-36.94821167
31.21816635	25.54887962	-3.2313580510000004	-79.58052063	-65.91436005	-44.15854263	-5.6507401470000005	-29.67742348	-50.79844666	-39.85076141	16.67577744	26.75247192	12.48728275	-140.0838776	2.78937459	15.92696571	-36.79319763	-42.46453094	-28.37212181	46.10293961	20.53944969	29.119394300000003	110.95765690000002	138.3474121	35.44940948	-10.28259563	28.79136276	19.10614777
-29.67487526	31.28151703	-81.05070496	49.56172562	5.868391514	-84.18410492	-21.52246475	-13.4488821	1.7873555419999998	-16.45288467	-77.75126648	-81.13972473	-16.4881916	-93.86853027	-149.3864288	5.334932804	-79.53740692	28.61133003	-24.518896100000003	-62.07909775	-115.95674129999999	-70.26197052	-12.28782749	62.13445663	34.66466522	-10.86731911	-13.48191357	-65.18972778
-14.394013399999999	-75.13921356	-12.73523426	-6.845615864	131.7223663	185.5177307	56.16327286	20.04204559	-60.02175522	-22.64564133	199.1102448	350.9956665	-3.0622973439999996	-147.50160219999998	119.32287600000001	71.15729523	79.25614929	55.62484741	-145.21057130000003	-42.94610977	5.206974983	8.936555862	180.5304108	15.22229099	-69.26068878	17.43005371	61.44305801	-0.5807653666
-72.57086182	3.46742034	3.5364642139999996	-23.61964035	-115.2854614	-82.59020233	-58.23590088	-115.5601196	-31.54904747	-41.20669174	-24.69787407	-73.12010956	-36.66815948	-188.0609283	-226.2602386	-62.89001846	-131.08360290000002	-55.35817719	42.43844986	17.9463768	-171.23168950000002	-37.99275208	-101.7570801	-18.323114399999998	-106.60481259999999	-47.39751816	-141.66769409999998	22.80978775
89.34618378	72.57910156	16.62841225	50.32810974	-118.54913329999998	-80.79920959	-7.736846924	45.35987473	-33.451698300000004	-41.32927704	47.48277283	25.74881744	-16.25753784	-112.19511409999998	-9.090696335	-36.20739746	217.04963680000003	125.54433440000001	-12.41943741	52.71090317	132.4541321	43.94910049	140.1149445	179.5527496	-37.16049576	4.108086586000001	37.66949844	10.34958172
-10.73408413	-55.63414001	19.4449749	-12.20817757	-15.13301849	-71.30626678	-39.30366516	-17.52422714	1.241407275	-12.26115131	-55.62125397	-47.26232529	-29.19727898	-137.53488159999998	-95.01392365	-9.167742729	-20.47199249	89.52415466	47.63634872	35.74609375	19.50130081	-54.52847672	4.122484684	-19.24399185	-53.48064423	-17.88665199	-116.6429367	-26.65923691
-63.59273148	-23.95748901	6.922420025	-1.4492244719999998	-46.35746384	15.10125542	-24.50434113	-18.24661446	-21.67290306	4.6432561869999995	63.90717697	137.31436159999998	1.464214325	-85.42739105	-15.18650818	47.2377739	22.50055695	68.221138	64.60964203	24.53318787	-64.32733154	-33.27061081	83.78784943	18.26298714	-9.607264519	-31.19213486	-14.66302681	-65.22967529
-19.27966309	24.89124298	-74.27294922	5.53570509	96.79647827	33.92232513	3.9079542160000003	-5.311734676	9.349510192999999	-35.23661423	20.45851135	91.60018921	15.92536736	-32.09751129	-38.77508545	-22.26305199	-0.9566001296	47.67259216	-50.27297211	47.68355942	-42.36345673	-14.37768841	20.29162598	45.94747162	-15.03149509	23.31416702	-36.26943588	17.53887939
53.99197006	-69.28051758	-65.11014557	17.8836422	15.41716385	-3.9245738980000002	-27.45619583	29.0277729	54.01626587	2.2768795490000002	9.005070686	86.44615936	-2.196572781	-59.42422867	94.70880127	-7.050870419	28.67176628	-14.33321667	5.965076923	-25.5277462	52.23268127	-35.46485519	81.07254791	-36.23534393	-14.63396931	21.83491135	42.16184235	8.227043152
-45.50225449	7.195611	21.68524933	-50.14791107	-101.1574478	-2.12510848	-28.48449135	50.35657501	-62.62873459	-28.60908699	51.50968933	97.78351593	-17.98402786	7.5621061329999995	9.081341743	25.94196701	90.82507324	-3.624613285	-2.388251543	88.09501648	-37.43125916	45.38795471	86.12539673	151.671051	-41.62855148	-38.19127274	41.16882706	-39.22909546
125.2781754	137.5475159	44.78488159	103.54126740000001	-96.0500412	55.89352417	50.18665314	-10.27232838	-24.01499176	-7.292080402000001	-4.861256123	130.5036163	-6.467714787	-6.155979156	30.13156319	40.62589645	55.67995453	3.018679142	22.05555916	48.45194626	80.24625397	148.4171753	167.84622190000002	127.9023743	-29.98397827	23.36825562	20.69779396	-7.0409855839999995
-45.71799088	-82.04263306	16.94350815	21.46108246	-63.32217407	-12.10112381	-39.9436264	-167.2873535	-5.930248737	-66.8035965	49.57563782	97.2063446	11.11510944	-54.57833099	-30.68451881	-34.55558777	41.73249817	-11.28450298	94.27118683	54.49039841	-9.551243782	70.44974518	-10.69064522	-41.99912643	-19.92925072	-39.63090897	-52.59894943	-7.3441028589999995
-24.73798561	-11.646010400000002	-43.45733261	-75.67516327	-11.20690346	39.82599258	-44.82734299	-120.1031876	6.791568756	3.595569134	-8.503222466	62.36526871	12.38190269	-73.79035187	-1.3631865980000002	33.26525879	-42.3532753	-82.73876953	-54.08061981	-7.9976248739999996	-23.84441566	-56.61870575	-6.55875206	-93.90475464	-54.35879898	4.105238438	-73.43218231	-0.6789295076999999
56.37541962	1.951515079	3.234710455	-58.68655777	-103.91377259999999	27.08639145	72.34999847	-42.66033554	-19.215168	-53.26936722	56.63608551	275.1270752	-23.43870926	-69.57061768	-37.25577545	-12.98821354	-6.57766819	-9.930099487	-72.09564972	-91.60348511	3.227877378	99.32698822	96.41378784	72.89801788	-27.43691063	46.44109344	-29.97234535	-11.54124546
-176.6150818	-82.69578552	59.49864578	13.54342937	19.21223068	-72.61047363	-34.43390274	-99.28786469	-60.65636444	-17.62561989	-32.01716232	-92.93959808	25.04146957	-48.73181915	39.12811279	23.4834404	-46.11047363	-15.54568863	68.62734985	54.66622543	10.74093819	36.33494568	-70.99424744	-92.89655304	-1.803237319	-56.71744156	-23.29146957	-53.35337448
-60.66511154	71.54564667	-28.02535629	-35.11388779	22.87351227	-30.75059128	0.6183520554999999	-60.49090958	-38.247066499999995	-78.00991058	-42.44483185	-37.27507782	4.0782852169999995	-185.0886536	44.71135712	-13.05286789	-40.17209625	-50.59200668	-37.20560455	-19.26344299	112.4794617	3.975299597	29.95055389	69.92755890000001	-30.282081599999998	-12.41115284	-30.32101822	-25.77149582
35.21726608	63.8571701	118.7527847	55.53178787	-53.45944595	-46.23123932	31.96102524	19.921718600000002	-5.336494923	-10.14233685	-39.01641846	-69.1835022	-11.70126534	55.459510800000004	62.21704483	35.36608124	91.05887604	81.79938507	10.95288849	3.656166315	104.4361496	1.634667635	3.036017895	26.13488197	-42.65328598	31.48544312	41.64665604	17.11088753
-21.03441238	-23.03667259	59.25862885	-7.326396942000001	-90.25236511	-62.49085236	-17.326566699999997	-29.03664207	39.66297913	-2.841238976	10.29945278	-24.5463562	0.35669231409999996	-78.10144043	-29.89256096	17.047109600000002	8.647043228	24.12162399	48.97292709	6.30376339	-9.99534893	39.42710876	4.930540562	-13.67901993	-0.539784193	53.75161362	-39.27394867	-12.80221653
57.35121918	29.58712387	75.95884705	27.99756241	-2.5890791419999997	4.820893764	69.89662933	66.20909119	54.42968369	4.406997204	7.061583519	45.80673218	-5.490918636	-53.08674622	-18.78168488	-0.46064898369999996	60.824855799999995	9.876785278	-84.17266846	-32.53195953	49.51196289	-3.5593714710000004	2.289174318	42.75346375	55.84512711	13.34383678	-86.22509003	10.75796509
-92.75852966	-151.98413090000003	-43.13560104	-49.21228409	-50.64874268	-40.85530472	-47.10650253	-67.72520447	-90.75752258	-38.22941208	-50.77327347	14.47241211	27.11284447	-121.7201233	-45.91254425	-46.97994614	-58.16021347	-8.18398571	-92.86813354	35.56768036	10.90329933	-145.75488280000002	-2.033936501	102.70011140000001	-25.69078255	-71.64824677	-33.66596985	-81.55799866
3.7685074810000003	-25.62088966	-20.34468079	31.31327629	-80.7590332	-62.24513245	-96.58016968	-71.51218414	-65.18560791	-52.28964233	-16.96497726	75.12406921	7.473484516	-79.1245575	-68.20626068	-12.8241272	-78.92526245	-60.79122543	-44.93176651	-21.41226768	90.06272888	-5.36610651	26.54811859	66.28068542	10.30766296	-58.91774368	-25.54318047	41.17995071
-149.4460449	-155.6164856	50.29955292	26.52025032	-35.09576035	-36.89680481	-55.87514496	-92.31913757	-32.85925674	-39.00743484	-60.09555054	24.77244377	-12.69361496	-108.3239746	-60.72553635	-50.82566071	-25.32882309	-26.0169239	53.51098251	-31.34404945	-113.55988310000001	-94.72007751	4.225804329	57.11676407	-48.00136948	-43.32000732	-35.34074402	-28.73750687
92.47563171	27.76389694	7.7499189379999995	43.32961273	45.75307083	24.75388527	38.19072723	38.65061188	37.45443344	14.54771233	35.95661926	136.135849	8.321868896	5.7339043620000005	-163.21144099999998	-36.60394669	-89.16505432	30.45551872	-55.16370010000001	-37.40063858	-119.7256088	-28.54602051	-64.85506439	-21.051000600000002	-1.72200346	26.47217369	-86.49022675	-49.87110519
-58.91716003	11.2650404	32.97029877	37.90396881	-31.96298599	1.8917815690000002	-36.9224472	-31.58510208	-56.90190887	-60.52228165	-7.670837402	68.00022125	-0.2610003352	-82.58969879	-69.42562103	-18.14388657	15.46840096	-2.561859369	-142.5219879	-20.90880203	14.02051544	-84.05576324	-31.35577774	40.77548218	-37.71546173	20.101795199999998	-40.71773529	4.557028294
2.809177876	-65.93785858	7.954421997000001	44.72504425	-71.32904053	-8.973678589	-10.39564514	-131.5713806	-45.86603928	-19.22953606	115.8377838	237.62223819999997	9.514259337999999	-39.81904602	-40.82024002	34.45739746	16.31708717	83.63614655	-21.17273712	36.77407837	62.71712875	-70.08908844	41.90301132	107.9814453	6.854071617000001	-19.94687462	6.983344077999999	-31.53219986
-60.60024261	-91.14332581	-4.028420448	-14.24299431	-16.61552238	42.81837845	-83.38476562	-74.28424072	-61.35178375	-13.34889221	1.8608371019999999	91.19304657	14.16650963	-44.11669159	-6.634140015	-4.701402187	-114.3107986	-56.98184967	70.12049103	16.87653923	63.90587616	-37.217529299999995	8.301841736	-8.869271278	20.44289207	-5.254051208	-35.22636795	-39.60754013
-9.304462433	-171.43045039999998	1.9442542790000001	-14.37265968	-78.47846985	-51.06250381	-23.36779404	-98.46885681	-41.50981903	6.114454746	20.34383392	69.68836212	-3.0392599110000003	9.487104416000001	-82.46648407	3.313977957	-66.81343079	-44.60588455	-16.8203392	3.692580462	-91.67977142	1.46119678	-100.4243927	-13.52447987	-32.94869232	41.38365173	-93.45779419	-41.38393784
-1.482883215	51.08953476	25.43211555	58.57687378	7.001030445	106.7877731	-33.11477661	-1.125673413	-30.019752500000003	5.549479961	72.49213409	202.71151730000003	-0.6099591851	-134.08168030000002	-82.94749451	5.16877985	-20.54094315	46.19122314	-20.22325706	4.826802731	13.93786621	24.28773117	92.06825256	94.45987701	-30.62092018	-39.24948883	-46.81003952	30.6852684
-6.33983469	-17.8982563	-10.15427494	-5.218950748	-25.54699898	-69.80191803	-9.993572235	-96.73358917	-28.21257019	-0.5122340322	-1.80319941	108.14066310000001	8.512901306	-34.45763779	-88.88657379	-92.58065796	18.84789276	-20.56939125	34.10599136	109.88285060000001	6.316795826	-4.902491093	-39.54853821	64.02857208	-46.38875961	-12.76761627	-67.08677673	-25.40598488
-3.871103764	-68.9562149	53.42709351	79.32801819	-21.93769264	-34.68383026	-51.24787903	-120.3223801	23.53237534	26.38441086	-33.58218384	118.7173767	-6.989378452	-82.48296356	-52.62327194	-36.9058876	-0.76195544	-39.16311264	178.533493	191.1934662	0.4599713385	-37.26827621	48.06090546	70.37442017	-48.85874176	-37.92608643	-49.74449158	37.69306564
-88.4515686	-21.61751747	2.992537975	17.93170166	-69.5355835	-50.79917145	-67.56467438	1.125555396	-32.06428909	-36.29808807	-53.12040329	15.67266369	-36.10243607	-168.459549	-22.65552711	-17.81859589	-63.69904327	11.41198254	-56.52137375	4.406617165	-80.60529327	-35.76387405	14.84350491	31.98245239	42.53346252	-9.50895977	-8.20706749	7.4603385929999995
-53.61597443	-17.32957649	-24.65110397	-41.16718674	30.785326	-65.17954254	-12.43773174	-75.11428070000001	60.95204926	-29.52469444	-52.67606354	-29.93540382	12.22078609	-252.722229	-8.764027596	-18.10681534	-28.65635872	-17.3434391	-5.274391174	63.5060463	-33.70684433	-31.70449257	-67.25740814	-63.94350052	5.655124664	-17.78142929	-35.22545624	15.14796352
19.51914597	1.00845325	2.969159126	38.530029299999995	13.34225559	-4.536493301	30.07765198	43.62294769	-20.54286575	-61.74293518	23.04079247	59.80546951	-25.57550812	-222.1560974	-60.701309200000004	8.187530517999999	-26.55385399	-4.042484283	-70.47560883	20.48775291	28.51406097	48.7447319	67.27323914	68.44544983	-37.85075378	-35.52770233	3.699573278	-8.056128502
-41.80265427	-82.42615509	93.50585175	53.2872963	65.16429901	38.60274124	-8.487620354	-82.73973083	108.6475906	10.17833519	37.50308228	44.20072937	9.31370163	-114.0213699	-9.567392349	-4.417455673	49.94326401	45.96764755	116.7727203	73.32869720000001	-134.66625980000003	-91.38389587	-50.72646713	-46.43361282	38.03731537	-24.06461525	-106.8477554	-20.01647568
-86.62398529	68.64086914	-6.869313717000001	48.99114609	33.74808502	-65.8968811	-29.92861938	-45.06277847	67.86045074	21.18411064	-43.84223938	33.81372452	12.69239044	-129.7630615	-1.1296991109999999	23.229131699999996	17.60087395	44.94510269	18.70897293	3.375914574	20.91127586	80.64812469	13.15465164	-20.88239288	10.03046131	-19.55051422	-24.53751755	15.71104717
-110.8118896	-75.96253967	-26.76561546	22.2103672	31.21687126	-27.49056625	-81.60758972	-144.2524414	58.28514481	29.28740501	-30.55838966	41.69212723	6.113183022	-139.4888611	-35.75416565	-46.8443985	-31.73002625	-67.10216522	23.92660141	27.38386536	-126.3302765	-43.77787781	-50.80393219	-105.6157913	-12.27427006	-30.91320419	-138.325058	-38.57032394
-17.62793541	66.77618408	12.00814247	5.87479353	-35.57769775	-84.01194	12.7296524	-27.49906158	59.28156662	-99.47257233	-19.36631203	-81.64946747	-15.46613407	-190.06483459999998	24.99416924	28.41221237	6.972407341	63.26054001	-40.11027527	5.434416771	114.15166470000001	-35.12432861	110.7537537	187.3575745	5.805042744	10.80134487	70.46873474	29.20468712
-36.31839752	-62.92591095	71.91671753	-24.96691322	-13.68866539	-42.38313293	-65.52680206	-64.5696106	41.48060989	26.12487984	-40.72553635	14.43183899	18.5854187	-119.0338058	-63.99314117	5.684607506	-13.74843216	1.328809381	46.7643013	56.46964264	-220.0891266	-106.16152949999999	-23.09788322	-0.6508967876	38.49972153	12.62829399	-97.56056976	-31.292228700000003
-6.240614891	-37.94551849	-126.2615967	-28.00224113	-19.77950287	-43.72752379999999	-44.45255661	-66.85843658	77.32671356	-23.77200508	-67.38835907	7.033934116	-24.37409592	-302.9238586	-86.02854156	-60.96084595	-36.6438179	-10.33862877	-139.5137939	-133.5747986	-62.55361176	-37.72285461	-0.3695786297	-76.28981781	37.035350799999996	-39.92327118	-61.53952026	42.78099442
-121.68867490000001	-133.2015381	15.9726696	-10.22609425	42.28611374	-24.226924899999997	-36.72979736	-61.74588776	-21.62144089	-16.48711777	-33.50278854	1.050341845	-12.70981693	-160.5094604	-1.916736484	-24.95249557	-9.076672554	-10.30871582	65.18876648	114.8540649	-29.49856186	-145.58964540000002	42.39544678	122.8866577	-67.87548065	-22.29748726	56.30923843	-11.32446766
10.81715679	-24.14002991	11.87616253	87.61754608	34.40277863	-57.84791946	-11.74061584	25.82834053	4.125657558	17.119989399999998	-111.49064640000002	-51.55639267	-3.2209906580000003	-27.89197159	-28.58299637	24.64474297	51.54467392	-16.66355324	112.09725949999999	5.117016792	8.512875557000001	-56.15784073	-2.955585241	-35.91085815	-9.295248985	-21.52763557	-84.6081543	-8.217182159
45.94788361	-12.80274487	-55.03730392	43.7389946	9.605200768	-18.92362213	-43.22790146	-60.86906815	19.42971611	31.8936367	17.98174667	78.44637299	-16.53087425	-109.03383640000001	-90.81900024	37.82675552	9.559821129	-13.96654797	32.81400299	54.51071548	101.81869509999999	50.83266449	-9.182858467	0.21277123690000002	5.037043571	83.18678284	-21.43549919	0.7219408154000001
-52.2670517	6.31922102	-208.28488159999998	-4.012068748	-14.26462841	-49.98755264	23.63726807	-59.6700058	-50.92426682	-85.90670013	-70.39968872	-13.60228634	-0.4666126966	-151.3039398	-113.86322779999999	-37.53396225	-60.23265839	-42.11699677	-15.37565517	-48.81175613	-37.49902344	-23.46600342	-61.71437836	51.65883636	11.21412659	-108.69269560000001	-137.5488892	15.51143074
23.39946747	-54.75198746	112.49036409999998	97.12992096	-2.987807512	-38.35986328	38.93302917	22.76395607	108.70471950000001	9.890889168	31.62408066	86.32342529	-9.231941223	-34.92958832	-81.18426514	-23.61169624	-0.5002382397999999	38.01699066	97.32476044	96.53709412	-69.43003845	-35.07320404	123.14343259999998	92.29286957	-10.90940666	24.14630318	-71.37133026	-36.94821167
24.79704285	20.1341095	11.25491142	26.36157799	-37.28009796	-92.01234436	-53.72325516	4.5235886569999995	8.638941765	22.65336227	-28.8118	-20.255268100000002	-6.305102347999999	-126.795845	-61.71475601	-56.39156342	24.25778961	-4.367108345	-31.87563515	-3.505828142	29.11987877	19.27295303	-10.01608086	48.73325729	-29.74197388	-14.85268593	11.60444832	-49.77106857
69.47863007	114.20629879999998	-18.49629021	29.71987534	137.81811519999997	135.3720551	79.72629547	6.687107563	9.297328949	-35.41374207	109.0889587	202.10900880000003	13.27523232	-68.22640228	9.630497932	48.81009293	3.846946001	22.95864105	-124.1179504	-33.24430084	15.95623684	-14.32747364	82.47496033	23.98496437	-18.60175133	24.41773415	45.36009216	10.15633583
18.07618332	41.81885147	-15.96130848	23.24649048	-9.078190804	-34.58039474	15.78680325	26.40435219	-29.24617577	-43.6106987	-51.85871124	-59.75756454	-14.84880161	-181.0979614	68.13046265	67.03820801	64.43863678	57.11968231	-36.25147247	5.751501083	63.37007141	-49.13153458	21.92536354	17.84772301	-65.71285248	6.840922356	-30.66069031	22.94447327
-22.34146309	-28.78969193	-33.93561935	-33.29582214	6.124762535	24.92785072	19.8257103	-98.40892792	101.77448270000001	66.22057343	71.13037109	266.0030212	5.253609657	-78.41239166	-116.17328640000001	-39.82962036	-47.72970963	32.89941788	56.39371109	34.38474274	-78.40694427	-0.22451356050000001	-46.45830536	0.5809935927000001	18.49322701	-8.599057197999999	-96.36039734	-26.14108086
-61.05951309	-36.69306183	3.442572355	-60.8573494	65.63859558	-65.10345459	-30.0433979	-7.186665535	-25.23657799	18.80682182	-34.17782593	5.101905823	19.95091438	-48.94642258	38.36319733	-2.373547077	-75.51326752	-72.9063797	-11.633008	80.6727829	-77.35180664	-71.64617157	-85.01252747	-152.1274414	32.91657257	-21.94165802	-63.34978104	18.15399361
89.34618378	72.57910156	16.62841225	50.32810974	-118.54913329999998	-80.79920959	-7.736846924	45.35987473	-33.451698300000004	-41.32927704	47.48277283	25.74881744	-16.25753784	-112.19511409999998	-9.090696335	-36.20739746	217.04963680000003	125.54433440000001	-12.41943741	52.71090317	132.4541321	43.94910049	140.1149445	179.5527496	-37.16049576	4.108086586000001	37.66949844	10.34958172
-79.2062149	-100.4048691	8.712536812	12.75869083	-3.5089151860000003	-43.28451157	-32.94034576	-98.06695557	-2.748403311	-33.23691559	-3.9366419319999997	19.93426132	2.170405626	-166.4019775	-13.92056561	-0.7116916179999999	-13.0751009	-16.992162699999998	58.95049667	24.15732193	-53.03118896	-85.28284454	-17.54979706	-40.15763474	-36.28779984	69.42841339	-35.16643524	3.69205761
