-37.44742584	-35.83470535	56.45061493	83.89679718	-37.26631165	9.827562332000001	-40.29439926	-162.7203064	0.7553268671	11.61131477	57.90447617	84.80406189	27.83123398	71.4265976	25.04402542	107.77469640000001	-20.12751007	-27.69729424	-108.46799469999999	19.39143753	158.6322479	72.44819641	9.308612822999999	109.7109146	69.91999817	42.43839264	3.0911438469999997	-11.53602791
48.78790283	-71.23834991	101.9677277	84.45053101	-12.50271893	19.73653221	-54.69118118	-45.19862747	31.29825592	69.35891724	37.78946304	82.91140747	32.41731644	-0.44871562719999997	46.37623978	38.02433777	15.2544117	-11.61893272	-33.6929245	-51.67929077	86.52217865	99.33838654	30.2162075	70.43334198	22.04034805	-4.384290218	6.616424084	-3.0272660260000004
23.60697365	-83.29654694	126.3183136	149.0586395	92.14672089	65.44981384	-16.12461853	105.65986629999999	24.44918823	74.01340485	64.93816376	137.4547577	26.57413673	52.79372406	133.4927216	108.12823490000001	-77.86194611	-9.858273506	-179.5423126	-154.3483734	190.7201233	209.14570619999998	28.56739616	71.43710327	14.73359585	-6.320085526000001	-21.83105469	-106.99411770000002
40.87933731	-112.3538742	-43.40836334	-93.53543091	31.365291600000003	34.99820328	-52.68208694	40.40517807	9.709176064	22.63178635	51.55810928	98.51189423	-53.7598877	-66.13179016	32.66513443	39.91988373	-121.7496872	-65.51176453	-15.00782204	-47.51039124	1.271797419	106.1557465	-28.80403328	-12.69752312	-1.577870846	-34.20391083	3.568627834	0.8665427566
-28.950477600000003	13.14846516	163.8061371	43.69356537	24.99951744	62.39136887	55.46927643	-36.940380100000006	-6.859831333	45.70352936	33.72037506	65.4303894	79.79266357	44.55958557	18.65538025	71.70766449	51.24110413	12.06181431	-47.72216797	-81.09205627	126.76870729999999	160.4673309	30.05590057	64.76754761	12.00503922	49.25375748	-1.673465133	-21.53014565
-111.4806137	-34.73114014	6.124996662	-29.37805557	-96.87553406	-20.58725929	-87.16381073	-69.35877991	-33.26184082	14.48474121	59.91730881	128.8340302	62.29127884	-11.4796133	9.612935066	-21.54083443	-56.089233400000005	-51.35715103	-61.58259583	-35.66616821	126.6137314	170.92929080000002	-88.29394531	-26.30962753	-17.61582947	-40.54581833	-45.97911835	-69.14818573
36.96345901	47.70562363	102.996048	120.96907040000002	50.78935242	30.54441261	45.83415985	-64.68730927	27.59499359	113.0277481	114.2111511	134.3167114	98.81391144	22.64275551	106.7962418	56.30098724	-6.0311622620000005	74.72080994	22.56189728	-54.57061005	118.85199740000002	207.97367859999997	77.98054504	104.48851009999998	17.72600174	26.61076736	2.236920357	-32.35337067
-266.98715209999995	-150.7653503	-53.68775177	-164.6912994	7.196665764	87.56472015	-133.600708	-269.18597410000007	-38.28630447	88.8918457	39.2124939	-8.172254562	-40.2007103	-79.34647369	62.99205399	-110.79507450000001	-91.77120209	-86.98668671	-208.9820099	40.81140518	168.724472	-24.70035553	-123.31565859999999	6.859289646000001	-48.30460739	-59.71900177	-25.77444267	-98.87023163
-152.5661774	-54.64333344	117.3161011	79.62108612	-45.33673096	58.17150879	-98.79107666	-95.17050934	47.98628235	66.03278351	71.63375092	76.42745209	19.19464684	-2.2727789880000002	82.45487213	10.58544254	-5.070082188	-40.63434982	-26.7991066	-50.5017128	59.38498306	53.22355652	-22.26448631	9.149171829	23.81787109	4.380196571	-93.74073792	-25.89585686
-121.05033870000001	-35.7648468	81.51643372	32.851848600000004	38.38899231	68.19384003	-14.52875137	-1.023056149	79.90520477	37.847019200000005	32.26451111	34.9144249	11.24872875	37.40920258	77.19866943	45.01058578	38.08450317	-36.36424637	-97.75061798	-22.0662117	28.28642082	13.72119045	-22.587572100000003	66.89347839	26.80563354	-15.03785038	-20.77015305	-14.70531845
54.54009628	-36.79973602	124.1278687	233.93046569999996	36.12223434	62.15247726	-18.89598465	-37.83402252	-12.81065464	9.731946945	22.86836624	76.90240479	33.98078918	-16.98857689	148.219635	60.81526566	-125.21784209999998	-36.77186203	-140.0967865	-61.28474426	220.15061949999998	155.8278656	-85.51029205	34.13696289	-21.25930977	-19.91641617	-107.6796646	-109.732254
-53.69486237	10.82248306	37.77211761	30.75932693	9.788573265	56.79188156	-27.54804802	-104.9971237	2.512262583	25.38767815	61.21092606	43.83805466	-6.757233143	3.372637749	119.5476074	56.19087219	49.95780945	-13.01287746	-82.44857025	-84.94589996	-10.58058167	145.01577759999998	-28.443546299999998	57.59412384	-66.18881989	18.84508514	6.882904053	-93.52372742
-151.73590090000002	-1.7950187919999998	20.66845894	-25.78512764	-79.53399658	17.71769142	-105.8953781	-139.37878419999998	-75.41252899	-33.7461586	41.50448608	73.03853607	58.05261993	-39.25922775	-16.3342247	13.9919672	-18.95964432	-45.85772324	-187.6160126	-81.24258423	142.4539948	167.765213	36.62028122	113.13309479999998	-101.282135	-51.34350586	-113.4484406	-104.12335970000001
-63.40765381	21.0272522	-33.51702118	65.81739807	2.600395679	43.4133873	-69.62586212	-77.48277283	49.26387024	-21.68925858	91.63977814	106.76039890000001	-11.14277554	-27.229728700000003	51.59873581	38.66759491	-14.73550034	-62.61729813	-102.12603	-37.5582695	10.22245789	48.39209747	-31.46269226	-54.75547409	-70.71489716	-1.090144515	-63.10831833	-8.607998848
-51.39464188	116.8918686	-85.45704651	68.89353179999999	20.65267944	17.17765045	-8.573248863	-93.246521	-25.91056442	-6.5060129170000005	126.43343349999999	85.27211761	-10.56620026	33.90260315	74.99217224	145.5885925	-113.30025479999999	-27.45987701	-224.8365631	-51.30568314	187.45233149999999	170.7662659	-58.76974106	-4.977066517	15.96639729	20.90569687	-140.4132233	-88.14492798
-127.84552	-30.48553658	6.589232922000001	-49.00233078	-70.70832062	-12.52250099	-102.7179794	-143.7868805	38.61068726	81.56221771	156.53575130000002	146.8227386	15.80953121	-45.56485367	10.01016045	-39.60490799	-11.93165779	41.64984894	-151.11965940000002	-46.74932098	5.153824329	73.63665009	26.80337524	74.9677887	-43.67409134	-10.4393568	29.69683456	-18.31267738
-300.73999019999997	105.9510422	58.93136597	-65.24951935	-48.48454666	232.51666260000002	22.28170586	-10.06067085	46.78820419	50.09135818	42.81856537	130.5750122	86.57423401	16.86680412	82.97570038	66.71671295	30.26714897	112.2877808	-72.94264984	8.725442886	71.86299133	-157.34004209999998	102.5245132	159.30355830000002	-39.35318375	5.137708664	23.99679184	3.284754992
42.07511139	-21.82626343	17.93305206	92.08473969	-19.59950447	50.42070770000001	-60.46828842	-87.31278992	0.1601149589	11.050417900000001	59.75180435	59.82335663	42.18400192	-69.09609985	-84.49891663	18.22239113	-1.607120991	-6.003521442	41.76383972	17.13603783	-12.42515755	152.377594	15.16990662	54.70968246	-5.6045198439999995	18.74472046	45.46411514	42.51198959
4.244735241	70.3223877	133.3540192	189.0951843	38.9504776	54.41028214	56.48996735	56.67333221	38.53084564	74.19191742	147.6387787	88.68766785	38.80751038	21.53700256	-38.06184769	36.28245544	-16.25710106	80.19703674	-67.51237488	-19.57829285	125.7361145	21.33589363	90.32738495	89.64923859	-51.11400604	21.82878685	-1.2182505129999999	-1.6692538259999998
-23.82042885	-19.84366798	35.92486954	4.15698576	-0.331034869	120.0484009	12.56019783	88.98828125	14.23798847	15.09803486	39.44509888	83.41293335	-11.51981735	-33.62620544	66.14672089	28.85535812	-95.30552673	-47.0906601	72.79836273	13.00196648	-49.18454742	-207.6898956	26.91573334	80.32731628	21.68279839	27.66215897	1.51047051	-13.49513245
-221.835083	36.50998688	169.6213379	115.68974299999999	-33.5858078	41.99421692	-41.98810577	-125.1179581	-26.59480095	-22.83956718	116.95463559999999	128.06649779999998	42.69699097	27.56620026	29.96139145	-33.94056320000001	-60.86577606	-38.89739227	-101.2478256	-41.81414413	209.78285219999998	87.24726105	10.08694744	90.16720581	5.937504292000001	28.556453700000002	-16.49477386	12.11437988
123.489151	40.15603638	71.88076019	63.81192779999999	68.13575745	103.2431412	-16.12819099	-75.15196228	44.68779755	56.16674423	118.32063290000002	132.3009491	24.17329025	10.23037529	11.46133614	41.03183746	-60.43317032	11.13998222	-67.735466	-4.504161358	42.31626892	64.15912628	22.03321075	46.9667511	-28.82501984	35.84243011	-37.71477509	-103.5955582
0.2588353753	-63.30047607	44.42169189	109.90694429999999	-38.12493134	74.85369109999999	-38.97540665	74.69485474	0.8373248577	-39.86963654	31.02121735	134.7189636	27.012485499999997	9.212546349	30.88117218	-30.66119957	-33.44385529	-63.6352005	-59.35261154	-65.04399109	-86.20273590000001	-110.58904270000001	-61.18798828	5.647624016	20.50528526	8.871139526	-56.55660629	46.37047958
83.39807129	-6.967218399	-30.99175644	-92.61172485	5.52553606	119.54228970000001	-76.05690765	-65.14968872	57.69645691	15.00967312	48.48944473	128.6185608	54.27183151	-36.68075943	7.89530611	-22.2761364	-14.60247993	-19.97660255	-77.41281891	-30.17299461	98.50939941	234.6090851	-34.5259285	-99.84763336	-9.838254929	-21.99401283	-8.825602531	-37.48132706
-165.9063416	137.3914337	143.7634583	104.5652618	4.850266457	169.5479584	24.77912712	35.31969452	25.69430733	37.45327759	90.71804809999999	119.17036440000001	78.27210236	61.93874741	62.28679657	64.33664703	-6.680341244	70.95635223	-94.87001801	-11.72606659	-34.84069443	80.56724548	50.038829799999995	54.84741211	83.60942078	51.56999588	-96.59620667	-71.02654266
22.00413895	67.61901093	-28.26913643	-30.17092705	50.5773735	200.1712494	28.13652039	48.96979523	-24.10391235	49.24385452	9.789194107	36.81831741	10.8099823	7.975299835	8.101737976	70.83860779	-57.05290604	13.76570415	-100.7611389	-70.7557373	-36.07775497	31.20108986	-0.16995342079999998	-1.589266896	37.08751678	8.314866066	-96.74338531	-57.94866943
-27.29002571	42.50743866	63.98235703	-36.09046555	13.52692223	182.2920227	15.75301075	80.9344101	-27.08961105	-3.230094433	59.02481461	28.18059731	-22.38136292	-4.1720681189999995	6.825509547999999	13.70110989	-135.3377838	-37.51890182	-32.78041077	-2.148369789	-66.64348602	-203.4828339	-23.705175399999998	29.79252434	30.72043228	39.47948837	-75.47609711	-87.09104919
112.7924881	-115.7354507	136.0331726	60.26435471	22.35500717	102.57590479999999	43.05965805	-15.96737671	55.01807022	33.09633636	90.67929840000001	123.6110535	46.94826508	34.73958588	62.83562851	30.17444801	-1.3706984519999998	65.76902771	-37.78086853	14.16341782	26.17469025	180.33238219999998	24.52724838	24.504932399999998	56.67076492	43.30168533	-35.35401917	-47.24819946
-200.0323181	-14.22044182	31.02562714	65.71814728	-14.5882225	135.4481049	31.48665428	101.437561	27.57167244	40.10223389	74.9145813	53.20843887	3.0278954510000005	1.782449484	-66.66542053	-29.93175697	-225.78604130000002	19.20816994	-173.8418427	-57.75349808	-157.13265990000002	-125.10495	-47.69087219	-21.27479553	101.6703568	23.74305534	-121.103714	-55.40031052
-103.3471069	-81.24131012	-21.67547607	13.74512196	42.98130798	10.43964195	-52.32931137	-48.63437653	-12.53486538	41.00149155	39.36845016	57.38260269	20.94317055	36.00344086	-12.58151054	-34.8647995	-61.76781845	-33.45799637	-37.50971222	44.46601868	-43.63776398	-47.72883987	-16.41111565	12.60308647	-7.331392765	20.08654785	-83.44033813	-80.92949677
23.08229446	44.08264923	96.8432312	45.81974411	11.05835056	110.7439728	-28.32084465	20.02049828	45.29711914	98.010849	87.58071136	153.7342529	63.3545723	46.81693649	22.08719063	113.1570435	87.90354919	60.61488724	-63.79653549	32.76867294	61.48088455	122.8678207	-27.74484825	-81.20896149	59.03338242	36.27795029	-5.473735809	1.115260959
-67.59117889	7.4191713329999995	14.2569685	-2.140054703	-32.42196655	139.3173218	-49.35755539	-99.41938782	3.06738019	27.65057182	33.10748291	73.68295288	-2.3257598880000003	-37.78689194	-49.6996994	9.600276947000001	-112.7034683	-44.57599258	-35.17017746	-44.64480591	-64.4331665	30.05173492	-86.97527313	-6.507310867	24.79620171	-8.18112278	-7.7438430789999995	-45.71186829
31.75679398	-27.31510353	26.84926987	4.278178215	80.42272949	102.22331240000001	43.62894058	22.08421326	12.27737141	50.01725769	61.10267258	88.58506012	36.32160568	19.31688881	62.45960617	89.66810608	-35.39972305	29.67215729	-107.28302759999998	-35.47493362	127.4238129	254.44586180000002	-67.73332214	-91.83111572	26.941627500000003	62.58701324	-130.5559235	-110.1902847
216.10412599999998	127.639679	137.890213	191.2489624	155.2750092	122.5195999	100.1034622	73.56212616	62.20697784	97.79364014	49.60991669	147.4745941	111.1057892	140.0204468	89.14502716	134.6628876	53.209899899999996	78.24873352	-37.88223267	34.97857666	95.5193634	165.0822449	71.35154724	114.25006100000002	4.539049148999999	102.6760406	-47.07894516	-47.15898895
-190.1408386	76.01550293	55.64704895	78.1663208	38.1071701	102.49132540000001	9.360281944	-11.37409115	37.95642853	92.37996674	-3.716315985	66.94820404	-12.193157199999998	98.56906128	74.89946747	85.03538513	-84.9837265	23.48675156	-64.13383484	-5.355666161	-82.86270905	179.1471558	53.30868912	29.61707687	24.53915405	58.57212067	-59.66427612	27.75578499
-102.891098	-93.18078613	195.1696014	248.877121	9.47532177	149.5477905	118.46290590000001	-643.9476929	84.82962799	105.3259354	62.89971161	167.5980835	37.8152771	126.0784912	-22.36588669	71.29938507	8.820806503	40.16154861	-117.79130549999999	-84.90122986	-282.600708	136.7388458	-26.55568504	8.190526009	108.8245544	27.60494423	-118.5363007	-30.98233604
166.4871368	134.77336119999998	49.78557205	22.41883278	65.31044769	73.70922089	16.07547569	-67.39490509	12.39374733	-52.92366028	-20.19464684	20.76704407	61.74793243	18.46140862	9.351610184	17.51193237	-117.11011509999999	-37.22065353	-157.1503906	-74.87050629	-161.2002869	29.51336288	15.56715202	212.6200256	-15.46706581	59.95616913	-154.3808746	-118.8155289
60.55696487	124.38552859999999	166.4985657	160.66964719999999	29.33549881	100.15344240000002	-13.72443485	196.783783	32.57514191	8.66693306	121.2585983	150.2257385	68.09176636	44.7706604	46.92101669	111.4475632	13.09698963	65.63683319	-27.46530151	-37.69641876	75.82592773	215.32977290000002	88.57951355	148.33578490000002	16.93198586	-3.1249198910000002	-49.69000626	-77.32180786
24.1937294	52.65871429	131.2041168	90.59069061	15.07315826	337.8939514	3.464238167	185.3480835	-10.0307188	38.60487747	123.105423	88.01264954	15.942599300000001	34.99277115	53.83961487	86.00072479	-156.4264679	-13.54860115	-18.50871086	-24.14692879	-235.628067	-113.70584869999999	34.42596054	136.4757385	9.379098892	-0.8353850245000001	-37.03597641	-45.36318970000001
-70.33383179	55.14924622	157.08660890000002	184.680603	-12.53242207	130.7316284	23.05486488	61.48804855	-11.91182518	22.95820236	80.14682007	113.248024	65.78871918	75.79665375	74.12449646	98.70547485	-17.63708878	59.77339554	46.49213791	28.41704941	-224.03070069999998	-57.40221786	-8.226108551	170.7267761	13.75937557	51.74767303	24.8997612	1.374746323
40.25871658	123.19332890000001	255.2658691	249.25500490000002	43.66617584	185.6781006	-33.95740509	-41.69131088	-5.31105423	53.83432388	67.93952179	119.8061905	68.10585785	34.11687088	56.84008026	113.1390991	116.8221207	114.5785522	-38.10211945	-16.61574554	32.09907532	129.5402374	55.09092331	129.2188721	-27.86562157	73.10083771	-27.43770218	18.18601418
17.14184952	95.8289032	105.7522888	128.5964966	120.8650818	39.98007584	-7.057318211	-32.26817322	84.56990051	118.16176609999998	59.15898895	140.97702030000002	64.05660248	10.96601963	99.78644562	125.212326	131.6596527	123.9155121	-69.13768005	-13.77884197	54.274112699999996	178.330246	33.52523422	59.78299332	70.90674591	62.40964889999999	-35.18208694	-50.57133102
-94.77239990000001	-27.68181229	128.5015106	165.13179019999998	30.61647034	84.95396423	-56.28767395	-149.471756	44.78848648	89.55609131	80.41490173	160.5681	54.88704681	50.962234499999994	74.64545441	84.56583405	132.96043400000002	158.8036041	-45.3568306	8.345963478	-6.046402931	13.99094009	73.46296692	65.22808075	32.06449509	35.09531403	114.3637619	104.77342220000001
103.0140762	157.6219482	228.6583099	264.1495667	12.07086182	126.4306564	-50.35446548	18.06709099	53.19591904	59.94968414	69.9980011	152.3599701	-5.500133514	42.97904968	-36.17052460000001	35.2359848	79.71617126	127.2309494	-171.3287201	-41.00456619	124.3651199	85.03246307	40.95740509	41.50299072	-5.493099689	29.050586699999997	-77.13481903	-22.30778313
52.8157196	135.3269501	57.92390442	101.9827499	18.10564423	220.39534	-2.223464966	-4.701453208999999	-53.98436356	-65.88063812	112.61877439999999	189.6046143	8.7093153	13.78342628	124.230484	118.10160829999998	-40.41530228	6.548481941	-117.98986049999999	-90.25236511	74.95209503	137.7799683	32.21397018	70.04977417	11.52341938	-20.95976257	-75.57142639	-129.0044098
-64.86850739	82.26226807	94.11255646	128.64819340000003	-0.9036576152	87.32719421	-40.49333191	-49.85612106	10.547887800000002	-5.264906883	19.50267982	65.86775970000001	43.18143082	23.29834747	-14.32370186	-8.673873901	-50.28315735	92.18013763	-54.8807373	-21.23614311	-165.4592285	104.1556625	66.15132904	62.27630997	44.17434311	12.4441576	5.863190651	-35.50022125
106.30683140000001	-14.22712994	72.23322296	-3.589103699	15.88501167	103.8816681	25.36865425	2.87605834	14.24090958	7.140062332	97.55400085	116.5738449	27.71354866	-31.790229800000002	72.87738037	-45.92452621	51.64129257	50.84550476	8.964141846	-7.434886456	100.58242800000001	65.38535309	51.90003967	122.27747340000002	16.76112556	27.95863533	-32.53304672	-55.70442963
59.44184875	-9.881752967999999	126.230423	101.50891109999999	13.21150875	95.5578537	-57.51347733	-25.41651344	-1.490811944	54.73695374	63.71318054	84.63095093	61.58662796	8.363427162	83.93564606	63.62348175	76.28689575	-19.84387779	-36.32379913	-58.79304123	67.54808044	157.1214142	18.455669399999998	116.46662140000001	-10.70467091	-15.48725605	8.009830475	-84.55200958
-128.90527340000003	-2.348474741	-21.74437523	-99.64323425	-27.57502365	83.20584106	-76.97290802	-68.52248383	-2.2454154490000002	37.397995	44.13072968	110.5551834	-7.250888347999999	-53.11762238	34.40071106	-6.849997997000001	-6.612386227000001	-29.23900414	-2.5675945280000003	2.05441165	56.58594894	15.77467537	48.69414139	68.14019012	24.83166504	17.91007614	-37.79975891	19.35543251
44.97080612	119.3172379	4.4114699360000005	44.80205917	38.38830185	-0.694762826	74.42900085	-108.1232147	27.89823723	116.8528442	8.239315032999999	15.66293907	7.413217068	-10.59369564	147.1801605	52.36732483	-7.234477997000001	-10.63066673	-204.8929138	-93.24118805	115.55177309999999	116.13385770000001	30.35543251	91.52058411	35.885616299999995	5.629146099	23.87169266	-3.211502552
62.85883331	-42.88154984	65.04186249	-19.86797905	32.97200394	18.67306137	-49.93270493	6.1171178820000005	56.103015899999995	57.76508331	29.89678192	52.88875961	20.21595764	-50.99702835	81.48899078	3.56455636	-64.31661224	-21.95838356	19.6599102	-29.37263489	-113.54439540000001	59.12898636	17.33432388	75.54641724	-3.884016275	10.82876778	-12.11405945	-45.77473831
-125.19850919999999	17.3009491	61.15932846	-96.00211334	48.05309677	17.52343369	5.52345705	-170.3777618	33.32743835	71.76391602	50.10802841	31.89223862	-8.686486244	-45.06735229	2.652095079	-41.64296341	-131.84785459999998	-13.39769745	24.38134766	-85.72704315	15.20572758	113.73489380000001	-9.478047371	11.309333800000001	73.82606506	79.57701874	-10.75747967	-55.57320023
36.96345901	47.70562363	102.996048	120.96907040000002	50.78935242	30.54441261	45.83415985	-64.68730927	27.59499359	113.0277481	114.2111511	134.3167114	98.81391144	22.64275551	106.7962418	56.30098724	-6.0311622620000005	74.72080994	22.56189728	-54.57061005	118.85199740000002	207.97367859999997	77.98054504	104.48851009999998	17.72600174	26.61076736	2.236920357	-32.35337067
-290.69174189999995	-116.8945236	16.66822243	-73.3971405	-103.8747406	-8.556986809	-113.0967789	-163.8705139	4.347294807	42.43122101	28.383409499999996	83.70188904	19.27748108	2.690746546	10.24761105	-51.23286057	-119.91570279999999	-54.70824814	-129.9985046	-66.55675507	62.77169037	-7.910865783999999	-62.01719284	12.58625126	15.99052811	10.89813042	-58.32072449	-89.29328156
-121.05033870000001	-35.7648468	81.51643372	32.851848600000004	38.38899231	68.19384003	-14.52875137	-1.023056149	79.90520477	37.847019200000005	32.26451111	34.9144249	11.24872875	37.40920258	77.19866943	45.01058578	38.08450317	-36.36424637	-97.75061798	-22.0662117	28.28642082	13.72119045	-22.587572100000003	66.89347839	26.80563354	-15.03785038	-20.77015305	-14.70531845
-53.69486237	10.82248306	37.77211761	30.75932693	9.788573265	56.79188156	-27.54804802	-104.9971237	2.512262583	25.38767815	61.21092606	43.83805466	-6.757233143	3.372637749	119.5476074	56.19087219	49.95780945	-13.01287746	-82.44857025	-84.94589996	-10.58058167	145.01577759999998	-28.443546299999998	57.59412384	-66.18881989	18.84508514	6.882904053	-93.52372742
79.82059479	-71.39904785	70.1783371	-12.50492287	-16.02744102	-28.2945919	-65.77281952	-41.83675003	26.26532173	37.44682312	68.72468567	57.4512291	41.53221893	1.515408039	14.03947449	22.08247185	-87.63347626	-40.96051407	-22.37374496	-38.56437683	126.84602360000001	99.05367279	-6.753506184	38.84644699	60.25108337	7.2862830160000005	-18.68315697	-49.80016708
-230.81854249999998	-61.34605026	7.874600887000001	-1.6129589080000002	-15.13211632	-7.927017212000001	8.640692711	-107.96005249999999	7.817939281	-61.44556046	48.10719681	91.57532501	-29.63154411	8.51561451	122.050087	93.24178314	-74.9338913	-43.2335968	-31.91098022	-2.601448536	65.22117615	146.22842409999998	-42.14048767	14.8767395	12.09330082	1.582409739	-2.75371027	-26.58553314
-314.70669560000005	-89.74417114	16.32783699	18.128892899999997	-43.58842087	14.32876682	-78.28903961	-120.3826294	-7.263557911	-25.64855385	85.40087891	43.99860001	15.04340076	-5.325684071	74.92029572	38.15162277	-86.41300964	-50.55241394	-141.1655731	-94.10421753	229.54067990000001	99.8754425	-39.74925613	2.382159948	2.967318058	-5.201723576	-69.20687103	-115.0747223
-51.39464188	116.8918686	-85.45704651	68.89353179999999	20.65267944	17.17765045	-8.573248863	-93.246521	-25.91056442	-6.5060129170000005	126.43343349999999	85.27211761	-10.56620026	33.90260315	74.99217224	145.5885925	-113.30025479999999	-27.45987701	-224.8365631	-51.30568314	187.45233149999999	170.7662659	-58.76974106	-4.977066517	15.96639729	20.90569687	-140.4132233	-88.14492798
-99.56152344	-48.48252106	77.37350464	103.8812408	22.11021042	40.917331700000005	-31.4581089	-113.182373	-19.50230217	-127.93885800000001	70.3059845	68.65673065	-19.99774742	2.853734255	34.09499741	25.9636364	-66.75454712	-7.085837364	-155.9981689	-78.52276611	119.051796	-32.28783417	-39.03218842	-37.97591782	18.69023705	-17.55632019	-105.5502396	-111.5363159
187.5119629	-70.27576447	33.26242447	77.79590607	38.98646164	126.6723022	-114.7847672	-16.88311195	-29.11094093	-8.393911362	36.38154221	42.47743607	52.79876328	-53.7890625	46.19304657	0.8055816293000001	-8.875862122000001	24.89936447	44.05185318	0.1241684183	135.7637024	119.56546019999999	3.693127871	-11.10730171	31.86311531	-0.8084820509	6.875714302	-35.54205322
-131.13273619999998	30.92618752	-19.12400627	27.03338242	-24.47418404	120.58674620000001	-110.987381	-28.38285637	14.517609599999998	-89.44429016	17.48294258	70.22542572	21.77946854	-48.47088623	44.3483963	3.1811168189999997	-41.49812698	-77.36037445	-44.88896561	8.474715233	173.79025269999997	73.43130493	-1.581588745	119.03733829999999	6.605428218999999	-25.2628479	-25.19561768	-80.69343567
-355.35845950000004	-6.999807835	76.49161529999999	62.90592194	-57.34804916	40.93345642	-123.11286159999999	-192.88589480000002	29.64447975	70.55284882	131.1631622	100.00511170000001	-1.582335711	7.414864063	-13.53798676	-28.76776314	28.13365746	14.33304691	-201.4729156	-110.66443629999999	174.58100890000003	92.85814667	55.99459839	62.447803500000006	48.84804153	29.41522217	-89.31639099	-43.23501587
-10.15159035	-36.45116425	105.97997279999998	111.2146301	25.58389473	61.17818069	-14.66650963	-29.77098656	-35.60163116	-63.45471573	68.27690125	69.63316345	33.09334946	-17.66243553	24.95098495	-1.257735252	-134.5664368	57.73814011	19.10044861	24.76756668	80.23892975	52.40660858	65.65019989	78.88007355	-23.90291023	-7.66161871	-28.51940536	-45.04134369
27.72594833	29.90094948	84.79615021	118.65615840000001	22.80297279	52.14468765	-20.42767525	-85.399086	-13.32608509	11.93251896	78.73786926	67.68047333	1.775004029	8.239398956	-51.11602020000001	48.08097839	-61.49489975	-6.733984947000001	-149.83753969999998	-58.08858109	86.59635925	175.6592255	-88.00471497	-56.73994827	-12.01551819	-47.69958878	-65.76100922	-69.46035004
-221.835083	36.50998688	169.6213379	115.68974299999999	-33.5858078	41.99421692	-41.98810577	-125.1179581	-26.59480095	-22.83956718	116.95463559999999	128.06649779999998	42.69699097	27.56620026	29.96139145	-33.94056320000001	-60.86577606	-38.89739227	-101.2478256	-41.81414413	209.78285219999998	87.24726105	10.08694744	90.16720581	5.937504292000001	28.556453700000002	-16.49477386	12.11437988
-71.41855621	70.38195801	-92.73697662	-85.29754639	-5.5901751520000005	5.923784733	-39.53971481	-69.65364075	-40.03220367	-13.44614792	30.27041817	21.83881378	-15.45065975	-96.29192352	-42.44150925	-53.97018051	-151.7078094	-111.79719540000002	-97.14366913	-15.80243874	308.01538089999997	248.8909454	-103.5817108	-116.03984070000001	-37.03794479	-71.65511322	-131.7940826	-89.8081665
83.39807129	-6.967218399	-30.99175644	-92.61172485	5.52553606	119.54228970000001	-76.05690765	-65.14968872	57.69645691	15.00967312	48.48944473	128.6185608	54.27183151	-36.68075943	7.89530611	-22.2761364	-14.60247993	-19.97660255	-77.41281891	-30.17299461	98.50939941	234.6090851	-34.5259285	-99.84763336	-9.838254929	-21.99401283	-8.825602531	-37.48132706
-76.61817169	158.9708099	188.99617	121.4120331	5.984174727999999	102.40626529999999	24.6267395	0.5347107053	19.91431618	67.82509613	85.38430786	123.1818466	57.74968338	90.26379395	86.32553101	89.66416931	35.49462128	12.46147346	-39.47170258	-27.56376076	-7.29865694	13.85399151	65.55519867	104.7854996	125.8070831	54.40697479	-6.905116081	27.70077896
22.00413895	67.61901093	-28.26913643	-30.17092705	50.5773735	200.1712494	28.13652039	48.96979523	-24.10391235	49.24385452	9.789194107	36.81831741	10.8099823	7.975299835	8.101737976	70.83860779	-57.05290604	13.76570415	-100.7611389	-70.7557373	-36.07775497	31.20108986	-0.16995342079999998	-1.589266896	37.08751678	8.314866066	-96.74338531	-57.94866943
-300.74993900000004	-51.2024498	106.8777466	24.89323425	-30.87054253	131.6372986	-116.5669937	-67.79704285	-20.64775848	-101.11975100000001	-44.50388718	-76.28752136	43.66044998	70.6266098	-8.651342392	-24.77993774	-109.31884769999999	-30.40581512	-170.49057009999999	-67.67889404	-353.4972229	176.471405	-33.11655807	29.03119469	-43.121521	-32.14974213	-90.15529633	-51.03607941
23.08229446	44.08264923	96.8432312	45.81974411	11.05835056	110.7439728	-28.32084465	20.02049828	45.29711914	98.010849	87.58071136	153.7342529	63.3545723	46.81693649	22.08719063	113.1570435	87.90354919	60.61488724	-63.79653549	32.76867294	61.48088455	122.8678207	-27.74484825	-81.20896149	59.03338242	36.27795029	-5.473735809	1.115260959
166.140976	155.8905029	105.39785	159.3311005	62.64307785	121.57954409999999	34.02954483	39.6579361	99.73648834	29.96269989	84.09165192	92.54890442	99.38275909	96.48096466	125.34349820000001	149.5327301	18.46235466	99.60582733	32.12085342	56.93900299	27.67394638	114.4417419	71.08428192	-17.54284096	65.94807434	49.61726379	12.23636532	46.04768372
209.4864197	-134.2141266	40.31061935	-36.26239395	38.44908142	-54.09937668	-94.32377625	-368.2341919	-5.037908077	27.70942688	-36.87973022	17.73652267	-27.35068703	-43.84621429	-0.3048262596	-67.91964722	29.42791939	-39.8960228	-146.28613280000002	-11.98343849	351.10263060000005	187.3286438	25.28715324	-105.45408629999999	13.97483349	28.47917938	-99.58016968	-169.92468259999998
4.926062583999999	29.73716164	44.24102783	-39.77481079	24.62072563	55.26019287	-20.41449738	-80.53142548	15.34864998	5.775878429	49.04113007	80.62886047	40.41945267	29.94710922	34.397686	48.97177124	-84.41545105	-53.21771622	-66.61540222	-43.04719162	42.67142868	202.3187408	-6.530865192	35.27740097	43.43820953	-9.202939034	-65.01168823	-47.85210037
-55.96497726	-155.6704559	21.81812859	22.90528679	39.24064255	109.1337128	8.277812004	-19.21012878	14.17709351	4.485514641	15.747002599999998	69.93338776	-5.003296852	18.30487061	32.30789948	51.89094925	-115.86036680000001	-67.67488861	-116.9292145	-54.86528397	-96.4662323	-132.8753357	-45.16351318	-55.2896843	-26.34254456	-23.99298477	-64.13910675	-27.85839462
-96.45144653	19.59271812	75.14375305	98.12673187	17.42086983	127.1946564	-31.73003197	-38.16513062	27.20902824	-11.51936817	48.54202271	148.1044312	89.51065826	10.004983900000001	145.6750488	151.21424869999998	117.1420746	55.59931564	-29.54973984	-37.87047958	-78.81733704	152.1812286	27.84064674	88.88153076	7.019783974	12.18170643	23.38805771	25.80732346
113.31549070000001	55.81130219	129.52577209999998	219.34942630000003	56.83439255	84.28018951	104.1778259	-246.9071655	154.5009155	176.320755	47.15185547	113.10664369999999	125.7362213	60.99246597	60.78516388	134.0428925	-15.16029072	67.14614105	1.8549618719999998	11.82739067	23.75620842	-102.4747009	80.40270233	98.72330475	99.24495697	53.52915955	4.370156765	-21.52195358
-86.52912140000001	-75.67864990000001	76.68041992	66.48639679	13.53538418	-3.1336312289999997	-39.33301544	-85.06279755	1.185533285	-14.00338459	-6.0397653579999995	29.77828026	-65.12846375	-21.65527534	136.9896088	55.247508999999994	-22.55342674	6.133146286000001	-69.62563324	-35.82702255	11.19464397	-65.15520477	8.971561432	85.88637543	-36.69927979	40.09979248	-84.09513092	-41.49452209
-46.16917801	185.2053986	148.29629519999997	178.15940859999998	73.93395996	240.5715942	30.44628716	73.84068298	78.92147827	86.54706573	56.66129684	122.9339218	66.55599976	128.0270386	74.64618683	127.1764221	127.30586240000001	75.6702652	-67.72349548	-59.44054413	-19.63867569	275.15859989999996	33.59916687	26.97488213	80.99739838	12.82121086	-26.91481972	-8.991881371
40.25871658	123.19332890000001	255.2658691	249.25500490000002	43.66617584	185.6781006	-33.95740509	-41.69131088	-5.31105423	53.83432388	67.93952179	119.8061905	68.10585785	34.11687088	56.84008026	113.1390991	116.8221207	114.5785522	-38.10211945	-16.61574554	32.09907532	129.5402374	55.09092331	129.2188721	-27.86562157	73.10083771	-27.43770218	18.18601418
-98.04524231	36.73098373	23.92389107	28.36039734	-49.80192184	96.99945831	-70.3520813	-1.625045061	-36.8940506	30.22106552	22.23665428	111.78543090000001	-66.43308258	3.550619125	9.447439194	27.19509125	-68.48789978	-28.694013599999998	-14.6849432	-38.66398239	-76.59159851	7.448037147999999	27.24322701	139.3901062	-10.96272278	-33.65578079	-35.49024582	-17.88382912
17.14184952	95.8289032	105.7522888	128.5964966	120.8650818	39.98007584	-7.057318211	-32.26817322	84.56990051	118.16176609999998	59.15898895	140.97702030000002	64.05660248	10.96601963	99.78644562	125.212326	131.6596527	123.9155121	-69.13768005	-13.77884197	54.274112699999996	178.330246	33.52523422	59.78299332	70.90674591	62.40964889999999	-35.18208694	-50.57133102
-76.48810577	67.75078583	167.0821686	95.46170044	22.35096741	75.93346405	-6.416304587999999	194.20289609999998	2.566027164	-20.78434372	47.48683548	117.70205690000002	86.37612915	10.70548916	55.20796585	36.46900177	115.6751938	122.60170749999999	17.60234451	1.9865766759999999	-112.2083588	157.38394169999998	59.83569336	143.7608185	-0.5541602969	47.47903061	15.35004425	63.16810226
-10.26622105	7.962859153999999	121.70411680000001	110.7583694	48.94625092	83.70617676	-89.57025909	221.5114441	-42.33228302	-5.6725778579999995	25.07275772	35.52368546	-11.1245966	-6.289560795	53.21570206	88.10419464	-17.045394899999998	45.26229858	-22.09383583	-26.45520973	104.53205870000001	169.08599850000002	18.99532127	94.95578766	19.23217773	-18.80666733	43.39565659	28.78705978
232.99273680000002	313.5480957	46.2423439	169.365036	102.9223022	230.6558228	62.38259125	47.46008301	83.30578613	33.26163483	85.77609253	174.33222959999998	120.28591159999999	139.0728912	146.776413	154.7141113	1.4032046790000001	115.6955795	-145.4709625	-34.75729752	184.9485321	257.2020874	56.55189133	57.87344742	44.71252823	64.29030609	-130.3691559	-148.087738
52.8157196	135.3269501	57.92390442	101.9827499	18.10564423	220.39534	-2.223464966	-4.701453208999999	-53.98436356	-65.88063812	112.61877439999999	189.6046143	8.7093153	13.78342628	124.230484	118.10160829999998	-40.41530228	6.548481941	-117.98986049999999	-90.25236511	74.95209503	137.7799683	32.21397018	70.04977417	11.52341938	-20.95976257	-75.57142639	-129.0044098
-37.44742584	-35.83470535	56.45061493	83.89679718	-37.26631165	9.827562332000001	-40.29439926	-162.7203064	0.7553268671	11.61131477	57.90447617	84.80406189	27.83123398	71.4265976	25.04402542	107.77469640000001	-20.12751007	-27.69729424	-108.46799469999999	19.39143753	158.6322479	72.44819641	9.308612822999999	109.7109146	69.91999817	42.43839264	3.0911438469999997	-11.53602791
106.30683140000001	-14.22712994	72.23322296	-3.589103699	15.88501167	103.8816681	25.36865425	2.87605834	14.24090958	7.140062332	97.55400085	116.5738449	27.71354866	-31.790229800000002	72.87738037	-45.92452621	51.64129257	50.84550476	8.964141846	-7.434886456	100.58242800000001	65.38535309	51.90003967	122.27747340000002	16.76112556	27.95863533	-32.53304672	-55.70442963
48.78790283	-71.23834991	101.9677277	84.45053101	-12.50271893	19.73653221	-54.69118118	-45.19862747	31.29825592	69.35891724	37.78946304	82.91140747	32.41731644	-0.44871562719999997	46.37623978	38.02433777	15.2544117	-11.61893272	-33.6929245	-51.67929077	86.52217865	99.33838654	30.2162075	70.43334198	22.04034805	-4.384290218	6.616424084	-3.0272660260000004
59.44184875	-9.881752967999999	126.230423	101.50891109999999	13.21150875	95.5578537	-57.51347733	-25.41651344	-1.490811944	54.73695374	63.71318054	84.63095093	61.58662796	8.363427162	83.93564606	63.62348175	76.28689575	-19.84387779	-36.32379913	-58.79304123	67.54808044	157.1214142	18.455669399999998	116.46662140000001	-10.70467091	-15.48725605	8.009830475	-84.55200958
23.60697365	-83.29654694	126.3183136	149.0586395	92.14672089	65.44981384	-16.12461853	105.65986629999999	24.44918823	74.01340485	64.93816376	137.4547577	26.57413673	52.79372406	133.4927216	108.12823490000001	-77.86194611	-9.858273506	-179.5423126	-154.3483734	190.7201233	209.14570619999998	28.56739616	71.43710327	14.73359585	-6.320085526000001	-21.83105469	-106.99411770000002
-128.90527340000003	-2.348474741	-21.74437523	-99.64323425	-27.57502365	83.20584106	-76.97290802	-68.52248383	-2.2454154490000002	37.397995	44.13072968	110.5551834	-7.250888347999999	-53.11762238	34.40071106	-6.849997997000001	-6.612386227000001	-29.23900414	-2.5675945280000003	2.05441165	56.58594894	15.77467537	48.69414139	68.14019012	24.83166504	17.91007614	-37.79975891	19.35543251
62.85883331	-42.88154984	65.04186249	-19.86797905	32.97200394	18.67306137	-49.93270493	6.1171178820000005	56.103015899999995	57.76508331	29.89678192	52.88875961	20.21595764	-50.99702835	81.48899078	3.56455636	-64.31661224	-21.95838356	19.6599102	-29.37263489	-113.54439540000001	59.12898636	17.33432388	75.54641724	-3.884016275	10.82876778	-12.11405945	-45.77473831
-125.19850919999999	17.3009491	61.15932846	-96.00211334	48.05309677	17.52343369	5.52345705	-170.3777618	33.32743835	71.76391602	50.10802841	31.89223862	-8.686486244	-45.06735229	2.652095079	-41.64296341	-131.84785459999998	-13.39769745	24.38134766	-85.72704315	15.20572758	113.73489380000001	-9.478047371	11.309333800000001	73.82606506	79.57701874	-10.75747967	-55.57320023
-266.98715209999995	-150.7653503	-53.68775177	-164.6912994	7.196665764	87.56472015	-133.600708	-269.18597410000007	-38.28630447	88.8918457	39.2124939	-8.172254562	-40.2007103	-79.34647369	62.99205399	-110.79507450000001	-91.77120209	-86.98668671	-208.9820099	40.81140518	168.724472	-24.70035553	-123.31565859999999	6.859289646000001	-48.30460739	-59.71900177	-25.77444267	-98.87023163
-191.7308502	-119.1130295	114.5202255	19.85313416	40.7755928	12.98806763	-24.34480476	-146.3948212	48.84571457	57.25864792	143.6421204	138.66065980000002	25.02454185	48.918552399999996	-20.78613663	53.85542297	7.491489887	-10.90190601	-218.17465209999997	-83.89790344	107.55606840000002	116.0448532	-24.75101471	67.99669647	41.89860535	49.02469254	-19.4558239	-33.97659683
-121.05033870000001	-35.7648468	81.51643372	32.851848600000004	38.38899231	68.19384003	-14.52875137	-1.023056149	79.90520477	37.847019200000005	32.26451111	34.9144249	11.24872875	37.40920258	77.19866943	45.01058578	38.08450317	-36.36424637	-97.75061798	-22.0662117	28.28642082	13.72119045	-22.587572100000003	66.89347839	26.80563354	-15.03785038	-20.77015305	-14.70531845
54.54009628	-36.79973602	124.1278687	233.93046569999996	36.12223434	62.15247726	-18.89598465	-37.83402252	-12.81065464	9.731946945	22.86836624	76.90240479	33.98078918	-16.98857689	148.219635	60.81526566	-125.21784209999998	-36.77186203	-140.0967865	-61.28474426	220.15061949999998	155.8278656	-85.51029205	34.13696289	-21.25930977	-19.91641617	-107.6796646	-109.732254
79.82059479	-71.39904785	70.1783371	-12.50492287	-16.02744102	-28.2945919	-65.77281952	-41.83675003	26.26532173	37.44682312	68.72468567	57.4512291	41.53221893	1.515408039	14.03947449	22.08247185	-87.63347626	-40.96051407	-22.37374496	-38.56437683	126.84602360000001	99.05367279	-6.753506184	38.84644699	60.25108337	7.2862830160000005	-18.68315697	-49.80016708
-230.81854249999998	-61.34605026	7.874600887000001	-1.6129589080000002	-15.13211632	-7.927017212000001	8.640692711	-107.96005249999999	7.817939281	-61.44556046	48.10719681	91.57532501	-29.63154411	8.51561451	122.050087	93.24178314	-74.9338913	-43.2335968	-31.91098022	-2.601448536	65.22117615	146.22842409999998	-42.14048767	14.8767395	12.09330082	1.582409739	-2.75371027	-26.58553314
-314.70669560000005	-89.74417114	16.32783699	18.128892899999997	-43.58842087	14.32876682	-78.28903961	-120.3826294	-7.263557911	-25.64855385	85.40087891	43.99860001	15.04340076	-5.325684071	74.92029572	38.15162277	-86.41300964	-50.55241394	-141.1655731	-94.10421753	229.54067990000001	99.8754425	-39.74925613	2.382159948	2.967318058	-5.201723576	-69.20687103	-115.0747223
-63.40765381	21.0272522	-33.51702118	65.81739807	2.600395679	43.4133873	-69.62586212	-77.48277283	49.26387024	-21.68925858	91.63977814	106.76039890000001	-11.14277554	-27.229728700000003	51.59873581	38.66759491	-14.73550034	-62.61729813	-102.12603	-37.5582695	10.22245789	48.39209747	-31.46269226	-54.75547409	-70.71489716	-1.090144515	-63.10831833	-8.607998848
187.5119629	-70.27576447	33.26242447	77.79590607	38.98646164	126.6723022	-114.7847672	-16.88311195	-29.11094093	-8.393911362	36.38154221	42.47743607	52.79876328	-53.7890625	46.19304657	0.8055816293000001	-8.875862122000001	24.89936447	44.05185318	0.1241684183	135.7637024	119.56546019999999	3.693127871	-11.10730171	31.86311531	-0.8084820509	6.875714302	-35.54205322
44.18584824	28.530626300000005	38.59740067	-25.02063179	40.58747864	-34.62974929999999	-4.071967125	-131.80926509999998	13.15462112	33.49513245	82.17758942	61.76269913	40.11650848	-3.92493391	-35.02142715	-2.267270565	-23.30231857	12.24932575	22.66230202	30.80158424	-15.66585732	80.32543182	-39.34717941	20.0015564	-15.230078699999998	1.516096354	75.55298615	59.40800095
-131.13273619999998	30.92618752	-19.12400627	27.03338242	-24.47418404	120.58674620000001	-110.987381	-28.38285637	14.517609599999998	-89.44429016	17.48294258	70.22542572	21.77946854	-48.47088623	44.3483963	3.1811168189999997	-41.49812698	-77.36037445	-44.88896561	8.474715233	173.79025269999997	73.43130493	-1.581588745	119.03733829999999	6.605428218999999	-25.2628479	-25.19561768	-80.69343567
-300.73999019999997	105.9510422	58.93136597	-65.24951935	-48.48454666	232.51666260000002	22.28170586	-10.06067085	46.78820419	50.09135818	42.81856537	130.5750122	86.57423401	16.86680412	82.97570038	66.71671295	30.26714897	112.2877808	-72.94264984	8.725442886	71.86299133	-157.34004209999998	102.5245132	159.30355830000002	-39.35318375	5.137708664	23.99679184	3.284754992
42.07511139	-21.82626343	17.93305206	92.08473969	-19.59950447	50.42070770000001	-60.46828842	-87.31278992	0.1601149589	11.050417900000001	59.75180435	59.82335663	42.18400192	-69.09609985	-84.49891663	18.22239113	-1.607120991	-6.003521442	41.76383972	17.13603783	-12.42515755	152.377594	15.16990662	54.70968246	-5.6045198439999995	18.74472046	45.46411514	42.51198959
27.72594833	29.90094948	84.79615021	118.65615840000001	22.80297279	52.14468765	-20.42767525	-85.399086	-13.32608509	11.93251896	78.73786926	67.68047333	1.775004029	8.239398956	-51.11602020000001	48.08097839	-61.49489975	-6.733984947000001	-149.83753969999998	-58.08858109	86.59635925	175.6592255	-88.00471497	-56.73994827	-12.01551819	-47.69958878	-65.76100922	-69.46035004
4.244735241	70.3223877	133.3540192	189.0951843	38.9504776	54.41028214	56.48996735	56.67333221	38.53084564	74.19191742	147.6387787	88.68766785	38.80751038	21.53700256	-38.06184769	36.28245544	-16.25710106	80.19703674	-67.51237488	-19.57829285	125.7361145	21.33589363	90.32738495	89.64923859	-51.11400604	21.82878685	-1.2182505129999999	-1.6692538259999998
0.2588353753	-63.30047607	44.42169189	109.90694429999999	-38.12493134	74.85369109999999	-38.97540665	74.69485474	0.8373248577	-39.86963654	31.02121735	134.7189636	27.012485499999997	9.212546349	30.88117218	-30.66119957	-33.44385529	-63.6352005	-59.35261154	-65.04399109	-86.20273590000001	-110.58904270000001	-61.18798828	5.647624016	20.50528526	8.871139526	-56.55660629	46.37047958
-71.41855621	70.38195801	-92.73697662	-85.29754639	-5.5901751520000005	5.923784733	-39.53971481	-69.65364075	-40.03220367	-13.44614792	30.27041817	21.83881378	-15.45065975	-96.29192352	-42.44150925	-53.97018051	-151.7078094	-111.79719540000002	-97.14366913	-15.80243874	308.01538089999997	248.8909454	-103.5817108	-116.03984070000001	-37.03794479	-71.65511322	-131.7940826	-89.8081665
83.39807129	-6.967218399	-30.99175644	-92.61172485	5.52553606	119.54228970000001	-76.05690765	-65.14968872	57.69645691	15.00967312	48.48944473	128.6185608	54.27183151	-36.68075943	7.89530611	-22.2761364	-14.60247993	-19.97660255	-77.41281891	-30.17299461	98.50939941	234.6090851	-34.5259285	-99.84763336	-9.838254929	-21.99401283	-8.825602531	-37.48132706
-76.61817169	158.9708099	188.99617	121.4120331	5.984174727999999	102.40626529999999	24.6267395	0.5347107053	19.91431618	67.82509613	85.38430786	123.1818466	57.74968338	90.26379395	86.32553101	89.66416931	35.49462128	12.46147346	-39.47170258	-27.56376076	-7.29865694	13.85399151	65.55519867	104.7854996	125.8070831	54.40697479	-6.905116081	27.70077896
-165.9063416	137.3914337	143.7634583	104.5652618	4.850266457	169.5479584	24.77912712	35.31969452	25.69430733	37.45327759	90.71804809999999	119.17036440000001	78.27210236	61.93874741	62.28679657	64.33664703	-6.680341244	70.95635223	-94.87001801	-11.72606659	-34.84069443	80.56724548	50.038829799999995	54.84741211	83.60942078	51.56999588	-96.59620667	-71.02654266
-62.55272675	-209.8323517	-2.821096182	-90.2093811	95.63258362	168.1498566	-16.51447296	-150.0298157	12.55811214	99.36273193	-42.30860138	70.08627319	13.86471081	39.45259857	75.66784668	-10.36297035	-22.20149612	33.77422333	-149.3584137	32.54862213	14.92512321	185.201355	73.76574707	67.10899353	46.16204071	83.75139618	-91.55522919	23.74352455
-300.74993900000004	-51.2024498	106.8777466	24.89323425	-30.87054253	131.6372986	-116.5669937	-67.79704285	-20.64775848	-101.11975100000001	-44.50388718	-76.28752136	43.66044998	70.6266098	-8.651342392	-24.77993774	-109.31884769999999	-30.40581512	-170.49057009999999	-67.67889404	-353.4972229	176.471405	-33.11655807	29.03119469	-43.121521	-32.14974213	-90.15529633	-51.03607941
23.08229446	44.08264923	96.8432312	45.81974411	11.05835056	110.7439728	-28.32084465	20.02049828	45.29711914	98.010849	87.58071136	153.7342529	63.3545723	46.81693649	22.08719063	113.1570435	87.90354919	60.61488724	-63.79653549	32.76867294	61.48088455	122.8678207	-27.74484825	-81.20896149	59.03338242	36.27795029	-5.473735809	1.115260959
209.4864197	-134.2141266	40.31061935	-36.26239395	38.44908142	-54.09937668	-94.32377625	-368.2341919	-5.037908077	27.70942688	-36.87973022	17.73652267	-27.35068703	-43.84621429	-0.3048262596	-67.91964722	29.42791939	-39.8960228	-146.28613280000002	-11.98343849	351.10263060000005	187.3286438	25.28715324	-105.45408629999999	13.97483349	28.47917938	-99.58016968	-169.92468259999998
4.926062583999999	29.73716164	44.24102783	-39.77481079	24.62072563	55.26019287	-20.41449738	-80.53142548	15.34864998	5.775878429	49.04113007	80.62886047	40.41945267	29.94710922	34.397686	48.97177124	-84.41545105	-53.21771622	-66.61540222	-43.04719162	42.67142868	202.3187408	-6.530865192	35.27740097	43.43820953	-9.202939034	-65.01168823	-47.85210037
-67.59117889	7.4191713329999995	14.2569685	-2.140054703	-32.42196655	139.3173218	-49.35755539	-99.41938782	3.06738019	27.65057182	33.10748291	73.68295288	-2.3257598880000003	-37.78689194	-49.6996994	9.600276947000001	-112.7034683	-44.57599258	-35.17017746	-44.64480591	-64.4331665	30.05173492	-86.97527313	-6.507310867	24.79620171	-8.18112278	-7.7438430789999995	-45.71186829
31.75679398	-27.31510353	26.84926987	4.278178215	80.42272949	102.22331240000001	43.62894058	22.08421326	12.27737141	50.01725769	61.10267258	88.58506012	36.32160568	19.31688881	62.45960617	89.66810608	-35.39972305	29.67215729	-107.28302759999998	-35.47493362	127.4238129	254.44586180000002	-67.73332214	-91.83111572	26.941627500000003	62.58701324	-130.5559235	-110.1902847
-55.96497726	-155.6704559	21.81812859	22.90528679	39.24064255	109.1337128	8.277812004	-19.21012878	14.17709351	4.485514641	15.747002599999998	69.93338776	-5.003296852	18.30487061	32.30789948	51.89094925	-115.86036680000001	-67.67488861	-116.9292145	-54.86528397	-96.4662323	-132.8753357	-45.16351318	-55.2896843	-26.34254456	-23.99298477	-64.13910675	-27.85839462
216.10412599999998	127.639679	137.890213	191.2489624	155.2750092	122.5195999	100.1034622	73.56212616	62.20697784	97.79364014	49.60991669	147.4745941	111.1057892	140.0204468	89.14502716	134.6628876	53.209899899999996	78.24873352	-37.88223267	34.97857666	95.5193634	165.0822449	71.35154724	114.25006100000002	4.539049148999999	102.6760406	-47.07894516	-47.15898895
-190.1408386	76.01550293	55.64704895	78.1663208	38.1071701	102.49132540000001	9.360281944	-11.37409115	37.95642853	92.37996674	-3.716315985	66.94820404	-12.193157199999998	98.56906128	74.89946747	85.03538513	-84.9837265	23.48675156	-64.13383484	-5.355666161	-82.86270905	179.1471558	53.30868912	29.61707687	24.53915405	58.57212067	-59.66427612	27.75578499
-96.45144653	19.59271812	75.14375305	98.12673187	17.42086983	127.1946564	-31.73003197	-38.16513062	27.20902824	-11.51936817	48.54202271	148.1044312	89.51065826	10.004983900000001	145.6750488	151.21424869999998	117.1420746	55.59931564	-29.54973984	-37.87047958	-78.81733704	152.1812286	27.84064674	88.88153076	7.019783974	12.18170643	23.38805771	25.80732346
166.4871368	134.77336119999998	49.78557205	22.41883278	65.31044769	73.70922089	16.07547569	-67.39490509	12.39374733	-52.92366028	-20.19464684	20.76704407	61.74793243	18.46140862	9.351610184	17.51193237	-117.11011509999999	-37.22065353	-157.1503906	-74.87050629	-161.2002869	29.51336288	15.56715202	212.6200256	-15.46706581	59.95616913	-154.3808746	-118.8155289
-77.90995026	-148.415329	204.81953430000002	224.22300719999998	66.96748352	20.634161	94.20571899	-762.8773193	80.3625946	82.27169037	108.63596340000001	151.3091125	36.56103134	99.11828613	102.37464140000002	141.15718080000002	82.7612915	146.6887207	-65.61769867	-75.59645844	-210.0758972	-211.57955930000003	56.30638123	73.9280777	57.84705353	64.22653961	-92.03479767	-93.40322876
113.31549070000001	55.81130219	129.52577209999998	219.34942630000003	56.83439255	84.28018951	104.1778259	-246.9071655	154.5009155	176.320755	47.15185547	113.10664369999999	125.7362213	60.99246597	60.78516388	134.0428925	-15.16029072	67.14614105	1.8549618719999998	11.82739067	23.75620842	-102.4747009	80.40270233	98.72330475	99.24495697	53.52915955	4.370156765	-21.52195358
-46.16917801	185.2053986	148.29629519999997	178.15940859999998	73.93395996	240.5715942	30.44628716	73.84068298	78.92147827	86.54706573	56.66129684	122.9339218	66.55599976	128.0270386	74.64618683	127.1764221	127.30586240000001	75.6702652	-67.72349548	-59.44054413	-19.63867569	275.15859989999996	33.59916687	26.97488213	80.99739838	12.82121086	-26.91481972	-8.991881371
-70.33383179	55.14924622	157.08660890000002	184.680603	-12.53242207	130.7316284	23.05486488	61.48804855	-11.91182518	22.95820236	80.14682007	113.248024	65.78871918	75.79665375	74.12449646	98.70547485	-17.63708878	59.77339554	46.49213791	28.41704941	-224.03070069999998	-57.40221786	-8.226108551	170.7267761	13.75937557	51.74767303	24.8997612	1.374746323
40.25871658	123.19332890000001	255.2658691	249.25500490000002	43.66617584	185.6781006	-33.95740509	-41.69131088	-5.31105423	53.83432388	67.93952179	119.8061905	68.10585785	34.11687088	56.84008026	113.1390991	116.8221207	114.5785522	-38.10211945	-16.61574554	32.09907532	129.5402374	55.09092331	129.2188721	-27.86562157	73.10083771	-27.43770218	18.18601418
-76.48810577	67.75078583	167.0821686	95.46170044	22.35096741	75.93346405	-6.416304587999999	194.20289609999998	2.566027164	-20.78434372	47.48683548	117.70205690000002	86.37612915	10.70548916	55.20796585	36.46900177	115.6751938	122.60170749999999	17.60234451	1.9865766759999999	-112.2083588	157.38394169999998	59.83569336	143.7608185	-0.5541602969	47.47903061	15.35004425	63.16810226
-10.26622105	7.962859153999999	121.70411680000001	110.7583694	48.94625092	83.70617676	-89.57025909	221.5114441	-42.33228302	-5.6725778579999995	25.07275772	35.52368546	-11.1245966	-6.289560795	53.21570206	88.10419464	-17.045394899999998	45.26229858	-22.09383583	-26.45520973	104.53205870000001	169.08599850000002	18.99532127	94.95578766	19.23217773	-18.80666733	43.39565659	28.78705978
-94.77239990000001	-27.68181229	128.5015106	165.13179019999998	30.61647034	84.95396423	-56.28767395	-149.471756	44.78848648	89.55609131	80.41490173	160.5681	54.88704681	50.962234499999994	74.64545441	84.56583405	132.96043400000002	158.8036041	-45.3568306	8.345963478	-6.046402931	13.99094009	73.46296692	65.22808075	32.06449509	35.09531403	114.3637619	104.77342220000001
232.99273680000002	313.5480957	46.2423439	169.365036	102.9223022	230.6558228	62.38259125	47.46008301	83.30578613	33.26163483	85.77609253	174.33222959999998	120.28591159999999	139.0728912	146.776413	154.7141113	1.4032046790000001	115.6955795	-145.4709625	-34.75729752	184.9485321	257.2020874	56.55189133	57.87344742	44.71252823	64.29030609	-130.3691559	-148.087738
103.0140762	157.6219482	228.6583099	264.1495667	12.07086182	126.4306564	-50.35446548	18.06709099	53.19591904	59.94968414	69.9980011	152.3599701	-5.500133514	42.97904968	-36.17052460000001	35.2359848	79.71617126	127.2309494	-171.3287201	-41.00456619	124.3651199	85.03246307	40.95740509	41.50299072	-5.493099689	29.050586699999997	-77.13481903	-22.30778313
48.78790283	-71.23834991	101.9677277	84.45053101	-12.50271893	19.73653221	-54.69118118	-45.19862747	31.29825592	69.35891724	37.78946304	82.91140747	32.41731644	-0.44871562719999997	46.37623978	38.02433777	15.2544117	-11.61893272	-33.6929245	-51.67929077	86.52217865	99.33838654	30.2162075	70.43334198	22.04034805	-4.384290218	6.616424084	-3.0272660260000004
117.98143770000001	110.53549960000001	84.68356323	103.5125122	9.904417992	44.38754272	69.74121857	72.16572571	4.322387218	19.876194	46.70002747	86.03713989	22.16991615	61.88276672	66.37031555	90.79574585	-40.59585953	56.56748962	34.9159317	-48.32973099	-1.404018879	-7.247645855	57.48885345	109.9175415	60.27476120000001	95.94576263	-21.644882199999998	-42.73076248
-128.90527340000003	-2.348474741	-21.74437523	-99.64323425	-27.57502365	83.20584106	-76.97290802	-68.52248383	-2.2454154490000002	37.397995	44.13072968	110.5551834	-7.250888347999999	-53.11762238	34.40071106	-6.849997997000001	-6.612386227000001	-29.23900414	-2.5675945280000003	2.05441165	56.58594894	15.77467537	48.69414139	68.14019012	24.83166504	17.91007614	-37.79975891	19.35543251
44.97080612	119.3172379	4.4114699360000005	44.80205917	38.38830185	-0.694762826	74.42900085	-108.1232147	27.89823723	116.8528442	8.239315032999999	15.66293907	7.413217068	-10.59369564	147.1801605	52.36732483	-7.234477997000001	-10.63066673	-204.8929138	-93.24118805	115.55177309999999	116.13385770000001	30.35543251	91.52058411	35.885616299999995	5.629146099	23.87169266	-3.211502552
-28.950477600000003	13.14846516	163.8061371	43.69356537	24.99951744	62.39136887	55.46927643	-36.940380100000006	-6.859831333	45.70352936	33.72037506	65.4303894	79.79266357	44.55958557	18.65538025	71.70766449	51.24110413	12.06181431	-47.72216797	-81.09205627	126.76870729999999	160.4673309	30.05590057	64.76754761	12.00503922	49.25375748	-1.673465133	-21.53014565
-111.4806137	-34.73114014	6.124996662	-29.37805557	-96.87553406	-20.58725929	-87.16381073	-69.35877991	-33.26184082	14.48474121	59.91730881	128.8340302	62.29127884	-11.4796133	9.612935066	-21.54083443	-56.089233400000005	-51.35715103	-61.58259583	-35.66616821	126.6137314	170.92929080000002	-88.29394531	-26.30962753	-17.61582947	-40.54581833	-45.97911835	-69.14818573
153.8862762	-38.50981903	80.43916321	111.75637820000001	12.60363007	-19.36574936	43.94585419	17.68138885	-14.45017338	-3.1034653189999997	46.56607437	88.77315521	-0.7281578779000001	0.4778044522	46.49668503	-26.2773571	-47.74444199	3.614916086	62.20616531	4.722274303	110.7104111	-56.43348694	-29.80284119	34.07253265	34.69151688	31.39206123	4.31929493	-77.57263947
-125.19850919999999	17.3009491	61.15932846	-96.00211334	48.05309677	17.52343369	5.52345705	-170.3777618	33.32743835	71.76391602	50.10802841	31.89223862	-8.686486244	-45.06735229	2.652095079	-41.64296341	-131.84785459999998	-13.39769745	24.38134766	-85.72704315	15.20572758	113.73489380000001	-9.478047371	11.309333800000001	73.82606506	79.57701874	-10.75747967	-55.57320023
36.96345901	47.70562363	102.996048	120.96907040000002	50.78935242	30.54441261	45.83415985	-64.68730927	27.59499359	113.0277481	114.2111511	134.3167114	98.81391144	22.64275551	106.7962418	56.30098724	-6.0311622620000005	74.72080994	22.56189728	-54.57061005	118.85199740000002	207.97367859999997	77.98054504	104.48851009999998	17.72600174	26.61076736	2.236920357	-32.35337067
-266.98715209999995	-150.7653503	-53.68775177	-164.6912994	7.196665764	87.56472015	-133.600708	-269.18597410000007	-38.28630447	88.8918457	39.2124939	-8.172254562	-40.2007103	-79.34647369	62.99205399	-110.79507450000001	-91.77120209	-86.98668671	-208.9820099	40.81140518	168.724472	-24.70035553	-123.31565859999999	6.859289646000001	-48.30460739	-59.71900177	-25.77444267	-98.87023163
-191.7308502	-119.1130295	114.5202255	19.85313416	40.7755928	12.98806763	-24.34480476	-146.3948212	48.84571457	57.25864792	143.6421204	138.66065980000002	25.02454185	48.918552399999996	-20.78613663	53.85542297	7.491489887	-10.90190601	-218.17465209999997	-83.89790344	107.55606840000002	116.0448532	-24.75101471	67.99669647	41.89860535	49.02469254	-19.4558239	-33.97659683
-53.69486237	10.82248306	37.77211761	30.75932693	9.788573265	56.79188156	-27.54804802	-104.9971237	2.512262583	25.38767815	61.21092606	43.83805466	-6.757233143	3.372637749	119.5476074	56.19087219	49.95780945	-13.01287746	-82.44857025	-84.94589996	-10.58058167	145.01577759999998	-28.443546299999998	57.59412384	-66.18881989	18.84508514	6.882904053	-93.52372742
79.82059479	-71.39904785	70.1783371	-12.50492287	-16.02744102	-28.2945919	-65.77281952	-41.83675003	26.26532173	37.44682312	68.72468567	57.4512291	41.53221893	1.515408039	14.03947449	22.08247185	-87.63347626	-40.96051407	-22.37374496	-38.56437683	126.84602360000001	99.05367279	-6.753506184	38.84644699	60.25108337	7.2862830160000005	-18.68315697	-49.80016708
-151.73590090000002	-1.7950187919999998	20.66845894	-25.78512764	-79.53399658	17.71769142	-105.8953781	-139.37878419999998	-75.41252899	-33.7461586	41.50448608	73.03853607	58.05261993	-39.25922775	-16.3342247	13.9919672	-18.95964432	-45.85772324	-187.6160126	-81.24258423	142.4539948	167.765213	36.62028122	113.13309479999998	-101.282135	-51.34350586	-113.4484406	-104.12335970000001
-9.351338387	-40.72260284	149.33331299999998	138.36755369999997	42.43647766	71.62966156	33.74482727	4.265485287	31.98228455	61.63565063	26.83898354	67.17221832	24.653862	-30.56809616	106.0890656	33.03248596	99.90085602	28.43829918	48.79847336	48.87084579	67.29389954	-4.487188338999999	69.81761932	88.73313904	16.19184303	34.0133934	56.42482376	17.91933441
-109.3245163	-60.64984512	-70.46089172	-132.2117157	-50.89561462	62.02894974	-59.59043121	-66.55352020000001	-40.33132172	-27.83856392	100.55812840000002	119.6769409	0.9459374547	-70.08982086	25.05660629	-20.62270355	-172.11763	-98.3603363	-66.51226807	-67.63751984	-14.19088554	9.005428314	-90.98028564	-9.369568825	-4.817900181000001	17.56478691	-151.0705261	-153.0718536
-51.39464188	116.8918686	-85.45704651	68.89353179999999	20.65267944	17.17765045	-8.573248863	-93.246521	-25.91056442	-6.5060129170000005	126.43343349999999	85.27211761	-10.56620026	33.90260315	74.99217224	145.5885925	-113.30025479999999	-27.45987701	-224.8365631	-51.30568314	187.45233149999999	170.7662659	-58.76974106	-4.977066517	15.96639729	20.90569687	-140.4132233	-88.14492798
-99.56152344	-48.48252106	77.37350464	103.8812408	22.11021042	40.917331700000005	-31.4581089	-113.182373	-19.50230217	-127.93885800000001	70.3059845	68.65673065	-19.99774742	2.853734255	34.09499741	25.9636364	-66.75454712	-7.085837364	-155.9981689	-78.52276611	119.051796	-32.28783417	-39.03218842	-37.97591782	18.69023705	-17.55632019	-105.5502396	-111.5363159
187.5119629	-70.27576447	33.26242447	77.79590607	38.98646164	126.6723022	-114.7847672	-16.88311195	-29.11094093	-8.393911362	36.38154221	42.47743607	52.79876328	-53.7890625	46.19304657	0.8055816293000001	-8.875862122000001	24.89936447	44.05185318	0.1241684183	135.7637024	119.56546019999999	3.693127871	-11.10730171	31.86311531	-0.8084820509	6.875714302	-35.54205322
44.18584824	28.530626300000005	38.59740067	-25.02063179	40.58747864	-34.62974929999999	-4.071967125	-131.80926509999998	13.15462112	33.49513245	82.17758942	61.76269913	40.11650848	-3.92493391	-35.02142715	-2.267270565	-23.30231857	12.24932575	22.66230202	30.80158424	-15.66585732	80.32543182	-39.34717941	20.0015564	-15.230078699999998	1.516096354	75.55298615	59.40800095
-131.13273619999998	30.92618752	-19.12400627	27.03338242	-24.47418404	120.58674620000001	-110.987381	-28.38285637	14.517609599999998	-89.44429016	17.48294258	70.22542572	21.77946854	-48.47088623	44.3483963	3.1811168189999997	-41.49812698	-77.36037445	-44.88896561	8.474715233	173.79025269999997	73.43130493	-1.581588745	119.03733829999999	6.605428218999999	-25.2628479	-25.19561768	-80.69343567
-300.73999019999997	105.9510422	58.93136597	-65.24951935	-48.48454666	232.51666260000002	22.28170586	-10.06067085	46.78820419	50.09135818	42.81856537	130.5750122	86.57423401	16.86680412	82.97570038	66.71671295	30.26714897	112.2877808	-72.94264984	8.725442886	71.86299133	-157.34004209999998	102.5245132	159.30355830000002	-39.35318375	5.137708664	23.99679184	3.284754992
42.07511139	-21.82626343	17.93305206	92.08473969	-19.59950447	50.42070770000001	-60.46828842	-87.31278992	0.1601149589	11.050417900000001	59.75180435	59.82335663	42.18400192	-69.09609985	-84.49891663	18.22239113	-1.607120991	-6.003521442	41.76383972	17.13603783	-12.42515755	152.377594	15.16990662	54.70968246	-5.6045198439999995	18.74472046	45.46411514	42.51198959
-221.835083	36.50998688	169.6213379	115.68974299999999	-33.5858078	41.99421692	-41.98810577	-125.1179581	-26.59480095	-22.83956718	116.95463559999999	128.06649779999998	42.69699097	27.56620026	29.96139145	-33.94056320000001	-60.86577606	-38.89739227	-101.2478256	-41.81414413	209.78285219999998	87.24726105	10.08694744	90.16720581	5.937504292000001	28.556453700000002	-16.49477386	12.11437988
123.489151	40.15603638	71.88076019	63.81192779999999	68.13575745	103.2431412	-16.12819099	-75.15196228	44.68779755	56.16674423	118.32063290000002	132.3009491	24.17329025	10.23037529	11.46133614	41.03183746	-60.43317032	11.13998222	-67.735466	-4.504161358	42.31626892	64.15912628	22.03321075	46.9667511	-28.82501984	35.84243011	-37.71477509	-103.5955582
-71.41855621	70.38195801	-92.73697662	-85.29754639	-5.5901751520000005	5.923784733	-39.53971481	-69.65364075	-40.03220367	-13.44614792	30.27041817	21.83881378	-15.45065975	-96.29192352	-42.44150925	-53.97018051	-151.7078094	-111.79719540000002	-97.14366913	-15.80243874	308.01538089999997	248.8909454	-103.5817108	-116.03984070000001	-37.03794479	-71.65511322	-131.7940826	-89.8081665
-165.9063416	137.3914337	143.7634583	104.5652618	4.850266457	169.5479584	24.77912712	35.31969452	25.69430733	37.45327759	90.71804809999999	119.17036440000001	78.27210236	61.93874741	62.28679657	64.33664703	-6.680341244	70.95635223	-94.87001801	-11.72606659	-34.84069443	80.56724548	50.038829799999995	54.84741211	83.60942078	51.56999588	-96.59620667	-71.02654266
22.00413895	67.61901093	-28.26913643	-30.17092705	50.5773735	200.1712494	28.13652039	48.96979523	-24.10391235	49.24385452	9.789194107	36.81831741	10.8099823	7.975299835	8.101737976	70.83860779	-57.05290604	13.76570415	-100.7611389	-70.7557373	-36.07775497	31.20108986	-0.16995342079999998	-1.589266896	37.08751678	8.314866066	-96.74338531	-57.94866943
-62.55272675	-209.8323517	-2.821096182	-90.2093811	95.63258362	168.1498566	-16.51447296	-150.0298157	12.55811214	99.36273193	-42.30860138	70.08627319	13.86471081	39.45259857	75.66784668	-10.36297035	-22.20149612	33.77422333	-149.3584137	32.54862213	14.92512321	185.201355	73.76574707	67.10899353	46.16204071	83.75139618	-91.55522919	23.74352455
-27.29002571	42.50743866	63.98235703	-36.09046555	13.52692223	182.2920227	15.75301075	80.9344101	-27.08961105	-3.230094433	59.02481461	28.18059731	-22.38136292	-4.1720681189999995	6.825509547999999	13.70110989	-135.3377838	-37.51890182	-32.78041077	-2.148369789	-66.64348602	-203.4828339	-23.705175399999998	29.79252434	30.72043228	39.47948837	-75.47609711	-87.09104919
-125.0211716	154.0944519	29.54368591	3.105437517	48.24017334	162.7296753	-19.06001854	-13.8444519	-6.069310665	20.36903381	75.34926605	110.0348053	50.57331848	49.57898712	-4.075562000000001	51.45254517	-63.59836578	-23.14312935	-78.26984406	-40.51181412	-155.1494751	87.42980194	40.30234146	87.96139526	92.39737701	30.37876129	-112.4331665	-70.87541962
-200.0323181	-14.22044182	31.02562714	65.71814728	-14.5882225	135.4481049	31.48665428	101.437561	27.57167244	40.10223389	74.9145813	53.20843887	3.0278954510000005	1.782449484	-66.66542053	-29.93175697	-225.78604130000002	19.20816994	-173.8418427	-57.75349808	-157.13265990000002	-125.10495	-47.69087219	-21.27479553	101.6703568	23.74305534	-121.103714	-55.40031052
116.1041183	37.51164246	-43.03898239	15.10307884	71.19811249	177.8519897	34.84381866	-9.241845131	6.493694782	36.44051743	35.15826797	90.79412842	45.30484772	72.90982819	139.82324219999998	85.89658356	11.18825912	25.55623055	21.11117172	6.394657135	12.17978859	45.72836304	35.9203949	18.59157562	58.20721436	99.02223206	9.861593246	34.34701538
4.926062583999999	29.73716164	44.24102783	-39.77481079	24.62072563	55.26019287	-20.41449738	-80.53142548	15.34864998	5.775878429	49.04113007	80.62886047	40.41945267	29.94710922	34.397686	48.97177124	-84.41545105	-53.21771622	-66.61540222	-43.04719162	42.67142868	202.3187408	-6.530865192	35.27740097	43.43820953	-9.202939034	-65.01168823	-47.85210037
31.75679398	-27.31510353	26.84926987	4.278178215	80.42272949	102.22331240000001	43.62894058	22.08421326	12.27737141	50.01725769	61.10267258	88.58506012	36.32160568	19.31688881	62.45960617	89.66810608	-35.39972305	29.67215729	-107.28302759999998	-35.47493362	127.4238129	254.44586180000002	-67.73332214	-91.83111572	26.941627500000003	62.58701324	-130.5559235	-110.1902847
-55.96497726	-155.6704559	21.81812859	22.90528679	39.24064255	109.1337128	8.277812004	-19.21012878	14.17709351	4.485514641	15.747002599999998	69.93338776	-5.003296852	18.30487061	32.30789948	51.89094925	-115.86036680000001	-67.67488861	-116.9292145	-54.86528397	-96.4662323	-132.8753357	-45.16351318	-55.2896843	-26.34254456	-23.99298477	-64.13910675	-27.85839462
-102.891098	-93.18078613	195.1696014	248.877121	9.47532177	149.5477905	118.46290590000001	-643.9476929	84.82962799	105.3259354	62.89971161	167.5980835	37.8152771	126.0784912	-22.36588669	71.29938507	8.820806503	40.16154861	-117.79130549999999	-84.90122986	-282.600708	136.7388458	-26.55568504	8.190526009	108.8245544	27.60494423	-118.5363007	-30.98233604
166.4871368	134.77336119999998	49.78557205	22.41883278	65.31044769	73.70922089	16.07547569	-67.39490509	12.39374733	-52.92366028	-20.19464684	20.76704407	61.74793243	18.46140862	9.351610184	17.51193237	-117.11011509999999	-37.22065353	-157.1503906	-74.87050629	-161.2002869	29.51336288	15.56715202	212.6200256	-15.46706581	59.95616913	-154.3808746	-118.8155289
60.55696487	124.38552859999999	166.4985657	160.66964719999999	29.33549881	100.15344240000002	-13.72443485	196.783783	32.57514191	8.66693306	121.2585983	150.2257385	68.09176636	44.7706604	46.92101669	111.4475632	13.09698963	65.63683319	-27.46530151	-37.69641876	75.82592773	215.32977290000002	88.57951355	148.33578490000002	16.93198586	-3.1249198910000002	-49.69000626	-77.32180786
-77.90995026	-148.415329	204.81953430000002	224.22300719999998	66.96748352	20.634161	94.20571899	-762.8773193	80.3625946	82.27169037	108.63596340000001	151.3091125	36.56103134	99.11828613	102.37464140000002	141.15718080000002	82.7612915	146.6887207	-65.61769867	-75.59645844	-210.0758972	-211.57955930000003	56.30638123	73.9280777	57.84705353	64.22653961	-92.03479767	-93.40322876
172.3129425	-37.30656815	72.56933594	113.64952849999999	66.27591705	214.36561580000003	106.0522919	-134.1390533	66.83631134	66.43133545	105.97208400000001	102.8795395	70.5929184	66.13378906	87.2616272	64.88087463	-150.92901609999998	54.78780746	-65.87854004	0.35037630799999997	-206.8291626	-44.96303558	-0.6048358082999999	140.6813812	13.877816199999998	45.21168137	-45.56147385	-60.53306198
113.31549070000001	55.81130219	129.52577209999998	219.34942630000003	56.83439255	84.28018951	104.1778259	-246.9071655	154.5009155	176.320755	47.15185547	113.10664369999999	125.7362213	60.99246597	60.78516388	134.0428925	-15.16029072	67.14614105	1.8549618719999998	11.82739067	23.75620842	-102.4747009	80.40270233	98.72330475	99.24495697	53.52915955	4.370156765	-21.52195358
-86.52912140000001	-75.67864990000001	76.68041992	66.48639679	13.53538418	-3.1336312289999997	-39.33301544	-85.06279755	1.185533285	-14.00338459	-6.0397653579999995	29.77828026	-65.12846375	-21.65527534	136.9896088	55.247508999999994	-22.55342674	6.133146286000001	-69.62563324	-35.82702255	11.19464397	-65.15520477	8.971561432	85.88637543	-36.69927979	40.09979248	-84.09513092	-41.49452209
-46.16917801	185.2053986	148.29629519999997	178.15940859999998	73.93395996	240.5715942	30.44628716	73.84068298	78.92147827	86.54706573	56.66129684	122.9339218	66.55599976	128.0270386	74.64618683	127.1764221	127.30586240000001	75.6702652	-67.72349548	-59.44054413	-19.63867569	275.15859989999996	33.59916687	26.97488213	80.99739838	12.82121086	-26.91481972	-8.991881371
108.61209869999999	70.08155823	76.98465729	118.9028015	100.0183792	58.46695709	-14.54159927	-100.705101	4.469034195	60.25994492	-13.97625542	92.50695038	33.53432465	46.86901474	13.42862701	95.10195159999999	-5.421875477	14.14175797	-119.973381	-64.2487793	193.2200775	361.15563960000003	-11.06143475	30.84821701	69.86595917	39.44131088	-72.42765045	-77.55638885
17.14184952	95.8289032	105.7522888	128.5964966	120.8650818	39.98007584	-7.057318211	-32.26817322	84.56990051	118.16176609999998	59.15898895	140.97702030000002	64.05660248	10.96601963	99.78644562	125.212326	131.6596527	123.9155121	-69.13768005	-13.77884197	54.274112699999996	178.330246	33.52523422	59.78299332	70.90674591	62.40964889999999	-35.18208694	-50.57133102
232.99273680000002	313.5480957	46.2423439	169.365036	102.9223022	230.6558228	62.38259125	47.46008301	83.30578613	33.26163483	85.77609253	174.33222959999998	120.28591159999999	139.0728912	146.776413	154.7141113	1.4032046790000001	115.6955795	-145.4709625	-34.75729752	184.9485321	257.2020874	56.55189133	57.87344742	44.71252823	64.29030609	-130.3691559	-148.087738
103.0140762	157.6219482	228.6583099	264.1495667	12.07086182	126.4306564	-50.35446548	18.06709099	53.19591904	59.94968414	69.9980011	152.3599701	-5.500133514	42.97904968	-36.17052460000001	35.2359848	79.71617126	127.2309494	-171.3287201	-41.00456619	124.3651199	85.03246307	40.95740509	41.50299072	-5.493099689	29.050586699999997	-77.13481903	-22.30778313
52.8157196	135.3269501	57.92390442	101.9827499	18.10564423	220.39534	-2.223464966	-4.701453208999999	-53.98436356	-65.88063812	112.61877439999999	189.6046143	8.7093153	13.78342628	124.230484	118.10160829999998	-40.41530228	6.548481941	-117.98986049999999	-90.25236511	74.95209503	137.7799683	32.21397018	70.04977417	11.52341938	-20.95976257	-75.57142639	-129.0044098
