-216.51284790000003	8.189276695	100.36939240000001	-14.9466486	-13.32562447	-27.67917633	58.32917786	23.84073257	106.84847260000001	59.12725067	39.23517227	0.9327629209	0.8167452812	-13.90058994	-6.540938854	67.80113983	51.16204834	105.6086884	42.76572418	1.345459938	24.18453598	-5.291500092	3.091045856	-8.728894234	49.60797119	35.96088028	2.7931721210000005	74.41950226
-351.4424133	-120.37823490000001	17.44045448	60.26575851	-14.79510498	-8.286729813	-22.821039199999998	-35.22441864	-95.38963318	7.848408699	107.6284256	81.9572525	-1.736137033	3.8512682910000002	-17.69410515	113.96527859999999	-30.88044167	73.47821808	26.09746933	21.02686691	7.29038763	-8.167546272000001	78.83903503	60.55088806	1.7448372840000002	23.247041699999997	34.75699997	57.55286789
-154.3924713	-22.41826439	49.89028168	-51.76064682	-29.65587997	2.569009542	-34.62984848	-37.9826355	78.06604767	8.356218338	28.38878059	15.66196251	-16.17282677	-26.00211525	-30.31126976	74.38474274	20.77692795	43.73933411	28.88183403	11.0696497	-49.67702484	-53.55327225	28.50283051	5.429130553999999	-40.9552536	-67.75406647	8.267712592999999	69.03223419
33.63501358	-79.49266815	-34.06832886	-113.83603670000001	46.964881899999995	-21.27673721	0.9269523025	18.93034744	145.9043274	37.93854523	71.97780609	-32.11903381	2.584380388	20.69614029	23.53353119	46.60149765	-43.45910645	0.8718628883	16.32376671	-87.01316833	-14.65411949	44.49618912	-43.21786499	4.744344234	24.53369713	36.15016937	-20.54022598	-25.21892166
274.44302369999997	-0.383292973	141.5923767	11.70437813	134.8188629	111.69240570000001	18.37250328	67.80273438	-71.03000641	-18.692716600000004	33.2978096	-4.520790577	7.71002388	13.43471146	183.6212616	144.1358643	-0.3990061283	-11.44660473	-15.30846882	85.02383423	218.2648773	192.35977169999998	-23.85656357	128.37615970000002	2.06821847	-6.090240955	65.46377563	51.41781998
-225.09648130000002	-86.02196503	120.0329285	52.34392548	-73.21256256	-50.64990997	25.89417648	6.008755684	34.63020706	53.06724548	128.935379	70.97773743	-29.79073334	-7.632844447999999	-30.47691536	106.0431442	29.958314899999998	21.455772399999997	49.19805527	57.29310608	12.67069244	21.64568329	31.54429817	48.55109787	-19.23574448	-50.45223999	28.33948708	96.59939575
422.8972168000001	226.2059937	57.024086	18.81307602	-10.51178932	-68.70323944	54.44909668	28.41507339	-140.15866090000003	-42.65958405	10.21970463	46.79495239	-30.61998177	-25.93371391	-131.3809967	-72.42021942	-35.1072197	61.99271774	-26.83003616	-87.91687775	109.304718	153.644455	-36.78809738	-16.44415665	4.462982178	-7.568840504	25.264612200000002	24.92035484
-430.4846497	-14.97114182	35.86781693	-22.77872849	-95.85380554	-58.39427567	-62.19133377	-67.61730957	64.55905914	-29.00984192	22.83859444	20.62474823	-2.552652836	-22.11961555	-90.80827332	-7.345809937	30.58991241	96.15970612	40.3328476	-47.25175095	-81.67330933	-105.6386642	16.83675575	-13.32109165	-5.310333729	-27.95866013	-18.32504272	9.053775787000001
244.31163019999997	97.91712189	66.44525909	4.692072392	-20.10666656	-21.06673431	-56.62772369	-28.009525300000004	-94.87529755	2.3574328419999997	83.82471466	89.17790985	5.117560387	22.58320618	-127.00782779999999	11.20166397	-9.904547691	2.1084897519999997	51.7702446	-60.98206329	53.54855347	-23.84912491	-12.74506569	-11.89675808	5.323915958	37.20512009	-99.07077026	-71.71908569
51.93915558	2.99751544	-5.097995758	-62.06682968	24.04594994	-33.48269653	14.80691338	41.54525375	-2.277063847	17.97335434	-1.8736208680000002	-24.10169983	-52.81627274	1.985210896	39.62947845	73.62854004	47.23763657	30.83143425	82.38249969	13.10490894	0.9886438847	53.21033859	-0.49832135439999997	-33.68223953	49.58840179	-39.39330673	44.28004074	83.04776764
-43.61943436	157.559494	168.2510986	62.42224503	-4.138100147	-31.68244553	-10.85699081	13.59211349	44.23019028	58.4882431	17.94515419	-30.16369247	0.6272639036	16.21789551	24.96171761	17.54640579	1.891554952	78.23410034	4.042556763	-7.501888752	-13.12768173	-8.631441116	54.30981445	60.86946487	-71.87111664	-21.50831604	89.50820923	93.95797729
285.410614	-23.51897812	-172.2315826	-34.8754158	-57.80214691	-73.49929047	-92.09764099	-26.68058014	-206.6778717	-89.54387665	58.838428500000006	41.6545372	-114.35562900000001	-11.52555275	-31.63943481	38.12141037	-53.54484177	-21.35112	78.82524872	-137.1694336	99.13329315	16.87909698	3.849774361	-85.71455383	-24.54364395	-46.95488739	-22.21176147	10.87776089
-122.1327057	-79.84885406	113.3821335	101.9127655	-27.40370178	-39.12576294	-83.67218018	18.10861397	-5.145314693	2.647189856	60.42222977	46.8355217	-32.56880951	-18.91955566	-91.07608795	7.541769981	78.04688263	59.77052689	33.15999222	-46.3635025	13.97586823	20.69005394	11.72753525	-18.27095604	35.09445572	30.34815407	27.2140255	78.25248718
20.38215828	-37.34057999	69.93982697	73.22879791	117.2758865	-49.2657547	17.32088852	57.28213501	91.09313965	31.02416992	88.78720856	59.5978775	6.654101849	-13.30221081	22.21234322	134.9658051	103.5988693	48.49338531	7.007320404	44.96385193	74.34078979	160.14501950000002	-19.71832275	4.714926243	-6.117123127	-27.30283928	73.71050262	67.86988068
292.53649900000005	291.60360719999994	-20.87303734	5.785189152	80.54409027	95.83093262	-12.21349049	37.87056732	-23.04682922	-46.00203705	56.20634842	-26.98396492	-34.38321304	16.15442467	-88.31362152	-29.90402222	17.66428375	20.24084091	43.16480637	-87.555336	58.14336395	56.74383926	28.06995392	-11.99353409	90.91780853	21.01943588	-43.3862648	-5.331804276000001
559.9738159	149.7008209	36.46364212	44.27581024	-0.1454462558	-5.264967442	-53.68368912	-0.5991549492	-158.240509	-97.12056732	31.57084274	43.26224136	-79.78737640000001	-17.17159653	-40.60632706	-44.55906296	-44.62770462	73.30038452	32.91468048	-1.7975608109999999	176.4067841	181.49624630000002	13.37806988	-19.17165756	-29.37052155	1.184640884	-16.56866074	-66.99458313
-147.858902	-234.73805240000002	-8.840988159	-35.32155609	-46.58235168	-69.30188751	-11.94813251	30.24520874	58.51168442	26.79201317	80.36445618	-1.063678265	-28.955537800000002	4.334377289	-57.37070847	60.78606033	0.40252459049999995	-21.55838203	53.29217911	-57.84707642	55.18967438	37.87203217	26.60133553	39.93135452	-27.13883209	21.029096600000003	43.6843338	-38.1230011
152.23106380000002	24.67780304	20.7487011	45.36693573	7.781497955	-49.41574097	7.625895022999999	-11.04418755	-30.68082237	8.970028877	83.21968079	112.25595859999999	-3.726882458	23.24112511	-46.97655106	-16.55110931	-15.68417835	-4.96025753	30.67292404	-24.89441299	-11.32685757	-9.930258751	2.912979364	7.928985596	22.28718758	18.87766647	-44.67517471	4.946098328
188.35952759999998	106.55342859999999	-160.5679626	-141.6771545	-89.30397797	-1.4495637419999998	-99.60747528	-62.48953247	-196.3166199	-53.37844467	75.30217743	30.83084869	-21.82701111	-6.449673653	-21.34713936	-41.23888016	-40.30416489	-26.62124634	71.07077026	-128.6194458	-28.49228668	-45.67390442	-50.44528961	-87.80874634	-16.40909958	19.83402061	-89.60414124	-127.08348079999999
503.38055419999995	150.2891998	-45.46666336	-46.53902054	138.6002808	54.04857635	-24.23289299	-17.32593155	-257.4440002	-2.9938302039999996	103.968689	100.5968018	-54.94042587	29.98602676	-84.7837677	33.23806763	-81.12667847	-44.16675568	31.87402344	-66.84123993	89.5455246	78.11018372	-27.02703857	-33.42884827	16.62088776	-15.86728191	-57.01378632	-14.28541851
139.0338135	63.60081863	4.408240318	39.11696625	54.62125015	-56.94419479	-37.29312515	51.94014359	-36.90084457	-49.973628999999995	76.6727066	57.00309753	-61.69112015	1.8589150909999999	-30.78849411	138.8460693	-72.02427673	40.05864334	73.5834198	-84.89231873	122.81464390000001	116.593483	61.48731613	52.18997192	-46.45842361	-23.12811661	-14.71755028	-29.24456406
-9.064632416	22.94227982	-38.02762604	24.98758316	-20.09401131	-32.47378922	-27.77049828	-0.6504855752	-26.74251366	-4.871006012	101.58792109999999	69.09671021	-7.071578979	2.7412617210000003	-55.28315735	-1.9273413419999998	-30.14655876	-19.22245598	76.54977417	-4.205698013	92.85340881	68.50035095	-22.92551804	-38.74410248	-9.653846741	-13.05316353	59.45406723	-2.056321144
-176.18734740000002	-143.33708190000002	83.57884216	-0.28697896	-24.84895897	-30.52178574	-31.47950745	-56.75543213	41.82126617	40.20174026	43.30680084	78.36812592	-16.00783157	-0.9268581867	-21.75710869	71.69228363	67.16733551	50.56255722	23.88955498	-47.15647888	-91.63781738	-64.5612793	-40.97528839	-32.98642349	20.01323509	43.02893829	35.27882767	-6.484120368999999
-199.46212769999997	-6.14184761	-0.5189217925	-15.90703011	-67.74802399	-69.01164246	9.359174728	15.56478882	127.81847379999999	-40.85904694	29.30173683	29.89580345	-45.90385056	-0.9176212548999999	-50.80198288	24.53273582	31.43340683	-8.187697411	-33.162609100000005	-50.37378693	31.30413055	32.56164932	12.89767361	-16.18229294	25.0984745	17.57741165	64.15823364	39.2662468
-193.9612885	-283.23181150000005	-57.35694122	-105.0313034	-72.42060089	-61.05156708	-67.55397034	-88.38362122	117.37744140000001	68.4093399	14.70361137	-18.79094887	-51.81333542	-54.95794296	0.4886212945	-10.19434547	-76.97107697	-67.16516113	-20.78978157	-135.0006256	6.48610878	-13.73269939	-22.72322464	-92.94638062	-44.48409653	-25.95508766	-48.82019806	-51.19270706
42.19755936	78.35184479	-104.14675140000001	-100.71993259999999	-64.67790222	-38.29671097	-42.73054886	-20.58377838	2.763933897	-16.81702232	-40.466724400000004	-89.76430511	-116.5793686	-57.09542084	-79.68185425	29.16796112	-63.76563644	-55.26594543	-69.52893066	-92.74637604	45.13894272	53.95982361	-31.29230309	-16.48509407	-99.48699188	-88.80841064	-20.17557335	-29.23180962
-139.7160492	-182.4229736	117.5522614	50.98688126	-49.64592361	-85.6953125	-49.21929169	-41.07584381	110.3162689	7.039700031000001	88.52303314	5.951293467999999	-44.11198044	-46.38107681	-45.00543213	-17.75553322	-28.08724022	43.12030411	-27.23899841	76.60896301	-5.887550831	-46.11390686	50.86197281	2.140990019	12.90507507	-18.93214798	-0.5821139812	29.21368217
-48.80388641	-35.04296494	53.57707596	-12.48587132	-22.013834	-99.92121124	7.70477438	25.46437263	52.785766599999995	-27.93839264	137.3608246	62.71725845	13.27742195	59.90171432	-28.49707603	-13.15914059	72.73048401	49.08861160000001	118.67138670000001	-25.78280449	10.87377739	-28.43216896	51.22548676	38.7532959	20.66212654	68.44405365	-83.77365875	-55.73281479
-44.81147003	41.83501434	49.85644913	-0.9060035348000001	10.05834103	-32.37546921	-9.811649323	-70.93086243	19.00631714	87.63145447	59.667541500000006	36.23140717	12.04260445	0.03760929778	-74.61717224	-56.048847200000004	47.55186081	83.58656311	-64.31230927	-106.2274857	-36.10131073	-21.07227325	-15.75486946	-69.65533447	22.90904808	51.16474915	-1.006790757	16.79995728
-93.81497192	-102.866951	-155.860321	-194.46850590000003	-106.25611880000001	-78.01925659	-97.89804840000001	-14.10968685	-75.09361267	38.73693085	13.81621647	-137.158371	-98.35964203	-66.0592804	-101.24906920000001	-8.636663437000001	-140.275528	-83.86904144	-64.52749634	-158.7597656	-28.72789955	-70.21982574	-96.36697388	-77.44371033	-23.94304657	-28.79097176	-122.1366577	-40.573867799999995
-59.23069	3.9121725560000002	-2.425627708	12.12230778	-74.55377197	-91.63799286	-61.5030632	-36.69122696	15.80526924	4.093599319	8.222189903	1.9351665969999998	43.54853821	6.040061474	-20.78191757	4.474360466	63.76068115	106.95637509999999	-46.62897873	-74.08429718	-13.31987095	1.638113022	-53.54977798	-26.61851311	-32.79864502	-8.808472633	-79.95414734	23.14840889
66.98474121	-37.61172485	68.36244202	54.07199478	9.261544228	-50.74305344	47.04367065	-21.00972748	86.52484131	-17.74155235	43.20345688	59.95635223	-53.84449005	12.46091175	-10.5940609	38.59096909	116.8910294	-11.90447903	81.30669403	38.57114029	61.92720413	32.62708664	-37.72623825	-43.95592499	53.08540344	12.13873863	55.4469223	15.46586227
-231.7167969	18.06498337	14.43869305	-21.17126656	-44.38603973	-56.34939575	-58.99161148	-45.51077271	-10.30313206	-33.34835434	76.17552948	66.21429443	-44.42935944	-48.22818756	-72.26647186	19.33512497	-49.47678757	-15.59961891	-38.30859375	29.02613258	49.477211	19.29546547	29.33610153	-10.48527622	-58.96011353	32.83336258	53.039554599999995	76.49628448
-111.15779109999998	-64.19674683	86.80465698	59.85670089999999	68.34376526	22.90259743	23.60667992	-6.50058794	58.45140076	27.02019691	68.12150574	62.67295837	37.55932999	-26.03202438	-5.687122822	70.56562805	60.89967346	97.11627197	28.25963211	-4.413687706	-1.025604606	36.20555115	51.16925049	42.94221497	33.26088333	-16.23657417	37.34411621	47.86940765
212.2306671	254.66714480000005	-46.84095001	-47.25429535	22.14893341	101.2109833	7.222886562	-34.76756287	18.87249756	-32.18793106	70.46492004	-27.47308922	22.5770092	8.472949028	-9.34866333	-41.90053558	64.0524826	37.70497894	59.4970932	-84.49509429999999	-20.18521881	-41.91027832	-54.34349442	-106.9926071	55.84651184	106.60570530000001	-34.50074768	-45.44264984
-151.6931915	-93.97464752	-17.26217461	-14.85744858	0.30704608559999996	18.32447052	33.75250626	46.73230743	31.02363968	87.60919189	88.83479309	77.48048401	-2.283272743	6.012547493	-3.0963518619999997	44.83256149	3.4272294039999998	-6.342081547	-0.5479406714	-52.52545547	17.42165565	5.621129513	52.83720779	14.10821819	68.12197876	-28.23054695	-2.6605246069999997	28.66827583
-54.36062241	45.47653198	120.99792479999999	71.15853882	-7.161063671	1.3818327190000002	68.78281403	74.30867004	29.58430099	82.51099396	202.8697205	142.36749269999999	72.53221893	26.01424217	110.28290559999999	126.1548615	-25.855688100000002	-0.435431391	-48.64583206	81.88663483	-30.111763	54.58957291	21.44211769	-13.68578911	72.25733185	48.77329254	-52.23167801	-78.7554245
-111.0198517	24.90433502	-75.45340729	-103.6766968	-56.89721298	-37.78450012	5.993515491	-51.00051498	-40.56093979	-37.64907455	46.8097496	-33.39760971	-49.01494598	-22.8798008	-48.56901169	-6.715034962000001	-249.72702030000002	-197.7653503	-51.35284805	2.153704405	-25.22875214	-52.48237228	-107.5618896	-39.90658188	-36.28560638	-94.30844116	-147.9821014	-152.653656
-247.05191040000003	-211.34526060000002	-151.4749908	-81.69286346	-68.09638214	-52.77682877	-106.1380692	-168.96246340000002	-25.0889473	-21.90022659	33.72148895	8.204457283	-1.546743989	-20.53691101	-68.68263245	-13.98419952	-118.9892426	-60.64057922	18.21023941	-200.3007355	-116.05809779999998	-112.29996489999999	-69.44509888	-65.32486725	-42.64341736	-9.165154457	-42.24110794	-26.31631851
-261.42233280000005	-111.7161179	24.30518723	-15.82956791	-69.31273651	27.59531021	-64.84172821	-45.44126129	100.16439820000001	-24.71891785	36.07247925	-10.6518116	15.47721863	-12.53837967	-76.74327087	-40.43068314	63.40296555	49.43805695	-28.24921036	-25.18540955	-117.3611603	-65.81947327	-25.06860352	-46.94857788	47.19709396	-13.01635456	-31.59190178	-3.095356464
-392.67663569999996	-234.99769590000002	-75.57194519	-128.8759918	-15.39260101	-57.57284927	-16.92204475	-35.61655045	99.27614594	24.65455055	-6.2887425420000005	-85.42794037	-50.72237778	-67.74767303	-39.56719589	-5.2509036060000005	-18.69668961	-112.99398799999999	0.2452101558	-30.48593521	-29.561592100000002	-2.259823322	2.7229425910000002	1.127601981	-19.44148445	-21.20464134	67.69258881	46.7025032
20.83579063	-44.14786911	16.32671928	-46.58499908	27.71882439	92.94854736	21.05221748	-9.363080978	-107.632576	9.080892562999999	30.01332092	45.94537735	5.1378726960000005	5.756987095	21.24207497	87.16730499	-68.24491882	7.980056762999999	-59.903758999999994	-139.7732697	-22.71995735	-49.5682106	-5.110105515	-15.83998108	-57.92243576	-24.26568222	-8.158864975	14.40225887
-89.23952484	66.48456573	-16.59145355	-1.863818645	52.42509842	25.1875	58.37205505	67.10939026	15.68467522	32.70595169	30.55896759	50.5975914	45.76920319	-4.571930408	70.04149628	67.02178192	-61.32646179	-36.49325562	-12.2881422	-19.14562798	45.87762833	49.06244278	-19.0327282	39.34724808	-18.84342575	-6.7345013620000005	-23.81787491	6.10388422
-263.2254639	-64.3218689	8.406195641	-31.05942345	-117.65718079999999	-37.98760605	-91.29934692	-110.2486649	-2.0968050959999998	34.34365845	47.05196381	-48.09751129	16.15246964	16.14836693	-64.46479034	11.36215687	-2.7151541710000004	-9.727003097999999	-54.57137299	-52.66417313	-172.4928131	-177.464798	-4.617463112	-1.5217477080000001	78.29549408	31.38553238	15.82232285	-121.5294647
232.8712463	67.49733734	3.529386044	-72.52828217	-113.7952957	-85.72433472	-27.95921326	-76.04547119	-60.67515564	-0.4103632569	16.96971893	-36.35647964	-48.14865112	10.43073177	-92.51501465	41.49479294	-0.138929382	94.6468277	7.099096297999999	-81.36659241	-21.11679268	-20.97800064	33.05207825	51.21657181	-39.56109619	-45.91281891	-46.84038925	5.971540451
-314.15789789999997	-23.89156151	54.2831192	-41.43212128	9.091299057	-55.92432022	-6.056530952	-2.991424322	93.15023041	-1.5735634569999999	26.5477581	-4.049402237	-70.40969086	-52.44091034	-26.03928757	-8.14632988	-0.1708335876	-12.73892879	7.8935551639999995	-115.3307571	-0.1378509849	24.41706467	-59.38934326	-24.78065109	-8.873753548	-28.47411728	15.53842163	30.37732697
393.31436160000004	112.55325320000001	44.868640899999995	-49.52743529999999	-8.551418304	-48.77319717	-17.59180069	-2.207531452	-47.13644409	7.884893894	48.92253113	90.78224182	-45.09453964	-14.57023621	4.9747605319999995	94.3715744	-35.85996628	-39.92998123	24.12126541	-42.52439117	77.2845993	97.37979126	-23.17842865	3.1631915569999998	-11.38453484	5.139145374	-35.43896866	13.62943268
-351.4424133	-120.37823490000001	17.44045448	60.26575851	-14.79510498	-8.286729813	-22.821039199999998	-35.22441864	-95.38963318	7.848408699	107.6284256	81.9572525	-1.736137033	3.8512682910000002	-17.69410515	113.96527859999999	-30.88044167	73.47821808	26.09746933	21.02686691	7.29038763	-8.167546272000001	78.83903503	60.55088806	1.7448372840000002	23.247041699999997	34.75699997	57.55286789
-154.3924713	-22.41826439	49.89028168	-51.76064682	-29.65587997	2.569009542	-34.62984848	-37.9826355	78.06604767	8.356218338	28.38878059	15.66196251	-16.17282677	-26.00211525	-30.31126976	74.38474274	20.77692795	43.73933411	28.88183403	11.0696497	-49.67702484	-53.55327225	28.50283051	5.429130553999999	-40.9552536	-67.75406647	8.267712592999999	69.03223419
17.06570435	-35.11356354	10.94608212	-44.10235214	-51.37713242	-66.3669281	-93.73607635	-137.090271	21.49531937	-16.99998093	61.49145126	2.2313940530000003	10.74209976	-2.050979614	-77.28600311	5.457473277999999	-34.73686218	26.20619392	54.3572464	-12.51721382	-47.89540482	-87.83627319	30.67120743	-3.8382580280000003	-35.169071200000005	-4.873202801000001	-51.08008957	-80.39932251
-596.7863769999999	-23.37467384	21.9422245	-14.18187809	-147.9647522	-38.47925186	-70.58745575	-91.38009644	2.95660162	-27.51903152	-7.900303841	-44.75185776	-75.20320892	-38.67458344	-125.401825	-48.60030365	20.60835838	18.71395874	-32.77139664	-30.35418701	-177.9748535	-192.5948486	-18.81322289	-10.60500526	-9.420361519	62.045421600000005	-38.20368958	-73.27462769
274.44302369999997	-0.383292973	141.5923767	11.70437813	134.8188629	111.69240570000001	18.37250328	67.80273438	-71.03000641	-18.692716600000004	33.2978096	-4.520790577	7.71002388	13.43471146	183.6212616	144.1358643	-0.3990061283	-11.44660473	-15.30846882	85.02383423	218.2648773	192.35977169999998	-23.85656357	128.37615970000002	2.06821847	-6.090240955	65.46377563	51.41781998
-225.09648130000002	-86.02196503	120.0329285	52.34392548	-73.21256256	-50.64990997	25.89417648	6.008755684	34.63020706	53.06724548	128.935379	70.97773743	-29.79073334	-7.632844447999999	-30.47691536	106.0431442	29.958314899999998	21.455772399999997	49.19805527	57.29310608	12.67069244	21.64568329	31.54429817	48.55109787	-19.23574448	-50.45223999	28.33948708	96.59939575
-221.10327149999998	44.50117493	-41.81919479	-18.50442123	-97.63555145	-182.3536835	-83.81390381	-140.3574066	-76.53569794	-56.90111160000001	-28.16993904	-10.2206955	-98.45697784	-50.07836151	-84.90514374	-104.0632172	-66.47535706	41.63899612	-85.01385498	-163.4962311	-99.34541321	-97.22156525	-38.73881531	-52.07757187	-71.24230194	-45.67338181	2.347342968	-58.82561493
-224.1400299	-23.50348854	-123.57187649999999	-98.15025329999999	-41.0073204	-29.80345345	-69.37535095	-63.1460495	127.47576140000001	23.88466454	42.57810593	-19.50474739	-41.79301453	-31.45686913	-102.193428	2.471428871	-175.1423035	-49.46604919	-35.29545593	-41.00506592	-41.84493256	-126.72533419999999	-26.31437492	18.53582573	30.88834763	-8.526137352000001	-59.09088516	-90.30935669
244.31163019999997	97.91712189	66.44525909	4.692072392	-20.10666656	-21.06673431	-56.62772369	-28.009525300000004	-94.87529755	2.3574328419999997	83.82471466	89.17790985	5.117560387	22.58320618	-127.00782779999999	11.20166397	-9.904547691	2.1084897519999997	51.7702446	-60.98206329	53.54855347	-23.84912491	-12.74506569	-11.89675808	5.323915958	37.20512009	-99.07077026	-71.71908569
-254.0749664	-123.398941	-32.87413788	-36.15361404	-31.55481339	-42.49036026	-114.49443049999999	-46.13873672	-18.2311058	17.15146065	17.96410561	-52.81429291	-34.78972244	5.150861263	-65.9929657	25.8504467	6.904319286000001	-3.1892614360000002	-52.56492233	-20.70631981	-72.22903442	-92.26179504	17.98722458	-1.88087368	-26.849199300000002	-67.30110168	-56.78049088	21.85676003
-331.30749510000004	-6.97534132	47.69829559	-31.34890938	-21.13721466	11.17775917	-44.19853592	-54.07839584	6.652450562	18.58285713	57.1319809	-10.27834988	-9.270277023	-20.92298889	53.83209229	71.71263123	81.81647491	85.61859131	31.513444899999996	-102.4231415	-22.92967796	-65.57500458	32.50443268	39.6853714	-6.40605402	-2.234108448	25.13936234	26.85234451
-27.17615318	57.66508865	3.410063028	-41.05466461	-18.10561752	-3.4701080319999997	-29.37781715	-36.394180299999995	-29.08806419	-13.80598354	43.9453125	40.20757675	-17.33008194	-2.384921074	-0.19816596809999998	16.45983315	-7.062339783	-18.22690582	16.67230988	31.26408005	-47.56767654	-74.62145233	-2.429401159	16.72850609	61.69131851	14.98312187	26.18347359	5.290863037
-163.3465118	-258.0763855	93.81577301	3.168182373	45.04755402	16.89831161	-27.07389641	122.4859009	105.13882450000001	70.59325409	163.9833374	140.0342865	34.50035477	34.25551987	1.452697039	51.88063431	6.339322567000001	11.16833496	115.4806976	13.57230377	94.04680634	-11.34074593	44.33016586	90.69232178	10.47452831	23.90961456	52.26914978	-11.20482159
-81.47761536	94.26896667	78.49052429	45.98742676	9.336735725	72.0969162	40.821609499999994	21.03788376	109.39166259999999	89.55491638	22.467996600000003	17.63428116	-36.07717896	-0.4139584601	-65.78271484	-35.80286026	77.8381958	17.35168076	-13.20446301	-110.9334946	-174.23217769999997	-54.0250206	24.05368614	23.364591600000004	74.94290924	70.9805603	45.34785843	57.90412903
176.3688507	-57.94319916	61.97687149	-31.481700899999996	-23.40255356	-6.80704689	69.04975128	-75.84645844	-31.89743614	17.62545204	165.8894653	79.15950775	9.762330055	1.357172728	53.19617462	132.71788020000002	-53.40676117	-6.763715267	79.52687073	-9.93812561	28.71614265	-23.89920807	16.85893059	57.29402161	-44.2305336	-77.7620163	-117.571701	6.95661211
-122.1327057	-79.84885406	113.3821335	101.9127655	-27.40370178	-39.12576294	-83.67218018	18.10861397	-5.145314693	2.647189856	60.42222977	46.8355217	-32.56880951	-18.91955566	-91.07608795	7.541769981	78.04688263	59.77052689	33.15999222	-46.3635025	13.97586823	20.69005394	11.72753525	-18.27095604	35.09445572	30.34815407	27.2140255	78.25248718
20.38215828	-37.34057999	69.93982697	73.22879791	117.2758865	-49.2657547	17.32088852	57.28213501	91.09313965	31.02416992	88.78720856	59.5978775	6.654101849	-13.30221081	22.21234322	134.9658051	103.5988693	48.49338531	7.007320404	44.96385193	74.34078979	160.14501950000002	-19.71832275	4.714926243	-6.117123127	-27.30283928	73.71050262	67.86988068
292.466156	21.98575211	-25.34472847	-43.98006439	11.22236156	19.65865326	27.8973217	49.96831131	-131.1014709	-31.43681526	85.64517975	61.29804993	-12.12417793	2.797783613	-31.66427422	70.6102066	10.29657459	8.880413055	0.8186657429	-110.2462616	78.81150818	66.31967163	2.390300751	-19.28574753	-55.33213425	-34.40294647	-87.28949738	13.03460598
-266.9568787	-51.73250198	-151.0677948	-108.54545590000001	-107.5967331	-82.24009705	-144.78839109999998	-85.60006714	-52.62526321	-32.11249542	17.18775368	16.67781448	-97.03288269	-23.18766022	-89.70563507	-59.62336731	-130.0579834	-78.30037689	36.99583435	-46.56237793	-88.40648651	-84.20020294	-71.69431305	-102.2229691	-1.197820187	-21.92640495	-50.14025116	-91.1723938
559.9738159	149.7008209	36.46364212	44.27581024	-0.1454462558	-5.264967442	-53.68368912	-0.5991549492	-158.240509	-97.12056732	31.57084274	43.26224136	-79.78737640000001	-17.17159653	-40.60632706	-44.55906296	-44.62770462	73.30038452	32.91468048	-1.7975608109999999	176.4067841	181.49624630000002	13.37806988	-19.17165756	-29.37052155	1.184640884	-16.56866074	-66.99458313
-147.858902	-234.73805240000002	-8.840988159	-35.32155609	-46.58235168	-69.30188751	-11.94813251	30.24520874	58.51168442	26.79201317	80.36445618	-1.063678265	-28.955537800000002	4.334377289	-57.37070847	60.78606033	0.40252459049999995	-21.55838203	53.29217911	-57.84707642	55.18967438	37.87203217	26.60133553	39.93135452	-27.13883209	21.029096600000003	43.6843338	-38.1230011
83.80976105	53.89411163	5.7863793370000005	-60.45806885	0.35476559399999996	38.507579799999995	-33.37739563	-31.89729881	-29.59093475	9.240226746	63.13883591	5.07840538	-7.6640868189999996	28.47191429	-43.21625137	-26.260355	24.577890399999998	52.485439299999996	88.43804169	-47.81931686	42.80901718	21.8426857	7.169111729	-42.62380981	40.47095871	46.56134415	-73.8272934	21.34911728
-138.4127655	29.50231552	-115.16502379999999	-157.4477997	-63.47475433	49.14827347	-32.32069778	10.98671341	-78.49101257	34.01951981	105.93856809999998	-10.07810783	-13.29577923	52.50449371	-8.735467911	110.3767853	-85.5776825	-134.0764771	-6.176454543999999	-32.60887909	-20.85060501	-46.54420853	-60.88895798	-14.45675659	38.77534103	38.69304276	-92.80482483	32.99593735
-181.2110291	-86.20245361	64.11918639999999	26.95175552	48.51583862	-0.9460369945	-40.22762299	-24.26647186	71.24761963	2.203737736	11.06791401	76.12686157	-18.39206696	-2.9340929989999998	18.27241325	-10.38004017	81.38490295	79.39903259	35.37902832	-39.9624176	-27.20021439	-8.894086838	-0.1500259936	-16.57174301	-22.28902626	23.19256783	47.09280777	45.98345184
503.38055419999995	150.2891998	-45.46666336	-46.53902054	138.6002808	54.04857635	-24.23289299	-17.32593155	-257.4440002	-2.9938302039999996	103.968689	100.5968018	-54.94042587	29.98602676	-84.7837677	33.23806763	-81.12667847	-44.16675568	31.87402344	-66.84123993	89.5455246	78.11018372	-27.02703857	-33.42884827	16.62088776	-15.86728191	-57.01378632	-14.28541851
-124.55455020000001	-177.4334259	-113.01759340000001	-127.3016815	-56.93784714	-92.19019318	-41.88959503	-3.279314041	11.17992687	-0.6260944605	3.412163734	-47.46101761	-41.18026352	-19.58645439	-13.82619381	14.45490646	38.62247849	-6.875559807	-42.61597443	-73.40808868	164.96612549999998	22.85286903	-25.0868206	-55.18515778	13.12552547	-19.11108017	-26.86213303	-9.383477211
-107.7933502	-120.9586563	-31.68338203	-58.08073044	-27.09680748	29.74080467	24.50300026	-7.195407867	-78.74323273	-54.54391861	94.74291992	46.56901169	-36.88759995	-8.403001785	-64.04879761	-3.002908468	-122.60476680000001	-100.236824	-30.57440186	-69.06505585	-5.78731966	-26.81839943	-73.76538849	-88.71459961	-66.31034088	-30.03805351	-92.89369202	-98.90911865
181.49296569999998	-43.37846375	-42.73819733	-73.12107849	31.19932365	30.66255379	-10.8125639	45.99652481	42.00542068	10.16265011	76.83798981	80.45670319	-11.375961300000002	27.85252762	31.41601562	104.7396622	1.714792132	17.88972092	60.35528183	-20.9950428	81.72560883	136.3455658	-56.85072708	-42.30410385	23.77005959	34.27446747	-42.81535339	11.8517046
264.7835693	288.928833	-115.77807620000002	-122.74232479999999	-34.50831223	-125.916214	-44.72943115	-6.814089298	-75.19406128	-23.09869194	-92.13022614	-104.61975100000001	-70.16286469	-38.2988739	-76.82270813	-77.2142334	-12.69591618	-45.8335228	-21.38700867	-117.3979416	-63.72496414	-55.33591461	-46.35267258	-67.63079834	-54.17203903	-16.87964821	-56.22126389	17.45061111
178.51741030000002	94.62662506	5.378237724	-3.8023705480000003	44.03679657	16.1301403	111.0229034	71.67434692	43.60770798	7.439788342000001	171.8804474	107.7426605	-14.31853199	36.475265500000006	13.56176186	77.3551712	-22.3138504	5.308181286	10.79953384	-80.34255981	-53.32173157	-59.897140500000006	10.28358269	-31.29829216	61.97554779	26.01368332	0.7282860875	-25.95202827
-109.0083084	-111.7617493	-20.85840034	-40.10002899	-49.82801437	-47.42319107	29.30826569	12.04538155	24.38142395	-34.38634491	140.14555359999997	57.55681992	-42.05485916	1.51589644	-49.08842468	77.34797668	26.84834671	12.19502544	122.08705900000001	-68.74847412	-84.59950256	-19.14832497	63.60746765	-12.09403133	-20.64422226	-90.34919739	-14.37265778	-42.55307007
-199.46212769999997	-6.14184761	-0.5189217925	-15.90703011	-67.74802399	-69.01164246	9.359174728	15.56478882	127.81847379999999	-40.85904694	29.30173683	29.89580345	-45.90385056	-0.9176212548999999	-50.80198288	24.53273582	31.43340683	-8.187697411	-33.162609100000005	-50.37378693	31.30413055	32.56164932	12.89767361	-16.18229294	25.0984745	17.57741165	64.15823364	39.2662468
-193.9612885	-283.23181150000005	-57.35694122	-105.0313034	-72.42060089	-61.05156708	-67.55397034	-88.38362122	117.37744140000001	68.4093399	14.70361137	-18.79094887	-51.81333542	-54.95794296	0.4886212945	-10.19434547	-76.97107697	-67.16516113	-20.78978157	-135.0006256	6.48610878	-13.73269939	-22.72322464	-92.94638062	-44.48409653	-25.95508766	-48.82019806	-51.19270706
140.83866880000002	162.6897736	-2.68973279	17.30856133	-41.87388992	-74.90022278	-53.70134354	-61.15990448	-62.97034836	-22.13804054	73.75599670000001	-10.79565525	3.7520174980000003	-9.058576583999999	-81.56821442	-41.94954681	-23.09390259	-0.40212363	21.34558487	52.376296999999994	-81.61543274	-103.3797226	21.01716805	-62.53836823	27.73142052	59.66320801	-27.34882164	-15.84611225
279.4402771	286.7649841	1.7671188119999999	-54.04440308	-44.34088898	-0.2316760123	-31.78586578	18.25535583	-40.74782944	-40.03540802	-10.87650108	-8.971975327000001	-55.145114899999996	-12.37950706	-81.7715683	-56.99222183	35.08843994	-17.84586143	-3.726399422	-208.9278564	-17.19685555	-60.28829575	-55.29827118	-83.33757782	-0.2973971665	34.48907089	-60.207355500000006	-24.73568153
-139.7160492	-182.4229736	117.5522614	50.98688126	-49.64592361	-85.6953125	-49.21929169	-41.07584381	110.3162689	7.039700031000001	88.52303314	5.951293467999999	-44.11198044	-46.38107681	-45.00543213	-17.75553322	-28.08724022	43.12030411	-27.23899841	76.60896301	-5.887550831	-46.11390686	50.86197281	2.140990019	12.90507507	-18.93214798	-0.5821139812	29.21368217
-48.80388641	-35.04296494	53.57707596	-12.48587132	-22.013834	-99.92121124	7.70477438	25.46437263	52.785766599999995	-27.93839264	137.3608246	62.71725845	13.27742195	59.90171432	-28.49707603	-13.15914059	72.73048401	49.08861160000001	118.67138670000001	-25.78280449	10.87377739	-28.43216896	51.22548676	38.7532959	20.66212654	68.44405365	-83.77365875	-55.73281479
-329.8785095	8.018059731000001	10.48000622	-11.62224007	-135.76808169999998	-118.1657257	-73.42941284	-38.19179535	136.362915	-25.95662308	-1.872840285	-6.053282737999999	-36.59645462	-24.50700951	-81.29385376	-75.80532074	3.223579645	-2.276443005	20.34908867	-56.74790955	-136.02783200000002	-36.41452026	50.94304276	-30.41274643	-27.29924774	-28.77530289	-20.95837402	16.48677635
48.4115181	57.71051407	-181.6937561	-202.63261409999998	-80.4105072	-134.34980769999999	-81.57007599	-83.58198547	-66.82781982	-96.67204285	-96.56885529	-88.19808197	-153.6154785	-67.65236664	-143.58860780000003	-21.52197838	-78.54469299	-49.48416138	-12.48559284	-135.3518219	66.68683624	5.934521675	-46.80053711	-119.54185490000002	-123.01179499999999	-72.10144043	-95.25927734	-36.5397377
-16.00171661	-52.17593765	-75.62295532	-89.07308959999999	-97.21914673	-16.25108528	66.26752472	8.653490067	62.38054276	28.33841515	-12.53001118	-106.4037781	-79.70239258	-44.05995178	-99.63983917	-36.23514938	-75.26306915	-25.46793365	-44.82783508	-208.667038	-29.65362549	-61.37348557	-50.36803436	-51.31248093	-63.18261337	13.94267273	-31.89863968	-30.33516312
-59.23069	3.9121725560000002	-2.425627708	12.12230778	-74.55377197	-91.63799286	-61.5030632	-36.69122696	15.80526924	4.093599319	8.222189903	1.9351665969999998	43.54853821	6.040061474	-20.78191757	4.474360466	63.76068115	106.95637509999999	-46.62897873	-74.08429718	-13.31987095	1.638113022	-53.54977798	-26.61851311	-32.79864502	-8.808472633	-79.95414734	23.14840889
-190.9958801	-159.0665436	-16.35877609	-63.89558029	-52.77820969	-55.32207489	1.3400478359999999	-26.64652061	7.991008759	24.76942825	-1.3781317469999999	-39.40480042	-63.25721359	5.403897285	8.589189529	57.05855179	-32.92853546	-7.16872406	58.77304459	-128.1656036	9.274432182	14.67356396	-41.16805267	-27.31940651	-5.770962237999999	-13.76825905	-25.45319557	-18.65008354
-70.47003937	-144.02984619999998	-31.43102837	-78.36415863	-85.75141907	-80.0499649	-21.95709419	-31.75327682	24.31386375	-1.228732944	48.08229446	-52.12434769	5.2820310589999995	-50.44826508	-58.79662323	-60.73048782	-63.67203522	-78.25373077	5.4728946689999995	-105.8102341	-46.20146179	-50.63171005	12.59072971	-34.06344986	42.77369308	2.167816401	-85.73054504	-53.54056931
-458.0871581999999	-275.2855225	-11.23918438	-86.85648346	-114.1703186	-18.24272728	-91.89260101	-78.39848328	131.6409302	-28.01262283	29.08076286	-81.82659912	-40.49278259	-40.73434067	-54.70681	-10.78951836	42.16201401	-27.03310013	6.948629379	-130.97926329999999	-53.50559998	-58.41411209	-6.608231544	-82.77857208	-45.97595596	41.03260422	-82.75205231	-49.83518982
-277.53302	-72.07096863	38.755840299999996	41.03725815	-58.66650391	-8.472189903	-50.82110977	-60.41108322	92.19499207	96.52902985	120.2335129	73.33856201	10.71703911	-24.17858505	-10.95734215	36.9854126	5.508928776	-0.9868624806	-13.47387028	-29.10570908	-119.4247513	-23.6485672	-6.20206213	-15.12796879	63.4824791	90.04814148	-12.37906647	-11.76996803
224.56987	96.50145721	1.525898218	-63.32592773	-42.88903046	-7.262783051	-56.38129044	13.5138464	-6.506383419	-31.35775948	24.93829918	44.79751968	28.39411163	45.15572739	-21.53170204	33.07511139	-49.70275497	-7.981873035	-3.3202357289999997	-27.99430656	97.93679809999999	-4.467872143	13.64605045	45.75463486	-69.7591629	-5.4586462970000005	-31.99103737	1.269328475
12.73393726	8.000368117999999	-80.24398804	-108.1250534	-65.21264648	-90.55582428	-103.9767685	-35.46226883	-63.0760498	53.24364853	-31.10157967	-69.46497345	-32.49507141	-28.26133156	-116.9956818	53.95033264	45.28994751	-55.13146591	-23.75841522	-122.20823670000001	-84.10530853	-94.41111755	-63.08467484	-35.43024063	17.95648003	-8.846064568	-108.20058440000001	-97.16474152
212.2306671	254.66714480000005	-46.84095001	-47.25429535	22.14893341	101.2109833	7.222886562	-34.76756287	18.87249756	-32.18793106	70.46492004	-27.47308922	22.5770092	8.472949028	-9.34866333	-41.90053558	64.0524826	37.70497894	59.4970932	-84.49509429999999	-20.18521881	-41.91027832	-54.34349442	-106.9926071	55.84651184	106.60570530000001	-34.50074768	-45.44264984
-151.6931915	-93.97464752	-17.26217461	-14.85744858	0.30704608559999996	18.32447052	33.75250626	46.73230743	31.02363968	87.60919189	88.83479309	77.48048401	-2.283272743	6.012547493	-3.0963518619999997	44.83256149	3.4272294039999998	-6.342081547	-0.5479406714	-52.52545547	17.42165565	5.621129513	52.83720779	14.10821819	68.12197876	-28.23054695	-2.6605246069999997	28.66827583
-93.08137512	-43.63614655	-123.17973329999998	-176.7930756	-75.67017365	-66.0202179	-150.52372739999998	-178.1971588	-125.1615601	-44.85348892	-92.80665588	-156.2070618	-117.7957764	-72.5641098	-113.02983090000001	53.79606247	-31.25972176	18.9315815	89.86729431	-329.6143494	-126.24166869999999	-185.5869293	-81.53521729	-77.7364502	-6.79126358	-74.16203308	-160.5151978	-123.43830109999999
111.2475281	42.89855194	5.249539852	-10.26886463	27.57130432	29.3612175	8.030461311	-46.60834885	-90.83435822	35.12266922	148.41456599999998	90.28407288	-46.23829269	-10.68932819	-24.9003582	116.5913773	-50.10647964	26.58553696	70.45805359	32.24308777	94.19917297	-10.98689461	52.3143425	8.25118351	3.84957242	-11.86018944	-25.83944893	-60.64171982
-111.0198517	24.90433502	-75.45340729	-103.6766968	-56.89721298	-37.78450012	5.993515491	-51.00051498	-40.56093979	-37.64907455	46.8097496	-33.39760971	-49.01494598	-22.8798008	-48.56901169	-6.715034962000001	-249.72702030000002	-197.7653503	-51.35284805	2.153704405	-25.22875214	-52.48237228	-107.5618896	-39.90658188	-36.28560638	-94.30844116	-147.9821014	-152.653656
-247.05191040000003	-211.34526060000002	-151.4749908	-81.69286346	-68.09638214	-52.77682877	-106.1380692	-168.96246340000002	-25.0889473	-21.90022659	33.72148895	8.204457283	-1.546743989	-20.53691101	-68.68263245	-13.98419952	-118.9892426	-60.64057922	18.21023941	-200.3007355	-116.05809779999998	-112.29996489999999	-69.44509888	-65.32486725	-42.64341736	-9.165154457	-42.24110794	-26.31631851
-228.9486847	-94.90602112	-7.018083572	27.59098244	56.77674484	-49.09297562	-16.39965057	-7.250519753	105.86244199999999	8.282535552999999	78.26008606	50.85935593	14.41504478	-11.1486063	-92.19487762	47.45021057	-131.3861694	-30.25377846	56.65642166	-11.61812782	-27.75152588	-4.065758705	-74.00246429	-40.10193634	-50.90704727	-10.36752033	-58.87024689	-64.68838501
-147.2112732	-100.4878235	36.44533539	15.82631683	-11.88784218	-20.16588783	-9.952396392999999	0.8327268362000001	-81.55786133	50.98552704	104.89571380000001	66.36339569	-17.0173912	-5.8771610260000005	21.12495041	70.20967102	97.43529509999999	99.86942291	0.1800306886	36.54679489	-57.11313629	-95.0879364	41.01407242	11.05076027	54.26015854	59.78043747	-22.94551277	27.27130318
-68.78636932	-57.3163681	-39.14326477	3.0709342960000003	34.29822539999999	58.3288765	46.70427322	102.90214540000001	75.12948608	63.34070587	96.71416473	33.04431152	-19.00854683	-8.787729263	31.93807411	93.18814087	87.2942276	-14.47394848	88.39147949	53.82004547	25.50972176	64.5163269	17.84567642	-19.31437492	91.05762482	32.15630722	46.66657257	-19.22738266
20.83579063	-44.14786911	16.32671928	-46.58499908	27.71882439	92.94854736	21.05221748	-9.363080978	-107.632576	9.080892562999999	30.01332092	45.94537735	5.1378726960000005	5.756987095	21.24207497	87.16730499	-68.24491882	7.980056762999999	-59.903758999999994	-139.7732697	-22.71995735	-49.5682106	-5.110105515	-15.83998108	-57.92243576	-24.26568222	-8.158864975	14.40225887
10.55057335	83.75350189	-34.09469604	3.3137013910000004	32.03650284	16.36443329	23.06902122	-4.131641388	-50.37891769	6.0987195970000005	105.4784622	69.14705658	32.25126266	4.568190575	62.43045044	152.4490814	30.22843742	53.30328751	91.29373932	-34.74385834	-19.78827858	-18.67969894	43.07993317	-1.029448748	87.93186188	23.87854576	-94.46980286	16.80138969
-16.01355553	-32.07862091	-16.57705879	-81.89380646	-37.64656067	-5.229520798	-33.13623047	-22.90110207	-24.347539899999997	-20.72846031	98.38864899	14.12729931	-41.66238403	-51.95472717	-88.55248259999999	74.26829529	-64.22774506	-0.0602995865	71.33324432	1.580161691	13.94429398	-41.44000244	42.87042618	-2.80488658	5.778684139	-74.79382324	-74.72467041	-83.30371094
-433.28396610000004	-302.29388430000006	2.7983181480000003	-5.236026287	9.848778725	9.124833107	-0.6383364797	-29.32876587	77.72145844	35.78596497	57.29734039	-47.1020546	27.46166611	6.610569	-38.25720978	9.754901886	-18.083290100000003	-65.64151001	62.79360199	-142.2805939	-175.8151398	-16.35270309	-54.24938583	-78.58818817	2.669624329	-39.22000122	24.98711014	-33.91775131
-314.15789789999997	-23.89156151	54.2831192	-41.43212128	9.091299057	-55.92432022	-6.056530952	-2.991424322	93.15023041	-1.5735634569999999	26.5477581	-4.049402237	-70.40969086	-52.44091034	-26.03928757	-8.14632988	-0.1708335876	-12.73892879	7.8935551639999995	-115.3307571	-0.1378509849	24.41706467	-59.38934326	-24.78065109	-8.873753548	-28.47411728	15.53842163	30.37732697
-216.51284790000003	8.189276695	100.36939240000001	-14.9466486	-13.32562447	-27.67917633	58.32917786	23.84073257	106.84847260000001	59.12725067	39.23517227	0.9327629209	0.8167452812	-13.90058994	-6.540938854	67.80113983	51.16204834	105.6086884	42.76572418	1.345459938	24.18453598	-5.291500092	3.091045856	-8.728894234	49.60797119	35.96088028	2.7931721210000005	74.41950226
-143.9950256	-32.51168823	-62.09325409	-8.251529694	-38.42499161	-48.39948654	-80.77701569	-72.97100067	48.183399200000004	13.81264305	-38.73489761	-86.27692413	-65.72920989999999	-55.21067047	-54.56492996	-50.92222214	-46.78559113	-49.67758179	-24.86126518	-183.7506561	-106.76885990000001	-82.56843567	-51.88889694	-92.97633362	-9.623831748999999	-28.79817772	-19.43834114	-23.21476173
274.44302369999997	-0.383292973	141.5923767	11.70437813	134.8188629	111.69240570000001	18.37250328	67.80273438	-71.03000641	-18.692716600000004	33.2978096	-4.520790577	7.71002388	13.43471146	183.6212616	144.1358643	-0.3990061283	-11.44660473	-15.30846882	85.02383423	218.2648773	192.35977169999998	-23.85656357	128.37615970000002	2.06821847	-6.090240955	65.46377563	51.41781998
-225.09648130000002	-86.02196503	120.0329285	52.34392548	-73.21256256	-50.64990997	25.89417648	6.008755684	34.63020706	53.06724548	128.935379	70.97773743	-29.79073334	-7.632844447999999	-30.47691536	106.0431442	29.958314899999998	21.455772399999997	49.19805527	57.29310608	12.67069244	21.64568329	31.54429817	48.55109787	-19.23574448	-50.45223999	28.33948708	96.59939575
422.8972168000001	226.2059937	57.024086	18.81307602	-10.51178932	-68.70323944	54.44909668	28.41507339	-140.15866090000003	-42.65958405	10.21970463	46.79495239	-30.61998177	-25.93371391	-131.3809967	-72.42021942	-35.1072197	61.99271774	-26.83003616	-87.91687775	109.304718	153.644455	-36.78809738	-16.44415665	4.462982178	-7.568840504	25.264612200000002	24.92035484
-142.6978149	-29.07910347	-11.36859322	-55.80358505	-70.96011353	-50.46086121	-41.55846405	-80.42425537	-142.6253357	-12.79914093	50.39070511	18.63615608	-59.602626799999996	-38.45288086	-105.5368652	7.721156597	-42.01787949	-33.15897751	15.192599300000001	-54.3922081	7.403980732000001	17.40408325	4.718166351	-8.314284325	-38.710418700000005	-60.04086304	-76.313797	-5.999888897000001
244.31163019999997	97.91712189	66.44525909	4.692072392	-20.10666656	-21.06673431	-56.62772369	-28.009525300000004	-94.87529755	2.3574328419999997	83.82471466	89.17790985	5.117560387	22.58320618	-127.00782779999999	11.20166397	-9.904547691	2.1084897519999997	51.7702446	-60.98206329	53.54855347	-23.84912491	-12.74506569	-11.89675808	5.323915958	37.20512009	-99.07077026	-71.71908569
51.93915558	2.99751544	-5.097995758	-62.06682968	24.04594994	-33.48269653	14.80691338	41.54525375	-2.277063847	17.97335434	-1.8736208680000002	-24.10169983	-52.81627274	1.985210896	39.62947845	73.62854004	47.23763657	30.83143425	82.38249969	13.10490894	0.9886438847	53.21033859	-0.49832135439999997	-33.68223953	49.58840179	-39.39330673	44.28004074	83.04776764
-331.30749510000004	-6.97534132	47.69829559	-31.34890938	-21.13721466	11.17775917	-44.19853592	-54.07839584	6.652450562	18.58285713	57.1319809	-10.27834988	-9.270277023	-20.92298889	53.83209229	71.71263123	81.81647491	85.61859131	31.513444899999996	-102.4231415	-22.92967796	-65.57500458	32.50443268	39.6853714	-6.40605402	-2.234108448	25.13936234	26.85234451
-81.47761536	94.26896667	78.49052429	45.98742676	9.336735725	72.0969162	40.821609499999994	21.03788376	109.39166259999999	89.55491638	22.467996600000003	17.63428116	-36.07717896	-0.4139584601	-65.78271484	-35.80286026	77.8381958	17.35168076	-13.20446301	-110.9334946	-174.23217769999997	-54.0250206	24.05368614	23.364591600000004	74.94290924	70.9805603	45.34785843	57.90412903
285.410614	-23.51897812	-172.2315826	-34.8754158	-57.80214691	-73.49929047	-92.09764099	-26.68058014	-206.6778717	-89.54387665	58.838428500000006	41.6545372	-114.35562900000001	-11.52555275	-31.63943481	38.12141037	-53.54484177	-21.35112	78.82524872	-137.1694336	99.13329315	16.87909698	3.849774361	-85.71455383	-24.54364395	-46.95488739	-22.21176147	10.87776089
303.9251099	228.90101620000002	-99.27674103	-91.05947113	68.63240051	102.6067657	-8.74549675	123.0098343	-262.3782959	-45.12294006	100.33377840000001	70.43790436	22.67584419	61.49961472	-25.8859539	-12.52226067	-93.57360077	-94.55123138	5.043729305	-5.600474358	190.7022095	150.341095	-69.83118439	22.61543465	41.41053009	21.707304	37.07065964	-8.508210182000001
559.9738159	149.7008209	36.46364212	44.27581024	-0.1454462558	-5.264967442	-53.68368912	-0.5991549492	-158.240509	-97.12056732	31.57084274	43.26224136	-79.78737640000001	-17.17159653	-40.60632706	-44.55906296	-44.62770462	73.30038452	32.91468048	-1.7975608109999999	176.4067841	181.49624630000002	13.37806988	-19.17165756	-29.37052155	1.184640884	-16.56866074	-66.99458313
-147.858902	-234.73805240000002	-8.840988159	-35.32155609	-46.58235168	-69.30188751	-11.94813251	30.24520874	58.51168442	26.79201317	80.36445618	-1.063678265	-28.955537800000002	4.334377289	-57.37070847	60.78606033	0.40252459049999995	-21.55838203	53.29217911	-57.84707642	55.18967438	37.87203217	26.60133553	39.93135452	-27.13883209	21.029096600000003	43.6843338	-38.1230011
152.23106380000002	24.67780304	20.7487011	45.36693573	7.781497955	-49.41574097	7.625895022999999	-11.04418755	-30.68082237	8.970028877	83.21968079	112.25595859999999	-3.726882458	23.24112511	-46.97655106	-16.55110931	-15.68417835	-4.96025753	30.67292404	-24.89441299	-11.32685757	-9.930258751	2.912979364	7.928985596	22.28718758	18.87766647	-44.67517471	4.946098328
-285.46875	-232.715683	-59.11285782	-17.75908089	3.417407274	-34.08041382	-2.39710331	48.00559616	70.20141602	-6.862380981	-1.1567353009999999	-8.413700104	-20.24923325	-39.80344009	2.259558201	49.262744899999994	-11.06206417	-15.37401104	-67.70802307	-134.3386383	1.329805017	-61.84112167	-39.45750046	-27.29503632	-78.80658722	-13.24883175	39.40692902	63.31542206
503.38055419999995	150.2891998	-45.46666336	-46.53902054	138.6002808	54.04857635	-24.23289299	-17.32593155	-257.4440002	-2.9938302039999996	103.968689	100.5968018	-54.94042587	29.98602676	-84.7837677	33.23806763	-81.12667847	-44.16675568	31.87402344	-66.84123993	89.5455246	78.11018372	-27.02703857	-33.42884827	16.62088776	-15.86728191	-57.01378632	-14.28541851
139.0338135	63.60081863	4.408240318	39.11696625	54.62125015	-56.94419479	-37.29312515	51.94014359	-36.90084457	-49.973628999999995	76.6727066	57.00309753	-61.69112015	1.8589150909999999	-30.78849411	138.8460693	-72.02427673	40.05864334	73.5834198	-84.89231873	122.81464390000001	116.593483	61.48731613	52.18997192	-46.45842361	-23.12811661	-14.71755028	-29.24456406
-107.7933502	-120.9586563	-31.68338203	-58.08073044	-27.09680748	29.74080467	24.50300026	-7.195407867	-78.74323273	-54.54391861	94.74291992	46.56901169	-36.88759995	-8.403001785	-64.04879761	-3.002908468	-122.60476680000001	-100.236824	-30.57440186	-69.06505585	-5.78731966	-26.81839943	-73.76538849	-88.71459961	-66.31034088	-30.03805351	-92.89369202	-98.90911865
178.51741030000002	94.62662506	5.378237724	-3.8023705480000003	44.03679657	16.1301403	111.0229034	71.67434692	43.60770798	7.439788342000001	171.8804474	107.7426605	-14.31853199	36.475265500000006	13.56176186	77.3551712	-22.3138504	5.308181286	10.79953384	-80.34255981	-53.32173157	-59.897140500000006	10.28358269	-31.29829216	61.97554779	26.01368332	0.7282860875	-25.95202827
-176.18734740000002	-143.33708190000002	83.57884216	-0.28697896	-24.84895897	-30.52178574	-31.47950745	-56.75543213	41.82126617	40.20174026	43.30680084	78.36812592	-16.00783157	-0.9268581867	-21.75710869	71.69228363	67.16733551	50.56255722	23.88955498	-47.15647888	-91.63781738	-64.5612793	-40.97528839	-32.98642349	20.01323509	43.02893829	35.27882767	-6.484120368999999
-49.16570282	-85.45882416	89.1730957	86.66241455	-56.94895554	-108.14614109999998	28.0971489	-39.96485138	79.23892975	-30.9932785	26.09312248	68.58093262	20.79468155	-19.34191513	2.7109565730000003	-11.26855946	36.18328476	-22.49572182	-36.44588852	104.0408936	-17.67863464	-25.37496948	23.94581413	-83.81130219	-16.15910721	83.10821533	14.60798454	82.35624695
-139.7160492	-182.4229736	117.5522614	50.98688126	-49.64592361	-85.6953125	-49.21929169	-41.07584381	110.3162689	7.039700031000001	88.52303314	5.951293467999999	-44.11198044	-46.38107681	-45.00543213	-17.75553322	-28.08724022	43.12030411	-27.23899841	76.60896301	-5.887550831	-46.11390686	50.86197281	2.140990019	12.90507507	-18.93214798	-0.5821139812	29.21368217
-48.80388641	-35.04296494	53.57707596	-12.48587132	-22.013834	-99.92121124	7.70477438	25.46437263	52.785766599999995	-27.93839264	137.3608246	62.71725845	13.27742195	59.90171432	-28.49707603	-13.15914059	72.73048401	49.08861160000001	118.67138670000001	-25.78280449	10.87377739	-28.43216896	51.22548676	38.7532959	20.66212654	68.44405365	-83.77365875	-55.73281479
-44.81147003	41.83501434	49.85644913	-0.9060035348000001	10.05834103	-32.37546921	-9.811649323	-70.93086243	19.00631714	87.63145447	59.667541500000006	36.23140717	12.04260445	0.03760929778	-74.61717224	-56.048847200000004	47.55186081	83.58656311	-64.31230927	-106.2274857	-36.10131073	-21.07227325	-15.75486946	-69.65533447	22.90904808	51.16474915	-1.006790757	16.79995728
-205.9363251	-135.67015080000002	107.8198853	114.3443909	-61.17053986	-34.91916656	5.320189476	-22.68198013	105.3570709	-48.50720596	2.199492931	56.32297516	45.5287056	26.24756622	-5.3804521560000005	-10.75022125	40.196014399999996	12.85502815	22.18732643	19.87989235	-54.10749435	-36.10970306	24.28185081	-21.71342468	46.89865112	35.97106934	89.94536591	40.83003235
-59.23069	3.9121725560000002	-2.425627708	12.12230778	-74.55377197	-91.63799286	-61.5030632	-36.69122696	15.80526924	4.093599319	8.222189903	1.9351665969999998	43.54853821	6.040061474	-20.78191757	4.474360466	63.76068115	106.95637509999999	-46.62897873	-74.08429718	-13.31987095	1.638113022	-53.54977798	-26.61851311	-32.79864502	-8.808472633	-79.95414734	23.14840889
66.98474121	-37.61172485	68.36244202	54.07199478	9.261544228	-50.74305344	47.04367065	-21.00972748	86.52484131	-17.74155235	43.20345688	59.95635223	-53.84449005	12.46091175	-10.5940609	38.59096909	116.8910294	-11.90447903	81.30669403	38.57114029	61.92720413	32.62708664	-37.72623825	-43.95592499	53.08540344	12.13873863	55.4469223	15.46586227
-70.47003937	-144.02984619999998	-31.43102837	-78.36415863	-85.75141907	-80.0499649	-21.95709419	-31.75327682	24.31386375	-1.228732944	48.08229446	-52.12434769	5.2820310589999995	-50.44826508	-58.79662323	-60.73048782	-63.67203522	-78.25373077	5.4728946689999995	-105.8102341	-46.20146179	-50.63171005	12.59072971	-34.06344986	42.77369308	2.167816401	-85.73054504	-53.54056931
224.56987	96.50145721	1.525898218	-63.32592773	-42.88903046	-7.262783051	-56.38129044	13.5138464	-6.506383419	-31.35775948	24.93829918	44.79751968	28.39411163	45.15572739	-21.53170204	33.07511139	-49.70275497	-7.981873035	-3.3202357289999997	-27.99430656	97.93679809999999	-4.467872143	13.64605045	45.75463486	-69.7591629	-5.4586462970000005	-31.99103737	1.269328475
-111.15779109999998	-64.19674683	86.80465698	59.85670089999999	68.34376526	22.90259743	23.60667992	-6.50058794	58.45140076	27.02019691	68.12150574	62.67295837	37.55932999	-26.03202438	-5.687122822	70.56562805	60.89967346	97.11627197	28.25963211	-4.413687706	-1.025604606	36.20555115	51.16925049	42.94221497	33.26088333	-16.23657417	37.34411621	47.86940765
442.26956179999996	178.88296509999998	13.97523212	30.25888252	-5.673893929	44.900383000000005	-32.32913971	15.67656994	-92.90110016	-5.79046154	4.875972748	25.36216164	5.061752319	2.234320164	-99.52925873	94.38663483	10.44641018	10.12429523	-54.72225952	32.36654282	151.9907227	96.52578735	10.74529743	2.969971418	-52.42498398	-22.16788673	-50.01091766	18.631151199999998
-111.0198517	24.90433502	-75.45340729	-103.6766968	-56.89721298	-37.78450012	5.993515491	-51.00051498	-40.56093979	-37.64907455	46.8097496	-33.39760971	-49.01494598	-22.8798008	-48.56901169	-6.715034962000001	-249.72702030000002	-197.7653503	-51.35284805	2.153704405	-25.22875214	-52.48237228	-107.5618896	-39.90658188	-36.28560638	-94.30844116	-147.9821014	-152.653656
-247.05191040000003	-211.34526060000002	-151.4749908	-81.69286346	-68.09638214	-52.77682877	-106.1380692	-168.96246340000002	-25.0889473	-21.90022659	33.72148895	8.204457283	-1.546743989	-20.53691101	-68.68263245	-13.98419952	-118.9892426	-60.64057922	18.21023941	-200.3007355	-116.05809779999998	-112.29996489999999	-69.44509888	-65.32486725	-42.64341736	-9.165154457	-42.24110794	-26.31631851
-261.42233280000005	-111.7161179	24.30518723	-15.82956791	-69.31273651	27.59531021	-64.84172821	-45.44126129	100.16439820000001	-24.71891785	36.07247925	-10.6518116	15.47721863	-12.53837967	-76.74327087	-40.43068314	63.40296555	49.43805695	-28.24921036	-25.18540955	-117.3611603	-65.81947327	-25.06860352	-46.94857788	47.19709396	-13.01635456	-31.59190178	-3.095356464
-45.87274551	-4.594743729	113.39228059999999	99.59753418	81.63572693	71.73804474	55.90224075	153.8694	144.30445859999998	38.45685577	69.87660217	82.73143005	50.76478195	20.21453476	73.014328	146.0291595	135.3201447	151.2480927	-4.530949593	0.8158649802	117.26523590000002	88.17459869	26.84757233	22.70464325	24.51357269	6.478795052000001	46.33375931	137.6572113
20.83579063	-44.14786911	16.32671928	-46.58499908	27.71882439	92.94854736	21.05221748	-9.363080978	-107.632576	9.080892562999999	30.01332092	45.94537735	5.1378726960000005	5.756987095	21.24207497	87.16730499	-68.24491882	7.980056762999999	-59.903758999999994	-139.7732697	-22.71995735	-49.5682106	-5.110105515	-15.83998108	-57.92243576	-24.26568222	-8.158864975	14.40225887
-89.23952484	66.48456573	-16.59145355	-1.863818645	52.42509842	25.1875	58.37205505	67.10939026	15.68467522	32.70595169	30.55896759	50.5975914	45.76920319	-4.571930408	70.04149628	67.02178192	-61.32646179	-36.49325562	-12.2881422	-19.14562798	45.87762833	49.06244278	-19.0327282	39.34724808	-18.84342575	-6.7345013620000005	-23.81787491	6.10388422
-16.01355553	-32.07862091	-16.57705879	-81.89380646	-37.64656067	-5.229520798	-33.13623047	-22.90110207	-24.347539899999997	-20.72846031	98.38864899	14.12729931	-41.66238403	-51.95472717	-88.55248259999999	74.26829529	-64.22774506	-0.0602995865	71.33324432	1.580161691	13.94429398	-41.44000244	42.87042618	-2.80488658	5.778684139	-74.79382324	-74.72467041	-83.30371094
232.8712463	67.49733734	3.529386044	-72.52828217	-113.7952957	-85.72433472	-27.95921326	-76.04547119	-60.67515564	-0.4103632569	16.96971893	-36.35647964	-48.14865112	10.43073177	-92.51501465	41.49479294	-0.138929382	94.6468277	7.099096297999999	-81.36659241	-21.11679268	-20.97800064	33.05207825	51.21657181	-39.56109619	-45.91281891	-46.84038925	5.971540451
-216.51284790000003	8.189276695	100.36939240000001	-14.9466486	-13.32562447	-27.67917633	58.32917786	23.84073257	106.84847260000001	59.12725067	39.23517227	0.9327629209	0.8167452812	-13.90058994	-6.540938854	67.80113983	51.16204834	105.6086884	42.76572418	1.345459938	24.18453598	-5.291500092	3.091045856	-8.728894234	49.60797119	35.96088028	2.7931721210000005	74.41950226
393.31436160000004	112.55325320000001	44.868640899999995	-49.52743529999999	-8.551418304	-48.77319717	-17.59180069	-2.207531452	-47.13644409	7.884893894	48.92253113	90.78224182	-45.09453964	-14.57023621	4.9747605319999995	94.3715744	-35.85996628	-39.92998123	24.12126541	-42.52439117	77.2845993	97.37979126	-23.17842865	3.1631915569999998	-11.38453484	5.139145374	-35.43896866	13.62943268
-154.3924713	-22.41826439	49.89028168	-51.76064682	-29.65587997	2.569009542	-34.62984848	-37.9826355	78.06604767	8.356218338	28.38878059	15.66196251	-16.17282677	-26.00211525	-30.31126976	74.38474274	20.77692795	43.73933411	28.88183403	11.0696497	-49.67702484	-53.55327225	28.50283051	5.429130553999999	-40.9552536	-67.75406647	8.267712592999999	69.03223419
17.06570435	-35.11356354	10.94608212	-44.10235214	-51.37713242	-66.3669281	-93.73607635	-137.090271	21.49531937	-16.99998093	61.49145126	2.2313940530000003	10.74209976	-2.050979614	-77.28600311	5.457473277999999	-34.73686218	26.20619392	54.3572464	-12.51721382	-47.89540482	-87.83627319	30.67120743	-3.8382580280000003	-35.169071200000005	-4.873202801000001	-51.08008957	-80.39932251
-596.7863769999999	-23.37467384	21.9422245	-14.18187809	-147.9647522	-38.47925186	-70.58745575	-91.38009644	2.95660162	-27.51903152	-7.900303841	-44.75185776	-75.20320892	-38.67458344	-125.401825	-48.60030365	20.60835838	18.71395874	-32.77139664	-30.35418701	-177.9748535	-192.5948486	-18.81322289	-10.60500526	-9.420361519	62.045421600000005	-38.20368958	-73.27462769
33.63501358	-79.49266815	-34.06832886	-113.83603670000001	46.964881899999995	-21.27673721	0.9269523025	18.93034744	145.9043274	37.93854523	71.97780609	-32.11903381	2.584380388	20.69614029	23.53353119	46.60149765	-43.45910645	0.8718628883	16.32376671	-87.01316833	-14.65411949	44.49618912	-43.21786499	4.744344234	24.53369713	36.15016937	-20.54022598	-25.21892166
274.44302369999997	-0.383292973	141.5923767	11.70437813	134.8188629	111.69240570000001	18.37250328	67.80273438	-71.03000641	-18.692716600000004	33.2978096	-4.520790577	7.71002388	13.43471146	183.6212616	144.1358643	-0.3990061283	-11.44660473	-15.30846882	85.02383423	218.2648773	192.35977169999998	-23.85656357	128.37615970000002	2.06821847	-6.090240955	65.46377563	51.41781998
-225.09648130000002	-86.02196503	120.0329285	52.34392548	-73.21256256	-50.64990997	25.89417648	6.008755684	34.63020706	53.06724548	128.935379	70.97773743	-29.79073334	-7.632844447999999	-30.47691536	106.0431442	29.958314899999998	21.455772399999997	49.19805527	57.29310608	12.67069244	21.64568329	31.54429817	48.55109787	-19.23574448	-50.45223999	28.33948708	96.59939575
-142.6978149	-29.07910347	-11.36859322	-55.80358505	-70.96011353	-50.46086121	-41.55846405	-80.42425537	-142.6253357	-12.79914093	50.39070511	18.63615608	-59.602626799999996	-38.45288086	-105.5368652	7.721156597	-42.01787949	-33.15897751	15.192599300000001	-54.3922081	7.403980732000001	17.40408325	4.718166351	-8.314284325	-38.710418700000005	-60.04086304	-76.313797	-5.999888897000001
-221.10327149999998	44.50117493	-41.81919479	-18.50442123	-97.63555145	-182.3536835	-83.81390381	-140.3574066	-76.53569794	-56.90111160000001	-28.16993904	-10.2206955	-98.45697784	-50.07836151	-84.90514374	-104.0632172	-66.47535706	41.63899612	-85.01385498	-163.4962311	-99.34541321	-97.22156525	-38.73881531	-52.07757187	-71.24230194	-45.67338181	2.347342968	-58.82561493
244.31163019999997	97.91712189	66.44525909	4.692072392	-20.10666656	-21.06673431	-56.62772369	-28.009525300000004	-94.87529755	2.3574328419999997	83.82471466	89.17790985	5.117560387	22.58320618	-127.00782779999999	11.20166397	-9.904547691	2.1084897519999997	51.7702446	-60.98206329	53.54855347	-23.84912491	-12.74506569	-11.89675808	5.323915958	37.20512009	-99.07077026	-71.71908569
51.93915558	2.99751544	-5.097995758	-62.06682968	24.04594994	-33.48269653	14.80691338	41.54525375	-2.277063847	17.97335434	-1.8736208680000002	-24.10169983	-52.81627274	1.985210896	39.62947845	73.62854004	47.23763657	30.83143425	82.38249969	13.10490894	0.9886438847	53.21033859	-0.49832135439999997	-33.68223953	49.58840179	-39.39330673	44.28004074	83.04776764
-254.0749664	-123.398941	-32.87413788	-36.15361404	-31.55481339	-42.49036026	-114.49443049999999	-46.13873672	-18.2311058	17.15146065	17.96410561	-52.81429291	-34.78972244	5.150861263	-65.9929657	25.8504467	6.904319286000001	-3.1892614360000002	-52.56492233	-20.70631981	-72.22903442	-92.26179504	17.98722458	-1.88087368	-26.849199300000002	-67.30110168	-56.78049088	21.85676003
-163.3465118	-258.0763855	93.81577301	3.168182373	45.04755402	16.89831161	-27.07389641	122.4859009	105.13882450000001	70.59325409	163.9833374	140.0342865	34.50035477	34.25551987	1.452697039	51.88063431	6.339322567000001	11.16833496	115.4806976	13.57230377	94.04680634	-11.34074593	44.33016586	90.69232178	10.47452831	23.90961456	52.26914978	-11.20482159
285.410614	-23.51897812	-172.2315826	-34.8754158	-57.80214691	-73.49929047	-92.09764099	-26.68058014	-206.6778717	-89.54387665	58.838428500000006	41.6545372	-114.35562900000001	-11.52555275	-31.63943481	38.12141037	-53.54484177	-21.35112	78.82524872	-137.1694336	99.13329315	16.87909698	3.849774361	-85.71455383	-24.54364395	-46.95488739	-22.21176147	10.87776089
176.3688507	-57.94319916	61.97687149	-31.481700899999996	-23.40255356	-6.80704689	69.04975128	-75.84645844	-31.89743614	17.62545204	165.8894653	79.15950775	9.762330055	1.357172728	53.19617462	132.71788020000002	-53.40676117	-6.763715267	79.52687073	-9.93812561	28.71614265	-23.89920807	16.85893059	57.29402161	-44.2305336	-77.7620163	-117.571701	6.95661211
20.38215828	-37.34057999	69.93982697	73.22879791	117.2758865	-49.2657547	17.32088852	57.28213501	91.09313965	31.02416992	88.78720856	59.5978775	6.654101849	-13.30221081	22.21234322	134.9658051	103.5988693	48.49338531	7.007320404	44.96385193	74.34078979	160.14501950000002	-19.71832275	4.714926243	-6.117123127	-27.30283928	73.71050262	67.86988068
292.466156	21.98575211	-25.34472847	-43.98006439	11.22236156	19.65865326	27.8973217	49.96831131	-131.1014709	-31.43681526	85.64517975	61.29804993	-12.12417793	2.797783613	-31.66427422	70.6102066	10.29657459	8.880413055	0.8186657429	-110.2462616	78.81150818	66.31967163	2.390300751	-19.28574753	-55.33213425	-34.40294647	-87.28949738	13.03460598
-266.9568787	-51.73250198	-151.0677948	-108.54545590000001	-107.5967331	-82.24009705	-144.78839109999998	-85.60006714	-52.62526321	-32.11249542	17.18775368	16.67781448	-97.03288269	-23.18766022	-89.70563507	-59.62336731	-130.0579834	-78.30037689	36.99583435	-46.56237793	-88.40648651	-84.20020294	-71.69431305	-102.2229691	-1.197820187	-21.92640495	-50.14025116	-91.1723938
292.53649900000005	291.60360719999994	-20.87303734	5.785189152	80.54409027	95.83093262	-12.21349049	37.87056732	-23.04682922	-46.00203705	56.20634842	-26.98396492	-34.38321304	16.15442467	-88.31362152	-29.90402222	17.66428375	20.24084091	43.16480637	-87.555336	58.14336395	56.74383926	28.06995392	-11.99353409	90.91780853	21.01943588	-43.3862648	-5.331804276000001
559.9738159	149.7008209	36.46364212	44.27581024	-0.1454462558	-5.264967442	-53.68368912	-0.5991549492	-158.240509	-97.12056732	31.57084274	43.26224136	-79.78737640000001	-17.17159653	-40.60632706	-44.55906296	-44.62770462	73.30038452	32.91468048	-1.7975608109999999	176.4067841	181.49624630000002	13.37806988	-19.17165756	-29.37052155	1.184640884	-16.56866074	-66.99458313
-147.858902	-234.73805240000002	-8.840988159	-35.32155609	-46.58235168	-69.30188751	-11.94813251	30.24520874	58.51168442	26.79201317	80.36445618	-1.063678265	-28.955537800000002	4.334377289	-57.37070847	60.78606033	0.40252459049999995	-21.55838203	53.29217911	-57.84707642	55.18967438	37.87203217	26.60133553	39.93135452	-27.13883209	21.029096600000003	43.6843338	-38.1230011
-285.46875	-232.715683	-59.11285782	-17.75908089	3.417407274	-34.08041382	-2.39710331	48.00559616	70.20141602	-6.862380981	-1.1567353009999999	-8.413700104	-20.24923325	-39.80344009	2.259558201	49.262744899999994	-11.06206417	-15.37401104	-67.70802307	-134.3386383	1.329805017	-61.84112167	-39.45750046	-27.29503632	-78.80658722	-13.24883175	39.40692902	63.31542206
83.80976105	53.89411163	5.7863793370000005	-60.45806885	0.35476559399999996	38.507579799999995	-33.37739563	-31.89729881	-29.59093475	9.240226746	63.13883591	5.07840538	-7.6640868189999996	28.47191429	-43.21625137	-26.260355	24.577890399999998	52.485439299999996	88.43804169	-47.81931686	42.80901718	21.8426857	7.169111729	-42.62380981	40.47095871	46.56134415	-73.8272934	21.34911728
-138.4127655	29.50231552	-115.16502379999999	-157.4477997	-63.47475433	49.14827347	-32.32069778	10.98671341	-78.49101257	34.01951981	105.93856809999998	-10.07810783	-13.29577923	52.50449371	-8.735467911	110.3767853	-85.5776825	-134.0764771	-6.176454543999999	-32.60887909	-20.85060501	-46.54420853	-60.88895798	-14.45675659	38.77534103	38.69304276	-92.80482483	32.99593735
503.38055419999995	150.2891998	-45.46666336	-46.53902054	138.6002808	54.04857635	-24.23289299	-17.32593155	-257.4440002	-2.9938302039999996	103.968689	100.5968018	-54.94042587	29.98602676	-84.7837677	33.23806763	-81.12667847	-44.16675568	31.87402344	-66.84123993	89.5455246	78.11018372	-27.02703857	-33.42884827	16.62088776	-15.86728191	-57.01378632	-14.28541851
139.0338135	63.60081863	4.408240318	39.11696625	54.62125015	-56.94419479	-37.29312515	51.94014359	-36.90084457	-49.973628999999995	76.6727066	57.00309753	-61.69112015	1.8589150909999999	-30.78849411	138.8460693	-72.02427673	40.05864334	73.5834198	-84.89231873	122.81464390000001	116.593483	61.48731613	52.18997192	-46.45842361	-23.12811661	-14.71755028	-29.24456406
-124.55455020000001	-177.4334259	-113.01759340000001	-127.3016815	-56.93784714	-92.19019318	-41.88959503	-3.279314041	11.17992687	-0.6260944605	3.412163734	-47.46101761	-41.18026352	-19.58645439	-13.82619381	14.45490646	38.62247849	-6.875559807	-42.61597443	-73.40808868	164.96612549999998	22.85286903	-25.0868206	-55.18515778	13.12552547	-19.11108017	-26.86213303	-9.383477211
264.7835693	288.928833	-115.77807620000002	-122.74232479999999	-34.50831223	-125.916214	-44.72943115	-6.814089298	-75.19406128	-23.09869194	-92.13022614	-104.61975100000001	-70.16286469	-38.2988739	-76.82270813	-77.2142334	-12.69591618	-45.8335228	-21.38700867	-117.3979416	-63.72496414	-55.33591461	-46.35267258	-67.63079834	-54.17203903	-16.87964821	-56.22126389	17.45061111
-176.18734740000002	-143.33708190000002	83.57884216	-0.28697896	-24.84895897	-30.52178574	-31.47950745	-56.75543213	41.82126617	40.20174026	43.30680084	78.36812592	-16.00783157	-0.9268581867	-21.75710869	71.69228363	67.16733551	50.56255722	23.88955498	-47.15647888	-91.63781738	-64.5612793	-40.97528839	-32.98642349	20.01323509	43.02893829	35.27882767	-6.484120368999999
-109.0083084	-111.7617493	-20.85840034	-40.10002899	-49.82801437	-47.42319107	29.30826569	12.04538155	24.38142395	-34.38634491	140.14555359999997	57.55681992	-42.05485916	1.51589644	-49.08842468	77.34797668	26.84834671	12.19502544	122.08705900000001	-68.74847412	-84.59950256	-19.14832497	63.60746765	-12.09403133	-20.64422226	-90.34919739	-14.37265778	-42.55307007
-193.9612885	-283.23181150000005	-57.35694122	-105.0313034	-72.42060089	-61.05156708	-67.55397034	-88.38362122	117.37744140000001	68.4093399	14.70361137	-18.79094887	-51.81333542	-54.95794296	0.4886212945	-10.19434547	-76.97107697	-67.16516113	-20.78978157	-135.0006256	6.48610878	-13.73269939	-22.72322464	-92.94638062	-44.48409653	-25.95508766	-48.82019806	-51.19270706
140.83866880000002	162.6897736	-2.68973279	17.30856133	-41.87388992	-74.90022278	-53.70134354	-61.15990448	-62.97034836	-22.13804054	73.75599670000001	-10.79565525	3.7520174980000003	-9.058576583999999	-81.56821442	-41.94954681	-23.09390259	-0.40212363	21.34558487	52.376296999999994	-81.61543274	-103.3797226	21.01716805	-62.53836823	27.73142052	59.66320801	-27.34882164	-15.84611225
279.4402771	286.7649841	1.7671188119999999	-54.04440308	-44.34088898	-0.2316760123	-31.78586578	18.25535583	-40.74782944	-40.03540802	-10.87650108	-8.971975327000001	-55.145114899999996	-12.37950706	-81.7715683	-56.99222183	35.08843994	-17.84586143	-3.726399422	-208.9278564	-17.19685555	-60.28829575	-55.29827118	-83.33757782	-0.2973971665	34.48907089	-60.207355500000006	-24.73568153
42.19755936	78.35184479	-104.14675140000001	-100.71993259999999	-64.67790222	-38.29671097	-42.73054886	-20.58377838	2.763933897	-16.81702232	-40.466724400000004	-89.76430511	-116.5793686	-57.09542084	-79.68185425	29.16796112	-63.76563644	-55.26594543	-69.52893066	-92.74637604	45.13894272	53.95982361	-31.29230309	-16.48509407	-99.48699188	-88.80841064	-20.17557335	-29.23180962
-139.7160492	-182.4229736	117.5522614	50.98688126	-49.64592361	-85.6953125	-49.21929169	-41.07584381	110.3162689	7.039700031000001	88.52303314	5.951293467999999	-44.11198044	-46.38107681	-45.00543213	-17.75553322	-28.08724022	43.12030411	-27.23899841	76.60896301	-5.887550831	-46.11390686	50.86197281	2.140990019	12.90507507	-18.93214798	-0.5821139812	29.21368217
-48.80388641	-35.04296494	53.57707596	-12.48587132	-22.013834	-99.92121124	7.70477438	25.46437263	52.785766599999995	-27.93839264	137.3608246	62.71725845	13.27742195	59.90171432	-28.49707603	-13.15914059	72.73048401	49.08861160000001	118.67138670000001	-25.78280449	10.87377739	-28.43216896	51.22548676	38.7532959	20.66212654	68.44405365	-83.77365875	-55.73281479
-205.9363251	-135.67015080000002	107.8198853	114.3443909	-61.17053986	-34.91916656	5.320189476	-22.68198013	105.3570709	-48.50720596	2.199492931	56.32297516	45.5287056	26.24756622	-5.3804521560000005	-10.75022125	40.196014399999996	12.85502815	22.18732643	19.87989235	-54.10749435	-36.10970306	24.28185081	-21.71342468	46.89865112	35.97106934	89.94536591	40.83003235
-329.8785095	8.018059731000001	10.48000622	-11.62224007	-135.76808169999998	-118.1657257	-73.42941284	-38.19179535	136.362915	-25.95662308	-1.872840285	-6.053282737999999	-36.59645462	-24.50700951	-81.29385376	-75.80532074	3.223579645	-2.276443005	20.34908867	-56.74790955	-136.02783200000002	-36.41452026	50.94304276	-30.41274643	-27.29924774	-28.77530289	-20.95837402	16.48677635
48.4115181	57.71051407	-181.6937561	-202.63261409999998	-80.4105072	-134.34980769999999	-81.57007599	-83.58198547	-66.82781982	-96.67204285	-96.56885529	-88.19808197	-153.6154785	-67.65236664	-143.58860780000003	-21.52197838	-78.54469299	-49.48416138	-12.48559284	-135.3518219	66.68683624	5.934521675	-46.80053711	-119.54185490000002	-123.01179499999999	-72.10144043	-95.25927734	-36.5397377
-59.23069	3.9121725560000002	-2.425627708	12.12230778	-74.55377197	-91.63799286	-61.5030632	-36.69122696	15.80526924	4.093599319	8.222189903	1.9351665969999998	43.54853821	6.040061474	-20.78191757	4.474360466	63.76068115	106.95637509999999	-46.62897873	-74.08429718	-13.31987095	1.638113022	-53.54977798	-26.61851311	-32.79864502	-8.808472633	-79.95414734	23.14840889
66.98474121	-37.61172485	68.36244202	54.07199478	9.261544228	-50.74305344	47.04367065	-21.00972748	86.52484131	-17.74155235	43.20345688	59.95635223	-53.84449005	12.46091175	-10.5940609	38.59096909	116.8910294	-11.90447903	81.30669403	38.57114029	61.92720413	32.62708664	-37.72623825	-43.95592499	53.08540344	12.13873863	55.4469223	15.46586227
-190.9958801	-159.0665436	-16.35877609	-63.89558029	-52.77820969	-55.32207489	1.3400478359999999	-26.64652061	7.991008759	24.76942825	-1.3781317469999999	-39.40480042	-63.25721359	5.403897285	8.589189529	57.05855179	-32.92853546	-7.16872406	58.77304459	-128.1656036	9.274432182	14.67356396	-41.16805267	-27.31940651	-5.770962237999999	-13.76825905	-25.45319557	-18.65008354
-277.53302	-72.07096863	38.755840299999996	41.03725815	-58.66650391	-8.472189903	-50.82110977	-60.41108322	92.19499207	96.52902985	120.2335129	73.33856201	10.71703911	-24.17858505	-10.95734215	36.9854126	5.508928776	-0.9868624806	-13.47387028	-29.10570908	-119.4247513	-23.6485672	-6.20206213	-15.12796879	63.4824791	90.04814148	-12.37906647	-11.76996803
-111.15779109999998	-64.19674683	86.80465698	59.85670089999999	68.34376526	22.90259743	23.60667992	-6.50058794	58.45140076	27.02019691	68.12150574	62.67295837	37.55932999	-26.03202438	-5.687122822	70.56562805	60.89967346	97.11627197	28.25963211	-4.413687706	-1.025604606	36.20555115	51.16925049	42.94221497	33.26088333	-16.23657417	37.34411621	47.86940765
12.73393726	8.000368117999999	-80.24398804	-108.1250534	-65.21264648	-90.55582428	-103.9767685	-35.46226883	-63.0760498	53.24364853	-31.10157967	-69.46497345	-32.49507141	-28.26133156	-116.9956818	53.95033264	45.28994751	-55.13146591	-23.75841522	-122.20823670000001	-84.10530853	-94.41111755	-63.08467484	-35.43024063	17.95648003	-8.846064568	-108.20058440000001	-97.16474152
-151.6931915	-93.97464752	-17.26217461	-14.85744858	0.30704608559999996	18.32447052	33.75250626	46.73230743	31.02363968	87.60919189	88.83479309	77.48048401	-2.283272743	6.012547493	-3.0963518619999997	44.83256149	3.4272294039999998	-6.342081547	-0.5479406714	-52.52545547	17.42165565	5.621129513	52.83720779	14.10821819	68.12197876	-28.23054695	-2.6605246069999997	28.66827583
-93.08137512	-43.63614655	-123.17973329999998	-176.7930756	-75.67017365	-66.0202179	-150.52372739999998	-178.1971588	-125.1615601	-44.85348892	-92.80665588	-156.2070618	-117.7957764	-72.5641098	-113.02983090000001	53.79606247	-31.25972176	18.9315815	89.86729431	-329.6143494	-126.24166869999999	-185.5869293	-81.53521729	-77.7364502	-6.79126358	-74.16203308	-160.5151978	-123.43830109999999
111.2475281	42.89855194	5.249539852	-10.26886463	27.57130432	29.3612175	8.030461311	-46.60834885	-90.83435822	35.12266922	148.41456599999998	90.28407288	-46.23829269	-10.68932819	-24.9003582	116.5913773	-50.10647964	26.58553696	70.45805359	32.24308777	94.19917297	-10.98689461	52.3143425	8.25118351	3.84957242	-11.86018944	-25.83944893	-60.64171982
-54.36062241	45.47653198	120.99792479999999	71.15853882	-7.161063671	1.3818327190000002	68.78281403	74.30867004	29.58430099	82.51099396	202.8697205	142.36749269999999	72.53221893	26.01424217	110.28290559999999	126.1548615	-25.855688100000002	-0.435431391	-48.64583206	81.88663483	-30.111763	54.58957291	21.44211769	-13.68578911	72.25733185	48.77329254	-52.23167801	-78.7554245
-111.0198517	24.90433502	-75.45340729	-103.6766968	-56.89721298	-37.78450012	5.993515491	-51.00051498	-40.56093979	-37.64907455	46.8097496	-33.39760971	-49.01494598	-22.8798008	-48.56901169	-6.715034962000001	-249.72702030000002	-197.7653503	-51.35284805	2.153704405	-25.22875214	-52.48237228	-107.5618896	-39.90658188	-36.28560638	-94.30844116	-147.9821014	-152.653656
-247.05191040000003	-211.34526060000002	-151.4749908	-81.69286346	-68.09638214	-52.77682877	-106.1380692	-168.96246340000002	-25.0889473	-21.90022659	33.72148895	8.204457283	-1.546743989	-20.53691101	-68.68263245	-13.98419952	-118.9892426	-60.64057922	18.21023941	-200.3007355	-116.05809779999998	-112.29996489999999	-69.44509888	-65.32486725	-42.64341736	-9.165154457	-42.24110794	-26.31631851
-45.87274551	-4.594743729	113.39228059999999	99.59753418	81.63572693	71.73804474	55.90224075	153.8694	144.30445859999998	38.45685577	69.87660217	82.73143005	50.76478195	20.21453476	73.014328	146.0291595	135.3201447	151.2480927	-4.530949593	0.8158649802	117.26523590000002	88.17459869	26.84757233	22.70464325	24.51357269	6.478795052000001	46.33375931	137.6572113
-228.9486847	-94.90602112	-7.018083572	27.59098244	56.77674484	-49.09297562	-16.39965057	-7.250519753	105.86244199999999	8.282535552999999	78.26008606	50.85935593	14.41504478	-11.1486063	-92.19487762	47.45021057	-131.3861694	-30.25377846	56.65642166	-11.61812782	-27.75152588	-4.065758705	-74.00246429	-40.10193634	-50.90704727	-10.36752033	-58.87024689	-64.68838501
-147.2112732	-100.4878235	36.44533539	15.82631683	-11.88784218	-20.16588783	-9.952396392999999	0.8327268362000001	-81.55786133	50.98552704	104.89571380000001	66.36339569	-17.0173912	-5.8771610260000005	21.12495041	70.20967102	97.43529509999999	99.86942291	0.1800306886	36.54679489	-57.11313629	-95.0879364	41.01407242	11.05076027	54.26015854	59.78043747	-22.94551277	27.27130318
20.83579063	-44.14786911	16.32671928	-46.58499908	27.71882439	92.94854736	21.05221748	-9.363080978	-107.632576	9.080892562999999	30.01332092	45.94537735	5.1378726960000005	5.756987095	21.24207497	87.16730499	-68.24491882	7.980056762999999	-59.903758999999994	-139.7732697	-22.71995735	-49.5682106	-5.110105515	-15.83998108	-57.92243576	-24.26568222	-8.158864975	14.40225887
-89.23952484	66.48456573	-16.59145355	-1.863818645	52.42509842	25.1875	58.37205505	67.10939026	15.68467522	32.70595169	30.55896759	50.5975914	45.76920319	-4.571930408	70.04149628	67.02178192	-61.32646179	-36.49325562	-12.2881422	-19.14562798	45.87762833	49.06244278	-19.0327282	39.34724808	-18.84342575	-6.7345013620000005	-23.81787491	6.10388422
10.55057335	83.75350189	-34.09469604	3.3137013910000004	32.03650284	16.36443329	23.06902122	-4.131641388	-50.37891769	6.0987195970000005	105.4784622	69.14705658	32.25126266	4.568190575	62.43045044	152.4490814	30.22843742	53.30328751	91.29373932	-34.74385834	-19.78827858	-18.67969894	43.07993317	-1.029448748	87.93186188	23.87854576	-94.46980286	16.80138969
