-64.03769684	-75.23104858	-80.99736786	-55.49382401	34.5766449	54.92040253	-6.97430706	-112.40757749999999	-44.45758438	-74.3638916	29.68736649	42.88905716	19.70948219	-180.15171809999998	-73.93586731	0.7888545990000001	-10.50953197	16.75184822	-8.394826888999999	-28.37182617	-105.75149540000001	39.06221771	-10.73813629	-24.88951683	-12.86715031	-67.4395752	-84.95362854	-104.10803990000001
143.3085175	-168.8021698	88.01177216	125.39242549999999	-84.47128296	122.95722959999999	77.84846497	-25.70682526	133.206192	63.03131485	82.39331818	244.3786163	25.27890587	-50.78720093	7.6234054570000005	43.79201508	85.32099915	192.23149109999997	10.62173557	82.17510986	-52.92990494	-73.39989471	74.53897095	200.8919525	56.85955429	-18.51367188	58.25574112	-47.95241547
59.06308746	36.13026047	-65.56589508	-83.23332214	4.8411369319999995	253.1492004	-41.29359055	-119.36451720000001	-54.29690552	-66.49685669	48.49827957	71.98560333	-1.272685885	-200.7677307	139.87849430000003	42.82132721	-56.75361252	-18.81672859	332.1145325	149.1231995	72.38516235	-18.93858147	-53.87992477	-8.494178772	-81.01010132	33.17948914	91.74314117	169.8558655
-48.17968369	-17.77084923	-111.3437195	-115.71846770000002	-67.99755859	124.6862946	45.3992424	-61.75624847	35.75006485	-31.311876300000005	-18.24309921	94.69190979	7.506114006000001	-16.1472683	15.94010067	5.846530437	-3.032994509	119.81496429999999	-83.70180511	-23.13859749	4.2746005060000005	32.57463837	-80.02079773	-10.94820023	37.33154297	38.86422348	11.88889217	-105.8993378
14.32772541	-103.677887	-149.2177429	-223.7850037	40.05617905	-54.77137756	-93.10201263	34.4086647	-8.354874611	-72.87368774	-95.69062042	-56.38662338	8.078855515	-122.2038345	-102.31262209999998	-8.462227821	-97.31795502	-15.108063699999999	-136.8943481	-354.8367615	-144.6859283	-61.94031525	-120.79865259999998	-89.70256805	-60.49754333	-6.830173016	-315.11791989999995	-284.43978880000003
38.36877441	-165.78125	-7.2719869610000005	-76.50879669	-2.147643328	234.3353424	113.4444122	37.58267593	152.9974213	21.20324707	142.78912350000002	175.2611694	137.5907593	13.96231461	43.28400421	43.80307007	62.95616531	52.48891068	142.1501465	-7.683490276000001	10.34376717	-79.98838043	-19.8231411	-41.87405396	94.51393127	21.85036278	-34.22112656	-64.01508331
49.39923096	-8.550794601	-60.56069946	-78.56648254	-46.62321091	110.12971499999999	25.0953064	-58.31965256	34.70656967	17.15522575	62.65312576	112.11591340000001	-102.6552658	-102.2173538	66.28730774	2.263442993	-33.11439896	111.4232635	-52.60381699	32.73123932	67.04373169	62.61026764	-114.1076126	-78.20559692	38.02690125	56.92907333	26.52534485	-90.80859375
-55.18314743	-226.1488647	-189.122345	-135.8734589	-33.60019302	-88.82318878	-46.84315109	-22.06272697	-35.76617432	-160.35495	-114.04693600000002	-42.26684952	-29.82025146	-146.3872833	-251.9226227	-237.8477478	-249.745163	-15.99387074	-368.9482422	-319.11730960000006	-119.368576	-85.59848022	-278.3017578	-173.41139219999997	-33.30570984	-45.39011765	-283.3958435	-492.81741330000006
84.08133698	157.6270142	57.61159515	55.02360153	135.6612091	94.66596985	88.71572113	63.23925781	65.33267212	30.28901863	75.90886688	63.87494659	18.82450294	41.14640045	214.04037480000002	111.4849319	60.38132095	70.51286316	29.11308479	88.16137695	47.80799103	18.51588821	50.86676788	10.28865814	30.01699829	8.513511657999999	34.6897583	159.98445130000002
107.51599879999999	-34.54178619	42.85372925	85.28261566	88.15573883	-23.22802734	45.00820923	-72.44114685	14.1442461	79.3952713	-268.9259033	-279.0916748	-28.23051643	-83.26092529	19.69695473	-44.71116638	31.81634903	20.87662888	-16.37386703	-215.9259338	74.00349426	-102.0948105	-65.51300049	50.41411972	-28.46204758	-59.06725311	-11.82261467	-48.72019196
62.98370361	-92.61746979	54.22548294	152.6924591	-61.97529221	32.66880798	-40.01934814	-18.37926674	25.5304985	22.29254532	-17.60915375	11.14662933	78.93866729999999	-46.95042419	-13.83769321	54.01844788	13.99661732	118.7134628	-229.20904539999998	84.69904327	6.685886383	-76.88337708	-31.96022224	-27.00299263	-15.51082706	34.83566666	-179.4990997	-98.91280365
-187.562027	-48.40051651	53.14435959	50.51709747	3.794057608	61.72642899	32.38114929	17.8167038	95.55759429999999	-12.79411983	-146.4932251	-177.61981200000002	-43.06193542	20.68332863	-111.3141098	-56.36019516	129.9080658	205.9637604	-224.2183685	10.64961147	-25.28349686	0.5957277417	-33.94163132	-60.44916916	141.5757446	57.44208527	25.19126892	-90.24414062
-46.0110054	45.48723221	40.84139633	101.4707413	16.50690842	69.25008392	-51.97062683	-32.72438812	5.8490104679999995	42.68540573	-159.0353241	-152.8986511	-31.21869278	-30.14688873	-28.08703232	18.60056305	104.80821230000001	99.50220490000001	-153.2765503	70.60037994	-52.64522552	-10.02980804	-47.25241852	-58.08101273	16.9118576	12.05246353	-82.31859589	-188.3991699
-42.12264252	-71.29932404	1.566569686	9.294399261	-19.2453804	99.57478333	-74.94345856	29.920576099999998	-63.69298935	85.63629913	-223.8816071	-273.26986689999995	-45.09354401	-123.64524840000001	-59.32929611	-33.13232803	22.44496918	-60.71434021	-193.4457855	-195.5361023	34.003944399999995	-136.1761627	-66.15621948	-134.5539398	-32.35064697	0.9418368340000001	-33.66901016	-111.4882889
106.534874	-77.31291199	161.27229309999998	66.84371185	-43.35369873	103.7144928	90.21570587	-84.53059387	126.20655819999999	49.77735901	-168.7197113	-140.7130432	48.17510223	12.86924362	5.490868568	-6.645768642	57.49868774	162.71170039999998	-57.04603958	89.61577606	81.04998779	-148.9651794	-67.19561005	-70.18473053	8.039982796	39.62633514	-59.71708679	-1.216569662
63.70516586	206.460083	-1258.445679	-681.9522095	-43.94738388	-709.1951293999999	-263.45047	-92.60787201	-326.76669310000005	-180.8651581	-1727.333252	-1573.5701900000001	-6.467247486000001	69.54248047	-961.9654541000001	-92.27519989	-465.68377689999994	-659.2998657	-558.2357787999999	-766.3102417	-1025.254761	-401.14392089999996	-269.5246582	-897.7583617999999	-43.64317322	-98.05486298	-1383.104736	-1361.044067
157.75219730000003	-15.15785694	-69.00579834	236.3802795	58.03918076	111.57501979999999	13.94719982	-25.72743797	31.30796814	8.034077644	-103.708107	-133.3088226	-37.75414658	-134.9801025	-60.00516129	-88.12359619	3.39277482	169.66639709999998	45.34873199	261.05233760000004	-139.6832123	-34.6517334	-102.37052920000001	1.83474791	1.8429299590000001	-38.77870941	-191.6466675	-144.8477478
-47.64138031	-137.4444275	33.28801346	-37.51615143	-55.21678543	95.57073212	52.39722443	-118.9819031	-60.16695404	-56.62369156	-31.14624786	-76.22225952	-88.63745117	-120.5232773	-210.1833344	-122.13348390000002	-163.8495789	42.25166702	-326.99084469999997	-73.73191833	-77.87947845	-263.2215881	-51.01293564	18.82556725	-28.13468742	-16.65211105	-109.8283081	-130.5877686
-21.398386	-80.90155792	-5.346565723	87.36554718	-165.27503969999998	141.3521881	48.98025131	-40.13668442	-13.86581135	17.64909554	72.58615875	-79.81542969	-0.00632470753	-64.86237335	-6.892677784	13.91783905	56.09869385	129.4976807	-29.78643608	-8.915624618999999	11.73114395	89.05565643	101.8245468	122.4311295	33.61339188	-31.82054329	-17.23141098	18.77005959
-89.22645569	-35.28727722	-105.43743899999998	-65.70691681	-33.13145828	-158.97494509999999	-18.59122467	-128.9111633	-6.320010185	56.85467529	-189.4999084	-166.75032040000002	-100.07268520000001	-99.82061005	-86.57359314	14.473044400000001	-75.23941803	-30.81361008	-180.2009735	206.5487823	-177.78869630000003	-161.3033905	-68.97763824	-97.49280548	18.57708931	51.155963899999996	-204.2955475	-152.9020844
11.15016937	-130.6139374	44.11774063	52.74341583	-105.63265990000002	-0.1267644167	99.53360748	-95.97241211	58.06863022	70.46524811	-171.1051331	-310.3328552	-207.5164948	-72.5406723	-62.71673965	-30.68589401	-125.60479740000001	118.55096440000001	-100.06865690000001	123.49383540000001	-3.2980155939999998	-114.8396301	-34.15502167	187.43305969999997	31.536415100000003	20.67198563	1.589293122	-122.9599152
-93.82614136	-174.18434140000002	-59.85391235	76.84113312	-81.03604126	-85.32807159	44.67721939	2.311163664	56.67227936	-73.53629303	-116.00279240000002	-134.0366211	-35.26793289	-93.47583771	-16.46784782	-20.96491051	-85.61894226	36.8146553	-201.36720280000003	215.0119019	62.82583618	-61.11200333	-59.05784988	79.69719696	41.09834671	99.5473175	-33.14234543	-47.57293320000001
-8.532158852	-104.8087997	75.21684265	115.1764145	74.63105774	33.07833481	5.98499012	138.7172699	-20.5459671	73.3616333	-39.89860535	-41.88824463	88.9437027	55.25529861	72.74883270000001	99.70154572	-5.635510445	82.24993896	-8.5809412	293.92663569999996	27.21146965	-123.14820859999999	-49.06229782	9.082758904	12.40557289	-5.217618942	86.00090027	5.967526436
-18.825632100000004	-154.8455811	-22.77524567	36.41186142	-29.18248367	51.01053619	-68.38641357	18.29930878	-79.59392548	-4.436098576	-119.2127686	-133.00813290000002	7.572552681	-8.739513397	22.68809891	-38.35715485	-69.47795105	21.85560036	-21.41001511	-87.39440918	-12.48648643	-171.1697235	-38.08409119	88.30113983	-23.59188652	-71.72460175	59.27178192	86.94659424
-173.1334686	-96.54957581	-7.867869853999999	93.34407043	-94.76554108	-33.02728653	-70.6763382	-49.9314537	-11.35196972	86.18424988	-233.64567569999997	-208.1460724	-88.03865814	-168.50796509999998	-11.22280121	47.5652504	-72.58778381	10.049314500000001	-167.7098389	63.12071991	-53.234661100000004	-121.5503311	-61.65506363	-73.12681579999999	-49.64475632	-70.11751556	-78.42790222	-49.45755386
-106.897995	-81.9802475	-25.89717674	206.7563629	-32.14383316	8.542754172999999	16.13777924	80.47717285	33.81741333	106.0665512	-348.64309689999993	-369.3713074	-147.4421387	-94.14146423	-90.37337494	12.80872917	-119.5722275	73.77185822	-265.2892761	-78.01531219	-96.55846405	5.681610107000001	-112.54867549999999	-10.7759943	44.35127258	65.80442047	-155.1265106	-133.5400696
99.85484314	-18.73789597	40.50575638	58.76280212	77.84559631	-57.12608719	62.33812332	107.70335390000001	21.34053802	69.37367249	-96.40656281	-173.75714109999998	-82.79792786	-69.48187256	98.05945587	40.339649200000004	53.81200027	154.1240997	-98.46043396	151.2468262	127.07353970000001	-143.09922790000002	-13.71493149	110.53413390000001	23.66756058	23.9117527	-10.45747566	-47.79891205
-97.60312653	-39.34863281	-7.873461246000001	-15.46642494	25.38775826	-130.14520259999998	22.013549800000003	96.59382629	-27.0244503	-32.70262527	-321.92099	-352.1772766	118.7084656	-138.3773651	25.79285049	-6.033163547999999	-104.0392761	-23.65524864	40.65649796	24.05986595	-72.16984558	-69.42629242	0.5916634798	35.93619537	59.25556564	-80.92669678	-79.94454193	31.57930565
-0.1515904367	12.76833439	-27.05055237	54.24512482	57.99055862	59.3211937	35.40428925	110.3528976	-39.82199478	-75.72038269	-49.361400599999996	-76.33222961	-19.25437546	-94.61473083	22.88419533	-0.7492040395999999	-96.72672272	-90.66909790000001	34.71257019	127.352066	-2.956869125	-103.73950959999999	-13.51076603	39.38637161	-36.06784058	-45.63816452	-14.34379196	-50.83808517
-74.35449982	-117.70869450000001	-33.66732025	46.70056915	3.606894493	81.73335266	-81.99603271	73.73608398	-26.13397217	-23.71525002	-162.5384521	-90.68916321	14.71794891	-85.41992950000001	38.0642128	-54.02848816	-32.41498947	61.61369705	-1.0611678359999999	-30.76563644	88.83345795	143.7993927	-68.23721313	-92.01919556	-80.4907074	26.63467026	-27.09156609	-21.788049700000002
-81.2681427	-164.38150019999998	-3.153824329	1.646571875	55.86100006	52.92641068	24.94390488	-3.0222296710000003	58.95049286	145.6812286	-228.8387299	-283.80187989999996	27.61685371	-118.15089420000001	42.03741074	-2.150236607	21.39382553	65.64743042	71.81916809	137.0642395	-17.84811211	-54.53551483	-24.57971764	3.21777606	-8.382819176	29.80609703	-30.15255547	-60.93587112
283.9587097	-42.389328000000006	101.0280457	73.47460175	-27.93992043	-31.00680923	108.19342040000001	147.2145538	73.16620636	20.01303673	-58.01010132	-85.36660004	49.71069717	-89.59491729999999	108.11924740000002	6.894991875	-5.216131687	48.35738754	35.25698853	214.7232971	199.42579650000002	-11.40728569	70.20329285	175.4576111	-10.95193005	18.12016678	117.32579040000002	63.17142105
-34.83314133	51.78577805	-50.58947754	-152.2676849	50.65303421	-14.63742924	2.571112871	-44.90260315	-36.72712708	57.62186813	-224.2739258	-186.2527771	-15.67313385	-238.3170624	17.92146111	-32.76567459	58.60636902	42.78820419	37.27708817	62.86439133	-173.5153656	-139.60505680000003	-0.0789366886	-48.62830734	29.51198387	40.58428574	-92.18100739	-182.0323181
-1.502033949	-81.23940277	-30.73086929	-29.22828102	22.74762726	22.89367676	27.15478516	15.19952869	51.46913147	-74.62218475	21.3497963	-10.66795826	36.56159973	-56.36710739	-50.39583588	-59.58503342	8.413730621000001	38.93880463	61.55754089	62.32315445	-113.60427859999999	168.213913	-13.12177086	67.83235168	8.191303253	20.47919273	10.42406178	-16.00761604
-118.28361509999998	-65.32286835	-86.56317902	-19.05923271	21.12877655	-11.40926933	-116.820282	150.7075806	-25.93829918	66.40865326	-265.4697571	-257.7820435	25.57313728	-69.78565216	62.42172623	-24.46994972	-122.9756851	-34.42522812	59.28342056	-62.27158737	-78.18054199	32.9302063	-23.84259033	-52.57028198	-94.83704376	-49.63724899	29.81911087	-39.61088562
-119.9109497	-144.7898102	-100.2047348	16.24869728	-31.74316788	-18.20248413	32.75050354	-87.99360657	-13.4682703	-65.00405121	-184.2011871	-200.18780519999999	114.0007706	-181.69094850000002	-48.1351738	-10.55426979	-90.50164795	-43.30555344	-33.26426697	-29.83689499	-70.33932495	105.10354609999999	4.994605064	93.36475372	-98.86433411	-49.89234924	-56.7363739	-84.52645111
-64.03769684	-75.23104858	-80.99736786	-55.49382401	34.5766449	54.92040253	-6.97430706	-112.40757749999999	-44.45758438	-74.3638916	29.68736649	42.88905716	19.70948219	-180.15171809999998	-73.93586731	0.7888545990000001	-10.50953197	16.75184822	-8.394826888999999	-28.37182617	-105.75149540000001	39.06221771	-10.73813629	-24.88951683	-12.86715031	-67.4395752	-84.95362854	-104.10803990000001
-39.86674118	-36.35557175	-172.7440948	-41.77236938	-65.79354095	144.00245669999998	-134.0191956	-58.71364975	-46.2701416	89.6675415	217.26861569999997	214.0113525	43.28469849	-156.6594543	-100.07511140000001	-58.47523499	-151.3858643	-68.94836426	-179.0760956	43.06797791	-183.7945709	43.65826797	-353.6749573	-148.2420959	54.15208054	63.46973419	-173.7451935	-389.0381775
81.83063507	51.90073013	-94.49536896	-117.876152	85.17098236	25.75587463	24.18605042	65.62586212	44.01841354	-51.73164368	140.8382416	131.44242859999997	19.55675888	-171.28775019999998	10.46367836	9.01465416	-90.57642365	2.925745726	-71.54800415	-247.98492430000002	97.51502991	145.6524353	-119.1523132	-125.24551389999999	84.19097137	31.10147095	-91.19608307	-186.0988464
81.28936005	50.26288986	117.03539280000001	-47.2706604	44.24959946	201.8004761	157.2551575	69.28469086	110.8221283	14.46370316	76.96225739	162.7954102	65.32385254	-70.96388245	-0.4012094736	57.44385529	145.0532074	91.84842682	58.54115677	-53.06755829	123.1024628	113.29165649999999	-19.41280174	-40.99087524	60.03595352	33.62809753	152.983017	5.151231766
-2.377173901	24.94580269	-161.6123199	-95.71637726	94.38415527	80.14740753	-87.008461	-8.221263885	20.49337387	-16.585210800000002	128.4470215	81.59992218	6.994637012	-139.6460419	-13.71161938	-1.67013371	-79.03405762	-4.656115055	98.64108276	-35.76140976	-46.36080551	6.2812561989999995	-80.61309814	-96.76661682	19.64339256	16.09588242	-45.39310074	-129.2650452
-43.80220413	-35.57230759	14.92965412	60.05357361	-11.68862915	96.33262634	15.07359886	-94.16947937	-1.066958547	-46.07022095	110.6435165	82.3067627	-6.745756149	-136.99247739999998	12.51202202	60.6702652	25.40549278	130.11279299999998	-212.70794680000003	184.5684814	75.15252686	191.84683230000002	-70.22686768	-3.329525471	20.38973236	19.94667816	8.479907036	-65.91418457
-182.9215393	67.46172333	61.19435883	-7.48993969	-37.500518799999995	-93.90705109	-29.41194344	-57.08623505	-55.95604706	-108.08555600000001	-88.20144653	-74.83241272	-77.83140564	-243.864212	-11.97938728	44.20258713	72.33689117	-2.6278409959999998	117.5959473	-133.3121948	-26.34831238	94.42338562	45.12588501	100.907753	-82.50474548	-35.24767303	104.1869125	40.58654404
-81.01012421	37.22980499	45.35255051	-15.21575356	19.1266861	0.8838900923999999	-9.091039658	54.62166595	49.28216934	107.1634064	111.20053100000001	134.57652280000002	-17.785299300000002	-147.677948	17.29028511	-39.13343048	-75.44145966	-17.86704063	-50.72730637	53.68834305	-61.6621933	-58.73690414	-97.68346405	-89.02423859	41.94361496	-21.05612183	10.83159161	-141.8534851
14.32772541	-103.677887	-149.2177429	-223.7850037	40.05617905	-54.77137756	-93.10201263	34.4086647	-8.354874611	-72.87368774	-95.69062042	-56.38662338	8.078855515	-122.2038345	-102.31262209999998	-8.462227821	-97.31795502	-15.108063699999999	-136.8943481	-354.8367615	-144.6859283	-61.94031525	-120.79865259999998	-89.70256805	-60.49754333	-6.830173016	-315.11791989999995	-284.43978880000003
84.74715424	18.18696213	-17.86422729	-77.57585144	-86.05744934	163.0804749	-47.27485657	-22.70141792	3.627093077	63.8890419	140.3282471	187.19633480000002	61.17971802	-208.69683840000002	-42.28208542	44.47192001	40.53968048	117.13572690000001	36.28243637	36.994705200000006	22.29200554	100.78801729999999	-3.137619972	53.24987411	-15.200984	21.26181984	136.7038269	13.27756977
49.39923096	-8.550794601	-60.56069946	-78.56648254	-46.62321091	110.12971499999999	25.0953064	-58.31965256	34.70656967	17.15522575	62.65312576	112.11591340000001	-102.6552658	-102.2173538	66.28730774	2.263442993	-33.11439896	111.4232635	-52.60381699	32.73123932	67.04373169	62.61026764	-114.1076126	-78.20559692	38.02690125	56.92907333	26.52534485	-90.80859375
-14.78821468	-35.74557114	74.22357941	199.812149	31.78357315	71.53134918	-28.83976555	118.7644882	44.76754379	96.43362427	317.9673157	260.68710330000005	188.6545715	-50.46271515	22.79962921	81.07594299	85.07196045	174.7385254	-208.7154999	170.5312958	-33.81238556	-30.17636108	-62.10000992	-8.855075836000001	63.88235855	57.08805084	-88.59490967	-79.79715729
-11.909856800000002	46.42655182	-14.53223228	-102.3956833	-32.10067368	200.8474121	112.6677246	43.81847382	17.16869354	84.33995056	209.5016479	239.3024597	35.63012695	-108.54763030000001	27.39063644	30.98282433	-1.661737442	31.20526123	-32.29780197	47.75097656	24.38466454	170.1939545	-115.59709170000001	-128.8801575	70.14138031	40.9782486	30.44469833	-115.0824432
-174.8019867	-81.31320953	15.58632565	-86.97830963	61.31624985	-7.7089328770000005	3.9769847389999997	-70.7905426	4.664809227	-120.77339170000002	15.91147518	-30.21498299	-22.29548264	-219.11959840000003	1.9165580269999998	19.18057632	46.59298706	95.90564728	77.86367035	33.94826126	-217.3977356	1.464578986	-12.35924053	61.51003265	-41.20680618	-21.93260956	46.57915878	-16.81014633
84.08133698	157.6270142	57.61159515	55.02360153	135.6612091	94.66596985	88.71572113	63.23925781	65.33267212	30.28901863	75.90886688	63.87494659	18.82450294	41.14640045	214.04037480000002	111.4849319	60.38132095	70.51286316	29.11308479	88.16137695	47.80799103	18.51588821	50.86676788	10.28865814	30.01699829	8.513511657999999	34.6897583	159.98445130000002
180.96456909999998	-176.33325200000002	-277.35681150000005	-364.2251282	-142.1284332	-177.4546204	-29.35152245	84.38999939	-39.05387878	-102.5911255	-304.66250610000003	-227.2107544	-57.113605500000006	-169.29237369999998	-439.28396610000004	-465.26492310000003	-453.60607910000004	-240.0444946	-178.0068512	-535.6595459	-179.5335236	9.09427166	-194.2543793	23.9500885	-121.49640659999999	56.53303528	-464.30068969999996	-739.3342285
107.51599879999999	-34.54178619	42.85372925	85.28261566	88.15573883	-23.22802734	45.00820923	-72.44114685	14.1442461	79.3952713	-268.9259033	-279.0916748	-28.23051643	-83.26092529	19.69695473	-44.71116638	31.81634903	20.87662888	-16.37386703	-215.9259338	74.00349426	-102.0948105	-65.51300049	50.41411972	-28.46204758	-59.06725311	-11.82261467	-48.72019196
27.63274193	-73.98412323	60.21229553	59.38385773	31.95225525	-3.743712902	6.190680981	-29.91202354	6.761209965	86.58047485	-47.10507965	-74.28523254	25.656951899999996	-61.72702026	12.0336237	5.9317975039999995	-43.42957687	102.4898071	-21.72560883	-167.04295349999998	-84.63032532	-87.41679382	25.06900978	-17.39460754	2.352775812	26.03659439	-121.3100739	-77.39134216
-27.03210449	-1.071780205	26.13811874	-14.17976856	-101.17018890000001	40.42007446	-38.54117584	-40.82858276	15.39253712	-17.25226021	-121.39093020000001	-200.35418700000002	-35.08100891	-71.41266632	-83.96772766	-88.16098785	3.447667599	47.1478157	-30.76699448	73.66582489	23.56944275	54.24604034	-62.33587265	17.20128632	-50.82394791	-29.14997673	26.29326439	-84.76456451
219.15411380000003	84.06124115	-28.27240562	12.68012714	-23.17028809	117.491394	50.41955185	183.2266998	22.39644814	97.13066864	-8.284959792999999	21.76025581	34.05083466	-182.31845090000002	50.61850357	56.83013916	-168.32820130000002	-159.5110016	163.6958313	52.19225311	-189.68014530000002	-126.1525726	3.000967979	19.12776947	-45.12813187	-37.06987381	-63.65889359	-66.82035828
181.7301636	13.0935564	-0.9469472170000001	94.59770203	14.50350666	64.55627441	15.73481846	64.83152771	72.22579193	-20.28172684	-36.64468384	-122.8819504	62.54854202	79.83047485	-91.45273590000001	64.58066559	47.90471649	113.0768127	178.97901919999998	122.9525909	-118.13724520000001	-7.021320342999999	65.42889404	44.44035339	109.65544129999999	62.91129303	-145.08860780000003	-103.23960109999999
-85.16697693	4.267269135	64.04196929999999	-25.60712814	17.55147552	0.7119272351	-17.29715538	-21.69605064	8.127225876	34.49132156	-11.91299438	-25.9567852	-9.903713226	-99.96457672	7.696828842	-6.7875709529999995	7.089239597000001	4.127843857	-191.0601044	59.18148422	-109.18476100000001	58.44318008	29.39132118	82.76019287	45.99778366	53.99402237	-65.62223816	-61.01175308
27.38912392	-82.29206085	-29.20471001	-26.34460258	-37.70667648	-231.4191589	-255.0391846	-143.024704	-58.13074493	-76.78258514	-227.5971832	-283.7433167	-110.2242966	-269.95669560000005	-132.7359619	-106.2792511	107.19546509999998	33.45199203	-252.0149689	-159.39921569999998	-149.0194397	137.4427948	-58.06588745	-58.8453598	-158.6895905	-100.5764618	-216.9563293	-226.2641449
34.44113159	-17.38959122	17.81287766	76.53039551	-2.8319849969999997	-97.02538299999999	-46.94229889	-151.31797790000002	1.685732007	-32.99631882	-45.41352081	-83.48000336	-3.894001484	-176.9008636	24.80488014	22.21839333	7.994804382000001	121.78018190000002	-82.50598907	-5.972817421	-14.67907906	-37.4049263	33.27147675	69.98851013	-77.14151764	-92.27996063	-101.7150192	-109.381073
-42.12264252	-71.29932404	1.566569686	9.294399261	-19.2453804	99.57478333	-74.94345856	29.920576099999998	-63.69298935	85.63629913	-223.8816071	-273.26986689999995	-45.09354401	-123.64524840000001	-59.32929611	-33.13232803	22.44496918	-60.71434021	-193.4457855	-195.5361023	34.003944399999995	-136.1761627	-66.15621948	-134.5539398	-32.35064697	0.9418368340000001	-33.66901016	-111.4882889
76.4389267	63.18690109	158.6289368	161.6242676	76.76774597	238.07086180000002	91.15890503	159.873703	14.24993896	57.71364975	221.77473450000002	203.6675415	78.64894867	-96.77964783	105.5738983	18.11128044	-25.357299800000003	101.29727170000001	257.28134159999996	11.6846962	16.31748772	-143.42489619999998	25.57110977	115.90861509999998	49.00321198	94.85774231	137.2983704	93.63638306
63.70516586	206.460083	-1258.445679	-681.9522095	-43.94738388	-709.1951293999999	-263.45047	-92.60787201	-326.76669310000005	-180.8651581	-1727.333252	-1573.5701900000001	-6.467247486000001	69.54248047	-961.9654541000001	-92.27519989	-465.68377689999994	-659.2998657	-558.2357787999999	-766.3102417	-1025.254761	-401.14392089999996	-269.5246582	-897.7583617999999	-43.64317322	-98.05486298	-1383.104736	-1361.044067
176.1588135	158.9826813	-166.9885406	-18.60297585	99.57697296	56.394104000000006	79.53414154	65.4094696	65.14378357	23.59116936	-281.6640625	-286.1296082	73.60742188	-72.79901123	-38.19549561	63.17630005	85.63764954	108.52915949999999	165.68412780000003	-19.99916649	-47.81603622	50.5765419	19.32174873	29.73308372	-37.25612259	23.81691742	32.12978363	-137.02098080000002
85.79154205	-77.68824005	147.6445007	56.10466003	20.07859612	130.2028198	84.96964264	116.7312469	93.91327667	143.7876434	46.84380341	-20.15167236	26.75861359	3.1801121230000002	19.89339066	45.74713898	25.62733269	23.72145462	-133.6156006	-34.94096756	13.88578129	-128.2862244	41.83027649	47.59192657	166.43310549999998	61.52947617	13.84200954	60.94832993
-63.29552078	163.5512238	-106.90663909999998	-54.25758743	65.45230103	-10.71224499	-75.22683716	-113.01666259999999	-21.88109207	-28.86933517	-301.52413939999997	-231.00067140000002	12.85206413	-89.82502747	-142.93284609999998	-75.06835175	-69.68498993	8.666693687	-80.95456696	57.23856354	-86.99240112	-90.25861359	-36.52513504	-32.98348999	-79.91397858	-29.22093773	-69.19734955	-139.2039795
-47.64138031	-137.4444275	33.28801346	-37.51615143	-55.21678543	95.57073212	52.39722443	-118.9819031	-60.16695404	-56.62369156	-31.14624786	-76.22225952	-88.63745117	-120.5232773	-210.1833344	-122.13348390000002	-163.8495789	42.25166702	-326.99084469999997	-73.73191833	-77.87947845	-263.2215881	-51.01293564	18.82556725	-28.13468742	-16.65211105	-109.8283081	-130.5877686
-131.84490970000002	56.62937164	-14.70159054	-66.07510376	29.73839188	62.07878876	-82.55130005	-144.5914001	-57.26678848	-48.80899811	-42.78299332	-66.61582184	13.36739349	-75.52428436	42.80729294	19.3756218	-61.77351379	-86.99465179	-33.22705078	25.64032745	-76.90705109	-14.5473671	43.30780792	30.19062424	-26.50482559	-37.826179499999995	-8.788032532	-29.99457932
-21.398386	-80.90155792	-5.346565723	87.36554718	-165.27503969999998	141.3521881	48.98025131	-40.13668442	-13.86581135	17.64909554	72.58615875	-79.81542969	-0.00632470753	-64.86237335	-6.892677784	13.91783905	56.09869385	129.4976807	-29.78643608	-8.915624618999999	11.73114395	89.05565643	101.8245468	122.4311295	33.61339188	-31.82054329	-17.23141098	18.77005959
119.3945999	-34.39660263	144.8572083	195.3020477	127.7688675	182.33895869999998	4.042583466	54.71736908	-38.74942017	-23.35888672	179.9940338	167.5449524	5.293399334	-32.8687973	116.0342331	106.25650790000002	102.10046390000001	154.563324	56.44031525	154.750351	123.010231	-46.34386444	51.15124893	95.81665039	19.91459084	-25.76887894	190.34405519999999	100.7391434
-145.12530519999999	-30.54818726	61.85286331	79.5885849	58.68772507	43.69820023	-100.2992554	128.8694153	-10.52261734	-21.30907822	14.64957714	62.13986588	29.99622917	2.542012691	81.98843384	86.52672577	29.1498642	74.68506622	145.28718569999998	53.74082184	-51.14722443	228.84706119999998	28.71767426	59.59441757	107.5524368	46.14777756	-45.46017456	-7.28647995
-228.7710114	-137.32937619999998	-41.03147507	34.29088211	20.74521255	94.99817657	-8.630913734	45.77405548	-9.201310158	88.924263	-102.1429672	-197.20918269999999	78.28913116	47.98896027	69.51596832	23.96677208	-73.41133118	33.82938004	-187.12966919999997	79.49563599	-72.26380920000001	-81.90707397	-25.87290192	60.74225616	65.75333405	30.35245323	-130.0809937	-169.55076599999998
165.7722168	61.45436859	101.23704529999999	223.2477722	121.69677730000001	10.23841667	14.65972137	101.29016109999999	-26.02031898	49.4624176	-89.31103516	-71.40071869	-85.4564743	-107.11299129999999	60.28662491	18.384552	55.90468216	156.0888824	8.722192763999999	82.97001648	20.78077698	-0.3689824045	-81.45860291	54.239696499999994	17.57304001	3.042633533	65.69782257	84.28800964
-189.0891876	-124.6574631	-43.33111954	-23.51542282	-35.27251053	-177.5582123	-89.12942505	46.46853256	-24.67367744	-28.85433006	-64.25336456	-244.386322	-120.5688705	-133.5850372	28.85939407	14.34317112	36.78260803	98.89812469	38.30403519	-134.5634003	-90.89202118	-61.74562836	6.4205579760000004	-10.45373058	18.62135887	-91.97370148	-63.932724	-61.96629333
28.63558578	129.61686709999998	-138.7326965	-77.44592285	29.9441433	43.88116455	-55.69672394	20.31763649	-170.6496582	-94.83890533	7.269609451	5.562898636	-83.68044281	-175.79025269999997	58.70026779	-73.25021362	-127.19806670000001	10.95992851	-85.05843353	-0.08965799212000002	-270.3629761	-218.1095123	-60.30833435	89.50585175	-69.11376953	-62.26545334	-159.245697	-31.18001747
11.2392149	-77.03629303	20.74242592	8.7289505	-80.57227325	90.16385651	-64.43734741	54.67602539	-50.73537445	-99.55347443	-99.85174561	-160.3912354	-63.07931137	-89.10755920000001	-1.873691201	23.93304062	-51.99468994	28.14604568	102.3083191	205.8340912	4.862885952	21.32481575	33.98935699	-69.94463348	-53.72605133	23.87274361	48.87734985	-75.78897095
-8.532158852	-104.8087997	75.21684265	115.1764145	74.63105774	33.07833481	5.98499012	138.7172699	-20.5459671	73.3616333	-39.89860535	-41.88824463	88.9437027	55.25529861	72.74883270000001	99.70154572	-5.635510445	82.24993896	-8.5809412	293.92663569999996	27.21146965	-123.14820859999999	-49.06229782	9.082758904	12.40557289	-5.217618942	86.00090027	5.967526436
-43.32210541	-152.0584564	9.762815475	163.3168335	-39.95828247	-31.43541336	33.93021393	84.90589142	31.88723946	38.73900986	41.78400803	-13.41158295	-49.46183777	-102.9845505	-15.35785103	31.65377426	95.19849396	215.37808230000005	-21.27051926	-33.3850975	-34.75196075	135.41313169999998	-31.23511314	43.01528549	49.30482864	47.93093109	-124.80323030000001	-43.29558182
-173.1334686	-96.54957581	-7.867869853999999	93.34407043	-94.76554108	-33.02728653	-70.6763382	-49.9314537	-11.35196972	86.18424988	-233.64567569999997	-208.1460724	-88.03865814	-168.50796509999998	-11.22280121	47.5652504	-72.58778381	10.049314500000001	-167.7098389	63.12071991	-53.234661100000004	-121.5503311	-61.65506363	-73.12681579999999	-49.64475632	-70.11751556	-78.42790222	-49.45755386
13.22294044	-133.430542	-24.00154495	-3.216029882	-11.82393837	5.628348827000001	-0.0454662405	-37.68708801	39.66437149	93.01416779	-132.385025	-204.618576	-29.1467495	39.61880493	-31.57466125	1.032734632	-22.73330498	30.399345399999998	33.34141541	128.3166504	-85.38425446	-112.9751663	39.62114716	45.144699100000004	57.85175705	41.17430496	-38.6774025	-54.34503174
84.08918762	53.42150497	-200.4366913	40.47965622	120.08858490000001	247.87097169999998	20.15006256	388.5725403	-39.58055115	76.78250885	35.13379669	95.70464325	206.2729187	49.88669968	152.1076813	69.36283875	49.04228592	21.18537903	261.1917725	-59.38935089	-103.3674469	32.14661026	-47.15153885	-84.85923767	71.68531036	-5.945736407999999	-121.6580658	-28.4145565
-21.83612061	-115.10820770000001	-20.37093925	35.48106384	-3.87351203	46.1477623	-13.68779945	-51.10356903	-69.04830933	5.161277294	-0.7342236042	-9.306678772	-79.92115021	-96.55190277	20.38046837	19.86631584	-57.06180954	97.35398102	-140.838028	105.7877274	-111.81486509999998	-169.4324341	-39.21017075	133.4559631	-48.32645035	7.9096627239999995	-30.24114799	-83.62343597
99.85484314	-18.73789597	40.50575638	58.76280212	77.84559631	-57.12608719	62.33812332	107.70335390000001	21.34053802	69.37367249	-96.40656281	-173.75714109999998	-82.79792786	-69.48187256	98.05945587	40.339649200000004	53.81200027	154.1240997	-98.46043396	151.2468262	127.07353970000001	-143.09922790000002	-13.71493149	110.53413390000001	23.66756058	23.9117527	-10.45747566	-47.79891205
-252.49771119999997	-230.00508119999998	28.51252365	77.43172455	43.24727631	-68.15796661	-112.827301	22.56174088	-25.92502594	49.312786100000004	-108.46794890000001	-174.5379028	121.45137790000001	58.80594635	108.73604579999999	25.99216843	-33.02228928	18.73652649	-100.99874109999999	5.096228123	-50.456058500000005	-71.41122437	-23.05392838	-7.353200912	11.50007343	21.89339066	3.663455963	-10.80539417
-97.60312653	-39.34863281	-7.873461246000001	-15.46642494	25.38775826	-130.14520259999998	22.013549800000003	96.59382629	-27.0244503	-32.70262527	-321.92099	-352.1772766	118.7084656	-138.3773651	25.79285049	-6.033163547999999	-104.0392761	-23.65524864	40.65649796	24.05986595	-72.16984558	-69.42629242	0.5916634798	35.93619537	59.25556564	-80.92669678	-79.94454193	31.57930565
119.0483475	-10.51103497	6.2678442	-10.46866894	-59.25951385	46.89274979	9.723548889	74.414505	51.41906738	100.4255371	-184.7310791	-216.76802059999997	-18.17531013	-157.6765594	8.227312088	29.39540672	-47.20013428	48.45888901	-0.4919314086	137.73539730000002	-56.5819931	76.51779938	17.61524963	27.16262054	-32.34659576	-29.51818848	4.9346385	-63.66347122
8.835746765	-96.98955536	76.83808899	108.2953491	-8.026328087000001	-18.99884415	-42.20648193	44.40902328	30.16513443	13.7447052	64.99180603	29.37579346	7.658134937000001	-24.23997879	73.76048279	0.33696883920000004	41.27614212	109.08250430000001	131.5199585	22.13383102	33.36119461	-109.9651031	-9.367706299	78.64930725	4.800635815	7.526288509	73.54220581	-2.211571455
87.69306183	-27.84491158	-2.80617547	48.53281784	-6.912751198	6.25850153	11.61918831	121.41132350000001	53.05384445	64.8686142	10.26368809	-24.34062386	38.0550499	-59.72989273	80.78296661	9.327738762000001	22.91285133	62.91968918	70.25997925	23.03580093	-9.034116745	-32.4777832	34.24294281	106.2381668	-27.05910492	-16.72753525	41.9581871	-19.82735634
48.26222229	-97.69870758	44.38800049	-3.991304874	3.1976072789999996	-40.58144379	-52.04920197	7.676454067000001	-18.39763451	16.60214996	-224.99917599999998	-213.08628849999997	-14.08452702	-91.78408051	54.36787796	-18.73345757	-1.048134208	44.75565338	-57.56289673	53.89043427	70.14865112	-60.86286545	4.076331615	-13.31412697	-12.85979939	-51.97893524	119.07053379999999	76.02887726
-39.19088364	-44.49368668	-62.47505569	-4.229824543	73.02020264	53.04711533	-25.72966194	5.363377571	-41.25312424	83.29400635	-153.43121340000002	-223.0969849	96.02365875	-44.00804901	37.23492432	21.16329956	-51.78370667	-16.32699776	77.80922699	91.44078827	-16.32205772	47.05801392	24.46705437	45.88510895	10.42673779	-17.39684105	-33.693286900000004	-23.91098785
74.81512451	-50.21282578	50.31348801	166.2895508	66.98859406	-94.41893005	139.36816409999997	424.7881775	55.20418549	4.724983215	-246.3874359	-266.8735962	-191.53508	-184.1870728	104.6698074	5.410135746	8.327317238	-12.08003139	37.38018799	152.9894714	211.0718536	2.363390684	-54.61599731	53.72199249	-79.2173233	-110.6148758	100.03170779999999	31.04626846
-159.01281740000002	-112.03781129999999	-23.11079979	135.35545349999998	-33.48330688	-108.1004486	-67.76265717	12.77339268	-10.20131874	-18.76689529	-220.8787994	-206.8067474	2.901386023	-78.63254547	6.577454567	41.284988399999996	-13.46966362	98.7229538	46.311981200000005	146.0126801	60.37962723	44.95661926	40.20600891	113.4367294	-47.53001022	-79.01938629	83.54312134	-13.35324669
283.9587097	-42.389328000000006	101.0280457	73.47460175	-27.93992043	-31.00680923	108.19342040000001	147.2145538	73.16620636	20.01303673	-58.01010132	-85.36660004	49.71069717	-89.59491729999999	108.11924740000002	6.894991875	-5.216131687	48.35738754	35.25698853	214.7232971	199.42579650000002	-11.40728569	70.20329285	175.4576111	-10.95193005	18.12016678	117.32579040000002	63.17142105
-90.15076447	-79.93148041	-51.40319061	39.10010147	-44.6363945	133.7198486	-27.26084328	58.54996109	-34.74918365	-53.76290131	-18.35903358	-56.85383224	12.80991745	-100.3058319	-47.52519608	-12.83595085	-129.54600520000002	-20.07473373	24.0112133	113.01797490000001	11.23233414	95.19382477	-39.86487579	-17.88803291	-74.8190918	-47.39796066	-44.66368866	-23.01507187
-1.502033949	-81.23940277	-30.73086929	-29.22828102	22.74762726	22.89367676	27.15478516	15.19952869	51.46913147	-74.62218475	21.3497963	-10.66795826	36.56159973	-56.36710739	-50.39583588	-59.58503342	8.413730621000001	38.93880463	61.55754089	62.32315445	-113.60427859999999	168.213913	-13.12177086	67.83235168	8.191303253	20.47919273	10.42406178	-16.00761604
5.3281130789999995	-60.40073013	25.18276405	106.4854279	19.25656891	2.7021813389999996	-20.57358551	122.1079025	27.13119888	108.3386841	-177.5414886	-190.3142395	-38.89318085	-86.20901489	119.88227079999999	-7.884867667999999	0.7243911623999999	-3.1626086239999998	-63.7064743	-38.2609787	59.30693054	-120.9486618	-23.08083725	-45.74892044	-46.45954895	-49.15008163	7.636889935	43.2996254
25.86478233	-104.5278244	102.008934	139.1735229	-36.89299774	41.24427414	-1.5136330130000002	101.5166245	10.33807468	71.13580322	-202.00019840000002	-222.7913361	4.40720129	-50.61133957	26.50319862	9.971723557	42.84627914	92.35951996	18.28593254	137.671875	-76.15914154	-71.54277039	-18.35856056	-38.17315292	16.7940712	-23.76165199	35.99761581	-11.84322166
63.63996124	-111.0153885	-78.87242889	-24.41172028	-32.76563644	0.1283808649	-16.42425156	-21.14806175	-15.63244152	-95.35322571	-170.9374084	-184.48999019999997	-111.9620132	-80.88861847	-37.72934723	-8.163063049	4.864368439	35.37566376	-19.56155777	26.54615784	-131.7085724	-77.37180328	-11.22959805	16.82211494	6.884947777000001	48.33889389	-34.35762405	-134.2591858
-119.9109497	-144.7898102	-100.2047348	16.24869728	-31.74316788	-18.20248413	32.75050354	-87.99360657	-13.4682703	-65.00405121	-184.2011871	-200.18780519999999	114.0007706	-181.69094850000002	-48.1351738	-10.55426979	-90.50164795	-43.30555344	-33.26426697	-29.83689499	-70.33932495	105.10354609999999	4.994605064	93.36475372	-98.86433411	-49.89234924	-56.7363739	-84.52645111
81.31026459	41.38354111	-62.63679123	35.83074188	18.49630165	-43.5308342	28.62510872	-98.43000793	-42.51024246	153.4367523	-264.8490601	-155.99406430000002	-49.93004608	44.85638428	-26.28352737	2.761277676	-8.504124641	66.88742065	-99.82624054	15.36240292	128.9619751	-52.62507629	-35.35364151	12.62349796	-6.718867779	-46.92182159	-0.36883100869999996	-15.72023106
-64.03769684	-75.23104858	-80.99736786	-55.49382401	34.5766449	54.92040253	-6.97430706	-112.40757749999999	-44.45758438	-74.3638916	29.68736649	42.88905716	19.70948219	-180.15171809999998	-73.93586731	0.7888545990000001	-10.50953197	16.75184822	-8.394826888999999	-28.37182617	-105.75149540000001	39.06221771	-10.73813629	-24.88951683	-12.86715031	-67.4395752	-84.95362854	-104.10803990000001
81.83063507	51.90073013	-94.49536896	-117.876152	85.17098236	25.75587463	24.18605042	65.62586212	44.01841354	-51.73164368	140.8382416	131.44242859999997	19.55675888	-171.28775019999998	10.46367836	9.01465416	-90.57642365	2.925745726	-71.54800415	-247.98492430000002	97.51502991	145.6524353	-119.1523132	-125.24551389999999	84.19097137	31.10147095	-91.19608307	-186.0988464
143.3085175	-168.8021698	88.01177216	125.39242549999999	-84.47128296	122.95722959999999	77.84846497	-25.70682526	133.206192	63.03131485	82.39331818	244.3786163	25.27890587	-50.78720093	7.6234054570000005	43.79201508	85.32099915	192.23149109999997	10.62173557	82.17510986	-52.92990494	-73.39989471	74.53897095	200.8919525	56.85955429	-18.51367188	58.25574112	-47.95241547
81.28936005	50.26288986	117.03539280000001	-47.2706604	44.24959946	201.8004761	157.2551575	69.28469086	110.8221283	14.46370316	76.96225739	162.7954102	65.32385254	-70.96388245	-0.4012094736	57.44385529	145.0532074	91.84842682	58.54115677	-53.06755829	123.1024628	113.29165649999999	-19.41280174	-40.99087524	60.03595352	33.62809753	152.983017	5.151231766
27.68816948	-148.85797119999998	26.61689758	-24.86885071	-13.40426731	141.6706696	107.76713559999999	-7.767034054	14.29415131	31.70726395	150.3170624	143.6590881	68.95488739	-164.2408295	63.73541641	22.9313736	62.75773621	73.46859741	137.5408783	-31.27425385	-4.92454052	12.05284023	-34.82089233	-43.11474228	36.72196579	0.9164378047	-5.893225192999999	35.80118561
-43.80220413	-35.57230759	14.92965412	60.05357361	-11.68862915	96.33262634	15.07359886	-94.16947937	-1.066958547	-46.07022095	110.6435165	82.3067627	-6.745756149	-136.99247739999998	12.51202202	60.6702652	25.40549278	130.11279299999998	-212.70794680000003	184.5684814	75.15252686	191.84683230000002	-70.22686768	-3.329525471	20.38973236	19.94667816	8.479907036	-65.91418457
-182.9215393	67.46172333	61.19435883	-7.48993969	-37.500518799999995	-93.90705109	-29.41194344	-57.08623505	-55.95604706	-108.08555600000001	-88.20144653	-74.83241272	-77.83140564	-243.864212	-11.97938728	44.20258713	72.33689117	-2.6278409959999998	117.5959473	-133.3121948	-26.34831238	94.42338562	45.12588501	100.907753	-82.50474548	-35.24767303	104.1869125	40.58654404
-81.01012421	37.22980499	45.35255051	-15.21575356	19.1266861	0.8838900923999999	-9.091039658	54.62166595	49.28216934	107.1634064	111.20053100000001	134.57652280000002	-17.785299300000002	-147.677948	17.29028511	-39.13343048	-75.44145966	-17.86704063	-50.72730637	53.68834305	-61.6621933	-58.73690414	-97.68346405	-89.02423859	41.94361496	-21.05612183	10.83159161	-141.8534851
14.32772541	-103.677887	-149.2177429	-223.7850037	40.05617905	-54.77137756	-93.10201263	34.4086647	-8.354874611	-72.87368774	-95.69062042	-56.38662338	8.078855515	-122.2038345	-102.31262209999998	-8.462227821	-97.31795502	-15.108063699999999	-136.8943481	-354.8367615	-144.6859283	-61.94031525	-120.79865259999998	-89.70256805	-60.49754333	-6.830173016	-315.11791989999995	-284.43978880000003
38.36877441	-165.78125	-7.2719869610000005	-76.50879669	-2.147643328	234.3353424	113.4444122	37.58267593	152.9974213	21.20324707	142.78912350000002	175.2611694	137.5907593	13.96231461	43.28400421	43.80307007	62.95616531	52.48891068	142.1501465	-7.683490276000001	10.34376717	-79.98838043	-19.8231411	-41.87405396	94.51393127	21.85036278	-34.22112656	-64.01508331
-11.909856800000002	46.42655182	-14.53223228	-102.3956833	-32.10067368	200.8474121	112.6677246	43.81847382	17.16869354	84.33995056	209.5016479	239.3024597	35.63012695	-108.54763030000001	27.39063644	30.98282433	-1.661737442	31.20526123	-32.29780197	47.75097656	24.38466454	170.1939545	-115.59709170000001	-128.8801575	70.14138031	40.9782486	30.44469833	-115.0824432
84.08133698	157.6270142	57.61159515	55.02360153	135.6612091	94.66596985	88.71572113	63.23925781	65.33267212	30.28901863	75.90886688	63.87494659	18.82450294	41.14640045	214.04037480000002	111.4849319	60.38132095	70.51286316	29.11308479	88.16137695	47.80799103	18.51588821	50.86676788	10.28865814	30.01699829	8.513511657999999	34.6897583	159.98445130000002
180.96456909999998	-176.33325200000002	-277.35681150000005	-364.2251282	-142.1284332	-177.4546204	-29.35152245	84.38999939	-39.05387878	-102.5911255	-304.66250610000003	-227.2107544	-57.113605500000006	-169.29237369999998	-439.28396610000004	-465.26492310000003	-453.60607910000004	-240.0444946	-178.0068512	-535.6595459	-179.5335236	9.09427166	-194.2543793	23.9500885	-121.49640659999999	56.53303528	-464.30068969999996	-739.3342285
169.97808840000002	22.80932426	73.42774200000001	-3.294894457	-33.86381531	222.0866241	126.9812393	131.0636902	165.3106537	34.78023529	62.84041214	157.6174469	64.53333282	-29.76594734	198.35429380000002	70.56296539	111.9698257	138.58569340000003	-111.81343840000001	-37.25095749	209.0281982	30.21582603	-67.78444672	-121.8737564	83.94349670000001	34.63563156	173.59414669999998	93.92036438
107.51599879999999	-34.54178619	42.85372925	85.28261566	88.15573883	-23.22802734	45.00820923	-72.44114685	14.1442461	79.3952713	-268.9259033	-279.0916748	-28.23051643	-83.26092529	19.69695473	-44.71116638	31.81634903	20.87662888	-16.37386703	-215.9259338	74.00349426	-102.0948105	-65.51300049	50.41411972	-28.46204758	-59.06725311	-11.82261467	-48.72019196
-27.03210449	-1.071780205	26.13811874	-14.17976856	-101.17018890000001	40.42007446	-38.54117584	-40.82858276	15.39253712	-17.25226021	-121.39093020000001	-200.35418700000002	-35.08100891	-71.41266632	-83.96772766	-88.16098785	3.447667599	47.1478157	-30.76699448	73.66582489	23.56944275	54.24604034	-62.33587265	17.20128632	-50.82394791	-29.14997673	26.29326439	-84.76456451
62.98370361	-92.61746979	54.22548294	152.6924591	-61.97529221	32.66880798	-40.01934814	-18.37926674	25.5304985	22.29254532	-17.60915375	11.14662933	78.93866729999999	-46.95042419	-13.83769321	54.01844788	13.99661732	118.7134628	-229.20904539999998	84.69904327	6.685886383	-76.88337708	-31.96022224	-27.00299263	-15.51082706	34.83566666	-179.4990997	-98.91280365
219.15411380000003	84.06124115	-28.27240562	12.68012714	-23.17028809	117.491394	50.41955185	183.2266998	22.39644814	97.13066864	-8.284959792999999	21.76025581	34.05083466	-182.31845090000002	50.61850357	56.83013916	-168.32820130000002	-159.5110016	163.6958313	52.19225311	-189.68014530000002	-126.1525726	3.000967979	19.12776947	-45.12813187	-37.06987381	-63.65889359	-66.82035828
202.31253049999998	-76.19419098	-18.29435539	24.33480644	-37.70108414	78.10540771	-3.332224369	-33.73602676	-24.098941800000002	87.55775452	73.48983002	71.39089203	-22.52258492	-150.27001950000002	-60.92290497	-29.13713074	27.77384758	124.7174377	-105.50729369999999	214.04887390000002	-124.73986049999999	-209.0627594	-23.79481316	21.67533302	-49.039764399999996	-6.63959074	-99.81155396	-57.80134201
-85.16697693	4.267269135	64.04196929999999	-25.60712814	17.55147552	0.7119272351	-17.29715538	-21.69605064	8.127225876	34.49132156	-11.91299438	-25.9567852	-9.903713226	-99.96457672	7.696828842	-6.7875709529999995	7.089239597000001	4.127843857	-191.0601044	59.18148422	-109.18476100000001	58.44318008	29.39132118	82.76019287	45.99778366	53.99402237	-65.62223816	-61.01175308
27.38912392	-82.29206085	-29.20471001	-26.34460258	-37.70667648	-231.4191589	-255.0391846	-143.024704	-58.13074493	-76.78258514	-227.5971832	-283.7433167	-110.2242966	-269.95669560000005	-132.7359619	-106.2792511	107.19546509999998	33.45199203	-252.0149689	-159.39921569999998	-149.0194397	137.4427948	-58.06588745	-58.8453598	-158.6895905	-100.5764618	-216.9563293	-226.2641449
34.44113159	-17.38959122	17.81287766	76.53039551	-2.8319849969999997	-97.02538299999999	-46.94229889	-151.31797790000002	1.685732007	-32.99631882	-45.41352081	-83.48000336	-3.894001484	-176.9008636	24.80488014	22.21839333	7.994804382000001	121.78018190000002	-82.50598907	-5.972817421	-14.67907906	-37.4049263	33.27147675	69.98851013	-77.14151764	-92.27996063	-101.7150192	-109.381073
-42.12264252	-71.29932404	1.566569686	9.294399261	-19.2453804	99.57478333	-74.94345856	29.920576099999998	-63.69298935	85.63629913	-223.8816071	-273.26986689999995	-45.09354401	-123.64524840000001	-59.32929611	-33.13232803	22.44496918	-60.71434021	-193.4457855	-195.5361023	34.003944399999995	-136.1761627	-66.15621948	-134.5539398	-32.35064697	0.9418368340000001	-33.66901016	-111.4882889
106.534874	-77.31291199	161.27229309999998	66.84371185	-43.35369873	103.7144928	90.21570587	-84.53059387	126.20655819999999	49.77735901	-168.7197113	-140.7130432	48.17510223	12.86924362	5.490868568	-6.645768642	57.49868774	162.71170039999998	-57.04603958	89.61577606	81.04998779	-148.9651794	-67.19561005	-70.18473053	8.039982796	39.62633514	-59.71708679	-1.216569662
85.79154205	-77.68824005	147.6445007	56.10466003	20.07859612	130.2028198	84.96964264	116.7312469	93.91327667	143.7876434	46.84380341	-20.15167236	26.75861359	3.1801121230000002	19.89339066	45.74713898	25.62733269	23.72145462	-133.6156006	-34.94096756	13.88578129	-128.2862244	41.83027649	47.59192657	166.43310549999998	61.52947617	13.84200954	60.94832993
-47.64138031	-137.4444275	33.28801346	-37.51615143	-55.21678543	95.57073212	52.39722443	-118.9819031	-60.16695404	-56.62369156	-31.14624786	-76.22225952	-88.63745117	-120.5232773	-210.1833344	-122.13348390000002	-163.8495789	42.25166702	-326.99084469999997	-73.73191833	-77.87947845	-263.2215881	-51.01293564	18.82556725	-28.13468742	-16.65211105	-109.8283081	-130.5877686
-131.84490970000002	56.62937164	-14.70159054	-66.07510376	29.73839188	62.07878876	-82.55130005	-144.5914001	-57.26678848	-48.80899811	-42.78299332	-66.61582184	13.36739349	-75.52428436	42.80729294	19.3756218	-61.77351379	-86.99465179	-33.22705078	25.64032745	-76.90705109	-14.5473671	43.30780792	30.19062424	-26.50482559	-37.826179499999995	-8.788032532	-29.99457932
-145.46722409999998	38.26686096	72.04757690000001	134.4529877	-7.6105446820000004	59.59521866	26.07987976	155.0777893	111.8012314	68.03290558	54.26494598	45.94687271	29.70623016	-63.97106552	22.0697422	128.0431976	56.39062119	189.49406430000002	49.95459747	340.0746155	-34.85041809	36.81816483	14.30251598	-12.78162098	56.05164719	46.61608887	-28.91114616	-53.46816254
-21.398386	-80.90155792	-5.346565723	87.36554718	-165.27503969999998	141.3521881	48.98025131	-40.13668442	-13.86581135	17.64909554	72.58615875	-79.81542969	-0.00632470753	-64.86237335	-6.892677784	13.91783905	56.09869385	129.4976807	-29.78643608	-8.915624618999999	11.73114395	89.05565643	101.8245468	122.4311295	33.61339188	-31.82054329	-17.23141098	18.77005959
-145.12530519999999	-30.54818726	61.85286331	79.5885849	58.68772507	43.69820023	-100.2992554	128.8694153	-10.52261734	-21.30907822	14.64957714	62.13986588	29.99622917	2.542012691	81.98843384	86.52672577	29.1498642	74.68506622	145.28718569999998	53.74082184	-51.14722443	228.84706119999998	28.71767426	59.59441757	107.5524368	46.14777756	-45.46017456	-7.28647995
-89.22645569	-35.28727722	-105.43743899999998	-65.70691681	-33.13145828	-158.97494509999999	-18.59122467	-128.9111633	-6.320010185	56.85467529	-189.4999084	-166.75032040000002	-100.07268520000001	-99.82061005	-86.57359314	14.473044400000001	-75.23941803	-30.81361008	-180.2009735	206.5487823	-177.78869630000003	-161.3033905	-68.97763824	-97.49280548	18.57708931	51.155963899999996	-204.2955475	-152.9020844
-228.7710114	-137.32937619999998	-41.03147507	34.29088211	20.74521255	94.99817657	-8.630913734	45.77405548	-9.201310158	88.924263	-102.1429672	-197.20918269999999	78.28913116	47.98896027	69.51596832	23.96677208	-73.41133118	33.82938004	-187.12966919999997	79.49563599	-72.26380920000001	-81.90707397	-25.87290192	60.74225616	65.75333405	30.35245323	-130.0809937	-169.55076599999998
4.144164085	-12.08473015	9.803861617999999	65.27552795	-47.73351669	162.2658997	-3.398778915	-41.88903809	-81.11303711	121.64411159999999	-104.6855927	-107.8793564	-75.84427643	-50.11106873	-12.02502918	43.06685257	19.36296463	54.60310364	-174.9665833	-72.48815918	33.4808197	32.60926819	-30.87547302	-39.96641541	-16.60642815	-14.55357647	-19.7697258	-15.99008942
-189.0891876	-124.6574631	-43.33111954	-23.51542282	-35.27251053	-177.5582123	-89.12942505	46.46853256	-24.67367744	-28.85433006	-64.25336456	-244.386322	-120.5688705	-133.5850372	28.85939407	14.34317112	36.78260803	98.89812469	38.30403519	-134.5634003	-90.89202118	-61.74562836	6.4205579760000004	-10.45373058	18.62135887	-91.97370148	-63.932724	-61.96629333
28.63558578	129.61686709999998	-138.7326965	-77.44592285	29.9441433	43.88116455	-55.69672394	20.31763649	-170.6496582	-94.83890533	7.269609451	5.562898636	-83.68044281	-175.79025269999997	58.70026779	-73.25021362	-127.19806670000001	10.95992851	-85.05843353	-0.08965799212000002	-270.3629761	-218.1095123	-60.30833435	89.50585175	-69.11376953	-62.26545334	-159.245697	-31.18001747
11.2392149	-77.03629303	20.74242592	8.7289505	-80.57227325	90.16385651	-64.43734741	54.67602539	-50.73537445	-99.55347443	-99.85174561	-160.3912354	-63.07931137	-89.10755920000001	-1.873691201	23.93304062	-51.99468994	28.14604568	102.3083191	205.8340912	4.862885952	21.32481575	33.98935699	-69.94463348	-53.72605133	23.87274361	48.87734985	-75.78897095
-8.532158852	-104.8087997	75.21684265	115.1764145	74.63105774	33.07833481	5.98499012	138.7172699	-20.5459671	73.3616333	-39.89860535	-41.88824463	88.9437027	55.25529861	72.74883270000001	99.70154572	-5.635510445	82.24993896	-8.5809412	293.92663569999996	27.21146965	-123.14820859999999	-49.06229782	9.082758904	12.40557289	-5.217618942	86.00090027	5.967526436
-18.825632100000004	-154.8455811	-22.77524567	36.41186142	-29.18248367	51.01053619	-68.38641357	18.29930878	-79.59392548	-4.436098576	-119.2127686	-133.00813290000002	7.572552681	-8.739513397	22.68809891	-38.35715485	-69.47795105	21.85560036	-21.41001511	-87.39440918	-12.48648643	-171.1697235	-38.08409119	88.30113983	-23.59188652	-71.72460175	59.27178192	86.94659424
84.08918762	53.42150497	-200.4366913	40.47965622	120.08858490000001	247.87097169999998	20.15006256	388.5725403	-39.58055115	76.78250885	35.13379669	95.70464325	206.2729187	49.88669968	152.1076813	69.36283875	49.04228592	21.18537903	261.1917725	-59.38935089	-103.3674469	32.14661026	-47.15153885	-84.85923767	71.68531036	-5.945736407999999	-121.6580658	-28.4145565
99.85484314	-18.73789597	40.50575638	58.76280212	77.84559631	-57.12608719	62.33812332	107.70335390000001	21.34053802	69.37367249	-96.40656281	-173.75714109999998	-82.79792786	-69.48187256	98.05945587	40.339649200000004	53.81200027	154.1240997	-98.46043396	151.2468262	127.07353970000001	-143.09922790000002	-13.71493149	110.53413390000001	23.66756058	23.9117527	-10.45747566	-47.79891205
-252.49771119999997	-230.00508119999998	28.51252365	77.43172455	43.24727631	-68.15796661	-112.827301	22.56174088	-25.92502594	49.312786100000004	-108.46794890000001	-174.5379028	121.45137790000001	58.80594635	108.73604579999999	25.99216843	-33.02228928	18.73652649	-100.99874109999999	5.096228123	-50.456058500000005	-71.41122437	-23.05392838	-7.353200912	11.50007343	21.89339066	3.663455963	-10.80539417
-218.33511349999998	-144.9248657	-29.621418	25.12514877	-61.51105881	-67.33172607	-16.55155563	-10.77266312	-47.34144211	-83.18644714	-154.27241519999998	-140.28140259999998	-117.53733829999999	-128.7165985	-2.956160545	-37.30303574	-43.28373718	11.6163168	38.75456619	-62.72114563	-134.436676	36.134838099999996	-83.32220459	54.09928894	23.75818253	-18.68045807	-73.60719299	-39.72171783
-97.60312653	-39.34863281	-7.873461246000001	-15.46642494	25.38775826	-130.14520259999998	22.013549800000003	96.59382629	-27.0244503	-32.70262527	-321.92099	-352.1772766	118.7084656	-138.3773651	25.79285049	-6.033163547999999	-104.0392761	-23.65524864	40.65649796	24.05986595	-72.16984558	-69.42629242	0.5916634798	35.93619537	59.25556564	-80.92669678	-79.94454193	31.57930565
8.835746765	-96.98955536	76.83808899	108.2953491	-8.026328087000001	-18.99884415	-42.20648193	44.40902328	30.16513443	13.7447052	64.99180603	29.37579346	7.658134937000001	-24.23997879	73.76048279	0.33696883920000004	41.27614212	109.08250430000001	131.5199585	22.13383102	33.36119461	-109.9651031	-9.367706299	78.64930725	4.800635815	7.526288509	73.54220581	-2.211571455
-0.1515904367	12.76833439	-27.05055237	54.24512482	57.99055862	59.3211937	35.40428925	110.3528976	-39.82199478	-75.72038269	-49.361400599999996	-76.33222961	-19.25437546	-94.61473083	22.88419533	-0.7492040395999999	-96.72672272	-90.66909790000001	34.71257019	127.352066	-2.956869125	-103.73950959999999	-13.51076603	39.38637161	-36.06784058	-45.63816452	-14.34379196	-50.83808517
87.69306183	-27.84491158	-2.80617547	48.53281784	-6.912751198	6.25850153	11.61918831	121.41132350000001	53.05384445	64.8686142	10.26368809	-24.34062386	38.0550499	-59.72989273	80.78296661	9.327738762000001	22.91285133	62.91968918	70.25997925	23.03580093	-9.034116745	-32.4777832	34.24294281	106.2381668	-27.05910492	-16.72753525	41.9581871	-19.82735634
128.5576324	5.994651318	61.37958145	84.78543091	-5.752123833	80.04096985	26.69639778	106.80007930000001	45.39055252	-12.77860928	114.81517790000001	112.25627140000002	35.10620117	-129.7949219	-14.89433098	53.95484543	16.76806831	138.5438232	65.68515778	87.52332306	1.6475114819999999	96.03353882	10.03315067	142.1010284	-11.02331638	40.21160126	49.54661942	-12.19701099
-39.19088364	-44.49368668	-62.47505569	-4.229824543	73.02020264	53.04711533	-25.72966194	5.363377571	-41.25312424	83.29400635	-153.43121340000002	-223.0969849	96.02365875	-44.00804901	37.23492432	21.16329956	-51.78370667	-16.32699776	77.80922699	91.44078827	-16.32205772	47.05801392	24.46705437	45.88510895	10.42673779	-17.39684105	-33.693286900000004	-23.91098785
74.81512451	-50.21282578	50.31348801	166.2895508	66.98859406	-94.41893005	139.36816409999997	424.7881775	55.20418549	4.724983215	-246.3874359	-266.8735962	-191.53508	-184.1870728	104.6698074	5.410135746	8.327317238	-12.08003139	37.38018799	152.9894714	211.0718536	2.363390684	-54.61599731	53.72199249	-79.2173233	-110.6148758	100.03170779999999	31.04626846
-159.01281740000002	-112.03781129999999	-23.11079979	135.35545349999998	-33.48330688	-108.1004486	-67.76265717	12.77339268	-10.20131874	-18.76689529	-220.8787994	-206.8067474	2.901386023	-78.63254547	6.577454567	41.284988399999996	-13.46966362	98.7229538	46.311981200000005	146.0126801	60.37962723	44.95661926	40.20600891	113.4367294	-47.53001022	-79.01938629	83.54312134	-13.35324669
283.9587097	-42.389328000000006	101.0280457	73.47460175	-27.93992043	-31.00680923	108.19342040000001	147.2145538	73.16620636	20.01303673	-58.01010132	-85.36660004	49.71069717	-89.59491729999999	108.11924740000002	6.894991875	-5.216131687	48.35738754	35.25698853	214.7232971	199.42579650000002	-11.40728569	70.20329285	175.4576111	-10.95193005	18.12016678	117.32579040000002	63.17142105
-34.83314133	51.78577805	-50.58947754	-152.2676849	50.65303421	-14.63742924	2.571112871	-44.90260315	-36.72712708	57.62186813	-224.2739258	-186.2527771	-15.67313385	-238.3170624	17.92146111	-32.76567459	58.60636902	42.78820419	37.27708817	62.86439133	-173.5153656	-139.60505680000003	-0.0789366886	-48.62830734	29.51198387	40.58428574	-92.18100739	-182.0323181
25.86478233	-104.5278244	102.008934	139.1735229	-36.89299774	41.24427414	-1.5136330130000002	101.5166245	10.33807468	71.13580322	-202.00019840000002	-222.7913361	4.40720129	-50.61133957	26.50319862	9.971723557	42.84627914	92.35951996	18.28593254	137.671875	-76.15914154	-71.54277039	-18.35856056	-38.17315292	16.7940712	-23.76165199	35.99761581	-11.84322166
-119.9109497	-144.7898102	-100.2047348	16.24869728	-31.74316788	-18.20248413	32.75050354	-87.99360657	-13.4682703	-65.00405121	-184.2011871	-200.18780519999999	114.0007706	-181.69094850000002	-48.1351738	-10.55426979	-90.50164795	-43.30555344	-33.26426697	-29.83689499	-70.33932495	105.10354609999999	4.994605064	93.36475372	-98.86433411	-49.89234924	-56.7363739	-84.52645111
81.31026459	41.38354111	-62.63679123	35.83074188	18.49630165	-43.5308342	28.62510872	-98.43000793	-42.51024246	153.4367523	-264.8490601	-155.99406430000002	-49.93004608	44.85638428	-26.28352737	2.761277676	-8.504124641	66.88742065	-99.82624054	15.36240292	128.9619751	-52.62507629	-35.35364151	12.62349796	-6.718867779	-46.92182159	-0.36883100869999996	-15.72023106
-91.96421814	-79.38829041	54.20118713	102.1564865	17.21468163	18.12543488	-25.12213516	33.13642502	60.12022781	-10.7640543	6.496470451	-72.09327698	-45.55561447	-56.60501099	108.51458740000001	58.52780533	-18.709692	64.22602081	54.67555237	226.0867462	124.4268188	-60.90327072	53.38354111	121.37402340000001	-7.440865517000001	44.21788025	59.59889221	-57.06793976
-64.03769684	-75.23104858	-80.99736786	-55.49382401	34.5766449	54.92040253	-6.97430706	-112.40757749999999	-44.45758438	-74.3638916	29.68736649	42.88905716	19.70948219	-180.15171809999998	-73.93586731	0.7888545990000001	-10.50953197	16.75184822	-8.394826888999999	-28.37182617	-105.75149540000001	39.06221771	-10.73813629	-24.88951683	-12.86715031	-67.4395752	-84.95362854	-104.10803990000001
81.83063507	51.90073013	-94.49536896	-117.876152	85.17098236	25.75587463	24.18605042	65.62586212	44.01841354	-51.73164368	140.8382416	131.44242859999997	19.55675888	-171.28775019999998	10.46367836	9.01465416	-90.57642365	2.925745726	-71.54800415	-247.98492430000002	97.51502991	145.6524353	-119.1523132	-125.24551389999999	84.19097137	31.10147095	-91.19608307	-186.0988464
143.3085175	-168.8021698	88.01177216	125.39242549999999	-84.47128296	122.95722959999999	77.84846497	-25.70682526	133.206192	63.03131485	82.39331818	244.3786163	25.27890587	-50.78720093	7.6234054570000005	43.79201508	85.32099915	192.23149109999997	10.62173557	82.17510986	-52.92990494	-73.39989471	74.53897095	200.8919525	56.85955429	-18.51367188	58.25574112	-47.95241547
-2.377173901	24.94580269	-161.6123199	-95.71637726	94.38415527	80.14740753	-87.008461	-8.221263885	20.49337387	-16.585210800000002	128.4470215	81.59992218	6.994637012	-139.6460419	-13.71161938	-1.67013371	-79.03405762	-4.656115055	98.64108276	-35.76140976	-46.36080551	6.2812561989999995	-80.61309814	-96.76661682	19.64339256	16.09588242	-45.39310074	-129.2650452
-48.17968369	-17.77084923	-111.3437195	-115.71846770000002	-67.99755859	124.6862946	45.3992424	-61.75624847	35.75006485	-31.311876300000005	-18.24309921	94.69190979	7.506114006000001	-16.1472683	15.94010067	5.846530437	-3.032994509	119.81496429999999	-83.70180511	-23.13859749	4.2746005060000005	32.57463837	-80.02079773	-10.94820023	37.33154297	38.86422348	11.88889217	-105.8993378
-43.80220413	-35.57230759	14.92965412	60.05357361	-11.68862915	96.33262634	15.07359886	-94.16947937	-1.066958547	-46.07022095	110.6435165	82.3067627	-6.745756149	-136.99247739999998	12.51202202	60.6702652	25.40549278	130.11279299999998	-212.70794680000003	184.5684814	75.15252686	191.84683230000002	-70.22686768	-3.329525471	20.38973236	19.94667816	8.479907036	-65.91418457
-182.9215393	67.46172333	61.19435883	-7.48993969	-37.500518799999995	-93.90705109	-29.41194344	-57.08623505	-55.95604706	-108.08555600000001	-88.20144653	-74.83241272	-77.83140564	-243.864212	-11.97938728	44.20258713	72.33689117	-2.6278409959999998	117.5959473	-133.3121948	-26.34831238	94.42338562	45.12588501	100.907753	-82.50474548	-35.24767303	104.1869125	40.58654404
14.32772541	-103.677887	-149.2177429	-223.7850037	40.05617905	-54.77137756	-93.10201263	34.4086647	-8.354874611	-72.87368774	-95.69062042	-56.38662338	8.078855515	-122.2038345	-102.31262209999998	-8.462227821	-97.31795502	-15.108063699999999	-136.8943481	-354.8367615	-144.6859283	-61.94031525	-120.79865259999998	-89.70256805	-60.49754333	-6.830173016	-315.11791989999995	-284.43978880000003
49.39923096	-8.550794601	-60.56069946	-78.56648254	-46.62321091	110.12971499999999	25.0953064	-58.31965256	34.70656967	17.15522575	62.65312576	112.11591340000001	-102.6552658	-102.2173538	66.28730774	2.263442993	-33.11439896	111.4232635	-52.60381699	32.73123932	67.04373169	62.61026764	-114.1076126	-78.20559692	38.02690125	56.92907333	26.52534485	-90.80859375
-14.78821468	-35.74557114	74.22357941	199.812149	31.78357315	71.53134918	-28.83976555	118.7644882	44.76754379	96.43362427	317.9673157	260.68710330000005	188.6545715	-50.46271515	22.79962921	81.07594299	85.07196045	174.7385254	-208.7154999	170.5312958	-33.81238556	-30.17636108	-62.10000992	-8.855075836000001	63.88235855	57.08805084	-88.59490967	-79.79715729
42.50584793	3.842564106	-95.00648499	-128.07910159999997	44.19971848	152.2693481	-53.08769608	-18.8337574	60.96866226	-41.35763931	68.61132812	123.5795135	76.72039032	-22.84168243	47.79309464	34.66794586	69.66951752	22.72100258	65.47225189	-158.1561279	0.06863103807	45.38320541	-72.25546265	-51.52965546	63.82075882	61.749324800000004	-39.13306808	-55.0850296
-55.18314743	-226.1488647	-189.122345	-135.8734589	-33.60019302	-88.82318878	-46.84315109	-22.06272697	-35.76617432	-160.35495	-114.04693600000002	-42.26684952	-29.82025146	-146.3872833	-251.9226227	-237.8477478	-249.745163	-15.99387074	-368.9482422	-319.11730960000006	-119.368576	-85.59848022	-278.3017578	-173.41139219999997	-33.30570984	-45.39011765	-283.3958435	-492.81741330000006
84.08133698	157.6270142	57.61159515	55.02360153	135.6612091	94.66596985	88.71572113	63.23925781	65.33267212	30.28901863	75.90886688	63.87494659	18.82450294	41.14640045	214.04037480000002	111.4849319	60.38132095	70.51286316	29.11308479	88.16137695	47.80799103	18.51588821	50.86676788	10.28865814	30.01699829	8.513511657999999	34.6897583	159.98445130000002
169.97808840000002	22.80932426	73.42774200000001	-3.294894457	-33.86381531	222.0866241	126.9812393	131.0636902	165.3106537	34.78023529	62.84041214	157.6174469	64.53333282	-29.76594734	198.35429380000002	70.56296539	111.9698257	138.58569340000003	-111.81343840000001	-37.25095749	209.0281982	30.21582603	-67.78444672	-121.8737564	83.94349670000001	34.63563156	173.59414669999998	93.92036438
107.51599879999999	-34.54178619	42.85372925	85.28261566	88.15573883	-23.22802734	45.00820923	-72.44114685	14.1442461	79.3952713	-268.9259033	-279.0916748	-28.23051643	-83.26092529	19.69695473	-44.71116638	31.81634903	20.87662888	-16.37386703	-215.9259338	74.00349426	-102.0948105	-65.51300049	50.41411972	-28.46204758	-59.06725311	-11.82261467	-48.72019196
-27.03210449	-1.071780205	26.13811874	-14.17976856	-101.17018890000001	40.42007446	-38.54117584	-40.82858276	15.39253712	-17.25226021	-121.39093020000001	-200.35418700000002	-35.08100891	-71.41266632	-83.96772766	-88.16098785	3.447667599	47.1478157	-30.76699448	73.66582489	23.56944275	54.24604034	-62.33587265	17.20128632	-50.82394791	-29.14997673	26.29326439	-84.76456451
62.98370361	-92.61746979	54.22548294	152.6924591	-61.97529221	32.66880798	-40.01934814	-18.37926674	25.5304985	22.29254532	-17.60915375	11.14662933	78.93866729999999	-46.95042419	-13.83769321	54.01844788	13.99661732	118.7134628	-229.20904539999998	84.69904327	6.685886383	-76.88337708	-31.96022224	-27.00299263	-15.51082706	34.83566666	-179.4990997	-98.91280365
181.7301636	13.0935564	-0.9469472170000001	94.59770203	14.50350666	64.55627441	15.73481846	64.83152771	72.22579193	-20.28172684	-36.64468384	-122.8819504	62.54854202	79.83047485	-91.45273590000001	64.58066559	47.90471649	113.0768127	178.97901919999998	122.9525909	-118.13724520000001	-7.021320342999999	65.42889404	44.44035339	109.65544129999999	62.91129303	-145.08860780000003	-103.23960109999999
-46.0110054	45.48723221	40.84139633	101.4707413	16.50690842	69.25008392	-51.97062683	-32.72438812	5.8490104679999995	42.68540573	-159.0353241	-152.8986511	-31.21869278	-30.14688873	-28.08703232	18.60056305	104.80821230000001	99.50220490000001	-153.2765503	70.60037994	-52.64522552	-10.02980804	-47.25241852	-58.08101273	16.9118576	12.05246353	-82.31859589	-188.3991699
-85.16697693	4.267269135	64.04196929999999	-25.60712814	17.55147552	0.7119272351	-17.29715538	-21.69605064	8.127225876	34.49132156	-11.91299438	-25.9567852	-9.903713226	-99.96457672	7.696828842	-6.7875709529999995	7.089239597000001	4.127843857	-191.0601044	59.18148422	-109.18476100000001	58.44318008	29.39132118	82.76019287	45.99778366	53.99402237	-65.62223816	-61.01175308
27.38912392	-82.29206085	-29.20471001	-26.34460258	-37.70667648	-231.4191589	-255.0391846	-143.024704	-58.13074493	-76.78258514	-227.5971832	-283.7433167	-110.2242966	-269.95669560000005	-132.7359619	-106.2792511	107.19546509999998	33.45199203	-252.0149689	-159.39921569999998	-149.0194397	137.4427948	-58.06588745	-58.8453598	-158.6895905	-100.5764618	-216.9563293	-226.2641449
-42.12264252	-71.29932404	1.566569686	9.294399261	-19.2453804	99.57478333	-74.94345856	29.920576099999998	-63.69298935	85.63629913	-223.8816071	-273.26986689999995	-45.09354401	-123.64524840000001	-59.32929611	-33.13232803	22.44496918	-60.71434021	-193.4457855	-195.5361023	34.003944399999995	-136.1761627	-66.15621948	-134.5539398	-32.35064697	0.9418368340000001	-33.66901016	-111.4882889
63.70516586	206.460083	-1258.445679	-681.9522095	-43.94738388	-709.1951293999999	-263.45047	-92.60787201	-326.76669310000005	-180.8651581	-1727.333252	-1573.5701900000001	-6.467247486000001	69.54248047	-961.9654541000001	-92.27519989	-465.68377689999994	-659.2998657	-558.2357787999999	-766.3102417	-1025.254761	-401.14392089999996	-269.5246582	-897.7583617999999	-43.64317322	-98.05486298	-1383.104736	-1361.044067
176.1588135	158.9826813	-166.9885406	-18.60297585	99.57697296	56.394104000000006	79.53414154	65.4094696	65.14378357	23.59116936	-281.6640625	-286.1296082	73.60742188	-72.79901123	-38.19549561	63.17630005	85.63764954	108.52915949999999	165.68412780000003	-19.99916649	-47.81603622	50.5765419	19.32174873	29.73308372	-37.25612259	23.81691742	32.12978363	-137.02098080000002
-59.60092926	-45.52083206	119.34090420000001	53.12032318	-68.30721283	42.96747208	-79.83413696	-45.11024475	-58.37172699	-105.1312332	138.1757355	49.15713882	-167.16567990000001	-179.8504944	-1.1157922740000001	-83.39955902	-59.57788467	54.47557449	-217.56837459999997	-86.63260651	49.8860054	54.50522614	-65.65888977	23.49394417	-110.47147369999999	-38.59463882	-65.48204803	20.22181511
211.52540589999998	-55.97525787	82.00231171	136.4951782	-9.496053696	192.456665	101.6047745	127.58072659999998	82.0844574	78.59297943	59.364696499999994	24.63026428	10.44277859	-53.10619354	-36.27100372	-16.21603012	115.69870759999999	130.6198273	-70.16846466	-48.86458588	-2.927212477	-84.43842316	-37.30711365	-100.0451584	28.11902046	31.73654175	-56.55514908	-8.065765381
157.75219730000003	-15.15785694	-69.00579834	236.3802795	58.03918076	111.57501979999999	13.94719982	-25.72743797	31.30796814	8.034077644	-103.708107	-133.3088226	-37.75414658	-134.9801025	-60.00516129	-88.12359619	3.39277482	169.66639709999998	45.34873199	261.05233760000004	-139.6832123	-34.6517334	-102.37052920000001	1.83474791	1.8429299590000001	-38.77870941	-191.6466675	-144.8477478
-47.64138031	-137.4444275	33.28801346	-37.51615143	-55.21678543	95.57073212	52.39722443	-118.9819031	-60.16695404	-56.62369156	-31.14624786	-76.22225952	-88.63745117	-120.5232773	-210.1833344	-122.13348390000002	-163.8495789	42.25166702	-326.99084469999997	-73.73191833	-77.87947845	-263.2215881	-51.01293564	18.82556725	-28.13468742	-16.65211105	-109.8283081	-130.5877686
-145.46722409999998	38.26686096	72.04757690000001	134.4529877	-7.6105446820000004	59.59521866	26.07987976	155.0777893	111.8012314	68.03290558	54.26494598	45.94687271	29.70623016	-63.97106552	22.0697422	128.0431976	56.39062119	189.49406430000002	49.95459747	340.0746155	-34.85041809	36.81816483	14.30251598	-12.78162098	56.05164719	46.61608887	-28.91114616	-53.46816254
-21.398386	-80.90155792	-5.346565723	87.36554718	-165.27503969999998	141.3521881	48.98025131	-40.13668442	-13.86581135	17.64909554	72.58615875	-79.81542969	-0.00632470753	-64.86237335	-6.892677784	13.91783905	56.09869385	129.4976807	-29.78643608	-8.915624618999999	11.73114395	89.05565643	101.8245468	122.4311295	33.61339188	-31.82054329	-17.23141098	18.77005959
-145.12530519999999	-30.54818726	61.85286331	79.5885849	58.68772507	43.69820023	-100.2992554	128.8694153	-10.52261734	-21.30907822	14.64957714	62.13986588	29.99622917	2.542012691	81.98843384	86.52672577	29.1498642	74.68506622	145.28718569999998	53.74082184	-51.14722443	228.84706119999998	28.71767426	59.59441757	107.5524368	46.14777756	-45.46017456	-7.28647995
-89.22645569	-35.28727722	-105.43743899999998	-65.70691681	-33.13145828	-158.97494509999999	-18.59122467	-128.9111633	-6.320010185	56.85467529	-189.4999084	-166.75032040000002	-100.07268520000001	-99.82061005	-86.57359314	14.473044400000001	-75.23941803	-30.81361008	-180.2009735	206.5487823	-177.78869630000003	-161.3033905	-68.97763824	-97.49280548	18.57708931	51.155963899999996	-204.2955475	-152.9020844
165.7722168	61.45436859	101.23704529999999	223.2477722	121.69677730000001	10.23841667	14.65972137	101.29016109999999	-26.02031898	49.4624176	-89.31103516	-71.40071869	-85.4564743	-107.11299129999999	60.28662491	18.384552	55.90468216	156.0888824	8.722192763999999	82.97001648	20.78077698	-0.3689824045	-81.45860291	54.239696499999994	17.57304001	3.042633533	65.69782257	84.28800964
-93.82614136	-174.18434140000002	-59.85391235	76.84113312	-81.03604126	-85.32807159	44.67721939	2.311163664	56.67227936	-73.53629303	-116.00279240000002	-134.0366211	-35.26793289	-93.47583771	-16.46784782	-20.96491051	-85.61894226	36.8146553	-201.36720280000003	215.0119019	62.82583618	-61.11200333	-59.05784988	79.69719696	41.09834671	99.5473175	-33.14234543	-47.57293320000001
-189.0891876	-124.6574631	-43.33111954	-23.51542282	-35.27251053	-177.5582123	-89.12942505	46.46853256	-24.67367744	-28.85433006	-64.25336456	-244.386322	-120.5688705	-133.5850372	28.85939407	14.34317112	36.78260803	98.89812469	38.30403519	-134.5634003	-90.89202118	-61.74562836	6.4205579760000004	-10.45373058	18.62135887	-91.97370148	-63.932724	-61.96629333
28.63558578	129.61686709999998	-138.7326965	-77.44592285	29.9441433	43.88116455	-55.69672394	20.31763649	-170.6496582	-94.83890533	7.269609451	5.562898636	-83.68044281	-175.79025269999997	58.70026779	-73.25021362	-127.19806670000001	10.95992851	-85.05843353	-0.08965799212000002	-270.3629761	-218.1095123	-60.30833435	89.50585175	-69.11376953	-62.26545334	-159.245697	-31.18001747
-8.532158852	-104.8087997	75.21684265	115.1764145	74.63105774	33.07833481	5.98499012	138.7172699	-20.5459671	73.3616333	-39.89860535	-41.88824463	88.9437027	55.25529861	72.74883270000001	99.70154572	-5.635510445	82.24993896	-8.5809412	293.92663569999996	27.21146965	-123.14820859999999	-49.06229782	9.082758904	12.40557289	-5.217618942	86.00090027	5.967526436
-173.1334686	-96.54957581	-7.867869853999999	93.34407043	-94.76554108	-33.02728653	-70.6763382	-49.9314537	-11.35196972	86.18424988	-233.64567569999997	-208.1460724	-88.03865814	-168.50796509999998	-11.22280121	47.5652504	-72.58778381	10.049314500000001	-167.7098389	63.12071991	-53.234661100000004	-121.5503311	-61.65506363	-73.12681579999999	-49.64475632	-70.11751556	-78.42790222	-49.45755386
13.22294044	-133.430542	-24.00154495	-3.216029882	-11.82393837	5.628348827000001	-0.0454662405	-37.68708801	39.66437149	93.01416779	-132.385025	-204.618576	-29.1467495	39.61880493	-31.57466125	1.032734632	-22.73330498	30.399345399999998	33.34141541	128.3166504	-85.38425446	-112.9751663	39.62114716	45.144699100000004	57.85175705	41.17430496	-38.6774025	-54.34503174
-38.56692123	-78.83094025	-9.247619628999999	-7.760835648	36.42703247	5.842201233	-100.2642288	25.39262962	-41.87267303	-6.591892719	-124.7350388	-138.38549799999998	-94.16145325	-135.57156369999998	-36.72561646	-70.48706818	-63.96652603	2.488447189	-136.18704219999998	210.7348938	-20.95405197	-108.49475100000001	-86.35684967	127.58021550000001	-11.41200638	-60.22829437	40.582588200000004	-57.35998535
-130.8198242	-112.3727493	37.44657516	38.97754669	-99.49768066	80.70244598	11.81722069	-230.56178280000003	-3.5536553860000004	113.6535034	-58.26631546	-177.28465269999998	-104.8325043	-97.95534515	-71.60933685	-9.092877388	-10.16765976	119.845665	-125.16082	257.8760986	-163.7046356	-89.44219971	-66.98917389	-92.89296722	13.39377689	23.25523567	-24.13090515	-162.9261169
-106.897995	-81.9802475	-25.89717674	206.7563629	-32.14383316	8.542754172999999	16.13777924	80.47717285	33.81741333	106.0665512	-348.64309689999993	-369.3713074	-147.4421387	-94.14146423	-90.37337494	12.80872917	-119.5722275	73.77185822	-265.2892761	-78.01531219	-96.55846405	5.681610107000001	-112.54867549999999	-10.7759943	44.35127258	65.80442047	-155.1265106	-133.5400696
99.85484314	-18.73789597	40.50575638	58.76280212	77.84559631	-57.12608719	62.33812332	107.70335390000001	21.34053802	69.37367249	-96.40656281	-173.75714109999998	-82.79792786	-69.48187256	98.05945587	40.339649200000004	53.81200027	154.1240997	-98.46043396	151.2468262	127.07353970000001	-143.09922790000002	-13.71493149	110.53413390000001	23.66756058	23.9117527	-10.45747566	-47.79891205
-218.33511349999998	-144.9248657	-29.621418	25.12514877	-61.51105881	-67.33172607	-16.55155563	-10.77266312	-47.34144211	-83.18644714	-154.27241519999998	-140.28140259999998	-117.53733829999999	-128.7165985	-2.956160545	-37.30303574	-43.28373718	11.6163168	38.75456619	-62.72114563	-134.436676	36.134838099999996	-83.32220459	54.09928894	23.75818253	-18.68045807	-73.60719299	-39.72171783
-97.60312653	-39.34863281	-7.873461246000001	-15.46642494	25.38775826	-130.14520259999998	22.013549800000003	96.59382629	-27.0244503	-32.70262527	-321.92099	-352.1772766	118.7084656	-138.3773651	25.79285049	-6.033163547999999	-104.0392761	-23.65524864	40.65649796	24.05986595	-72.16984558	-69.42629242	0.5916634798	35.93619537	59.25556564	-80.92669678	-79.94454193	31.57930565
8.835746765	-96.98955536	76.83808899	108.2953491	-8.026328087000001	-18.99884415	-42.20648193	44.40902328	30.16513443	13.7447052	64.99180603	29.37579346	7.658134937000001	-24.23997879	73.76048279	0.33696883920000004	41.27614212	109.08250430000001	131.5199585	22.13383102	33.36119461	-109.9651031	-9.367706299	78.64930725	4.800635815	7.526288509	73.54220581	-2.211571455
-0.1515904367	12.76833439	-27.05055237	54.24512482	57.99055862	59.3211937	35.40428925	110.3528976	-39.82199478	-75.72038269	-49.361400599999996	-76.33222961	-19.25437546	-94.61473083	22.88419533	-0.7492040395999999	-96.72672272	-90.66909790000001	34.71257019	127.352066	-2.956869125	-103.73950959999999	-13.51076603	39.38637161	-36.06784058	-45.63816452	-14.34379196	-50.83808517
48.26222229	-97.69870758	44.38800049	-3.991304874	3.1976072789999996	-40.58144379	-52.04920197	7.676454067000001	-18.39763451	16.60214996	-224.99917599999998	-213.08628849999997	-14.08452702	-91.78408051	54.36787796	-18.73345757	-1.048134208	44.75565338	-57.56289673	53.89043427	70.14865112	-60.86286545	4.076331615	-13.31412697	-12.85979939	-51.97893524	119.07053379999999	76.02887726
-81.2681427	-164.38150019999998	-3.153824329	1.646571875	55.86100006	52.92641068	24.94390488	-3.0222296710000003	58.95049286	145.6812286	-228.8387299	-283.80187989999996	27.61685371	-118.15089420000001	42.03741074	-2.150236607	21.39382553	65.64743042	71.81916809	137.0642395	-17.84811211	-54.53551483	-24.57971764	3.21777606	-8.382819176	29.80609703	-30.15255547	-60.93587112
-39.19088364	-44.49368668	-62.47505569	-4.229824543	73.02020264	53.04711533	-25.72966194	5.363377571	-41.25312424	83.29400635	-153.43121340000002	-223.0969849	96.02365875	-44.00804901	37.23492432	21.16329956	-51.78370667	-16.32699776	77.80922699	91.44078827	-16.32205772	47.05801392	24.46705437	45.88510895	10.42673779	-17.39684105	-33.693286900000004	-23.91098785
74.81512451	-50.21282578	50.31348801	166.2895508	66.98859406	-94.41893005	139.36816409999997	424.7881775	55.20418549	4.724983215	-246.3874359	-266.8735962	-191.53508	-184.1870728	104.6698074	5.410135746	8.327317238	-12.08003139	37.38018799	152.9894714	211.0718536	2.363390684	-54.61599731	53.72199249	-79.2173233	-110.6148758	100.03170779999999	31.04626846
283.9587097	-42.389328000000006	101.0280457	73.47460175	-27.93992043	-31.00680923	108.19342040000001	147.2145538	73.16620636	20.01303673	-58.01010132	-85.36660004	49.71069717	-89.59491729999999	108.11924740000002	6.894991875	-5.216131687	48.35738754	35.25698853	214.7232971	199.42579650000002	-11.40728569	70.20329285	175.4576111	-10.95193005	18.12016678	117.32579040000002	63.17142105
-1.502033949	-81.23940277	-30.73086929	-29.22828102	22.74762726	22.89367676	27.15478516	15.19952869	51.46913147	-74.62218475	21.3497963	-10.66795826	36.56159973	-56.36710739	-50.39583588	-59.58503342	8.413730621000001	38.93880463	61.55754089	62.32315445	-113.60427859999999	168.213913	-13.12177086	67.83235168	8.191303253	20.47919273	10.42406178	-16.00761604
5.3281130789999995	-60.40073013	25.18276405	106.4854279	19.25656891	2.7021813389999996	-20.57358551	122.1079025	27.13119888	108.3386841	-177.5414886	-190.3142395	-38.89318085	-86.20901489	119.88227079999999	-7.884867667999999	0.7243911623999999	-3.1626086239999998	-63.7064743	-38.2609787	59.30693054	-120.9486618	-23.08083725	-45.74892044	-46.45954895	-49.15008163	7.636889935	43.2996254
-0.7576788664	35.040126799999996	-2.024711847	21.48463821	-103.926506	-25.76250648	19.09376717	-186.4284821	74.77780151	-41.63185883	-339.77499389999997	-368.9362488	-24.45685196	-56.54866791	-72.97000885	-44.21993256	-52.29277802	-24.36446571	-4.2414526939999995	-9.009725571	-0.6876194476999999	229.97859190000003	-70.50880432	44.70695877	42.52991867	59.16126251	-65.94277191	-67.35597229
33.68021774	-9.221896172000001	90.45018768	135.7163696	-1.207963109	-1.128272533	58.02193069	17.75426102	43.85897446	31.25143623	-149.6127167	-205.79246519999998	2.461100101	-38.24447632	-46.60039139	-46.75873566	-30.72537994	94.41485596	-68.15104675	217.2478333	117.88728329999999	41.99578094	-4.582819939	73.45995331	6.270931721	16.30393219	-31.15748215	-36.62315369
-118.28361509999998	-65.32286835	-86.56317902	-19.05923271	21.12877655	-11.40926933	-116.820282	150.7075806	-25.93829918	66.40865326	-265.4697571	-257.7820435	25.57313728	-69.78565216	62.42172623	-24.46994972	-122.9756851	-34.42522812	59.28342056	-62.27158737	-78.18054199	32.9302063	-23.84259033	-52.57028198	-94.83704376	-49.63724899	29.81911087	-39.61088562
-119.9109497	-144.7898102	-100.2047348	16.24869728	-31.74316788	-18.20248413	32.75050354	-87.99360657	-13.4682703	-65.00405121	-184.2011871	-200.18780519999999	114.0007706	-181.69094850000002	-48.1351738	-10.55426979	-90.50164795	-43.30555344	-33.26426697	-29.83689499	-70.33932495	105.10354609999999	4.994605064	93.36475372	-98.86433411	-49.89234924	-56.7363739	-84.52645111
-91.96421814	-79.38829041	54.20118713	102.1564865	17.21468163	18.12543488	-25.12213516	33.13642502	60.12022781	-10.7640543	6.496470451	-72.09327698	-45.55561447	-56.60501099	108.51458740000001	58.52780533	-18.709692	64.22602081	54.67555237	226.0867462	124.4268188	-60.90327072	53.38354111	121.37402340000001	-7.440865517000001	44.21788025	59.59889221	-57.06793976
