11.03632736	34.41613007	-32.12158966	-63.98107147	-57.99599457	38.6701088	-37.757267	9.458237647999999	-46.20447539999999	-108.068573	-71.61941528	-59.97526932	-12.95894718	-14.57069874	-40.17888641	-116.4991531	4.932844639	33.28623962	-17.29392052	-147.7494354	-20.86073494	-8.181417465	-0.828769505	10.22970772	-81.96362305	-4.357050419	-28.36923409	6.590139866
114.53268429999999	386.02056880000004	-456.72756960000004	-529.6217651000001	30.96161842	-117.19521329999999	158.4232483	146.1210175	-410.2063904	-451.71774289999996	-86.46537781	-199.14447019999997	-26.13506699	107.02221680000001	28.1910305	0.047491606320000004	-614.5513916	-353.1891174	-452.33145139999993	-206.93099980000002	91.61134338	-41.48796463	-334.6912537	-389.012207	-85.983284	35.05683136	-624.1074219	-593.1698607999999
-445.52630619999996	-613.3969727000001	118.37551119999999	192.03393549999998	9.192340851	142.2081909	260.16024780000004	308.18692020000003	-63.38064194	-110.9466553	137.388443	132.1067047	69.16793823	52.38171005	138.2652893	131.71522520000002	-61.36551666	-5.154554367	-100.1061783	-69.49699402	143.797699	-81.17733765	-85.13910675	-22.14940834	25.98235321	-6.399569988	134.83599850000002	56.54872131
331.044281	122.3912582	159.1185608	320.7410583	-8.318181992000001	98.91137695	19.73539352	232.6595764	102.52033229999999	126.7124405	20.40771484	52.18164062	-72.51335144	15.08778572	69.64775085	144.04139709999998	26.14056778	40.40576935	201.4072571	265.1534119	146.0031281	44.00726318	25.20295906	104.2185135	4.0933756830000005	-58.60039139	283.5538635	284.3497925
-67.56442261	17.05368996	-46.89785004	28.45913315	10.67276859	23.56385994	141.8348541	3.6352710719999997	-0.7318902612	-91.86089325	-39.31044769	-37.90023041	4.522940636	-1.201114774	-21.38863373	-56.10943604	-108.4836655	-89.46369171	-31.95960617	-71.98097229	-162.4193726	84.25663757	-32.47038651	-157.64167790000002	-28.43122101	-41.93638611	-6.226944923	-11.05229378
349.61480710000006	-132.69692990000001	112.3313065	227.83180240000002	-9.522942543	32.59883499	62.67241287	-171.47612	208.5429688	250.4538116	-21.61352348	-45.33938217	49.49933243	51.92756271	-42.06362152	16.58832741	318.60443119999996	398.64016719999995	86.37461090000001	5.332966805	-276.6492004	-104.27381899999999	170.35334780000002	150.71313480000003	162.9150696	169.62397769999998	166.5041962	134.26660159999997
204.1819916	350.9862976	-5.525612831	26.71096611	-98.95385742	-102.8629608	-179.44146730000003	-81.15957642	-19.25751877	-75.33590698	117.2459793	124.22309109999999	-48.97182083	12.92950821	-2.580417871	-20.84427452	-104.3902512	-30.12897682	-47.06951904	-42.97909927	-40.62994003	56.17502213	10.31923103	-3.8420639039999998	-40.18009567	-57.68050766	-79.68288422	-68.01698303
353.673584	861.894165	561.2205811000001	271.7635193	121.9227982	187.59527590000002	39.14549255	475.52600099999995	41.87413788	-2.591216803	325.691803	358.793457	-25.04567337	121.96608729999998	151.5088959	291.790863	352.7597351	220.019577	4.826437473	536.3949585	12.96284199	388.58111569999994	257.1590881	253.5406036	88.76870728	-44.60470581	397.852356	512.0598755
-147.85418700000002	-127.63587949999999	-163.243454	-364.8129883	-95.36691284	62.71331406	-194.6153564	120.93646240000001	-320.66958619999997	-286.93658450000004	137.7030029	53.41939545	-75.80832672	26.152486800000002	65.74858093	-22.55647087	-169.1508789	-172.5329437	-349.0515747	-230.82733149999999	-4.298856258	-21.67551613	-89.87263489	-141.3231049	-65.83570862	-80.35619354	-416.31304930000005	-348.06500239999997
-260.4222412	-636.5808105000001	27.18272591	-79.47280884	-48.54658508	196.1612396	-88.32949066	43.71445847	-43.92620087	-133.73034669999998	2.543859243	50.49559021	-35.78168488	-3.09847331	78.2436676	-60.45417023	35.13092422	-47.55607224	-174.24668880000002	62.60573959	25.96843529	69.49050903	29.797134399999997	74.24480438	-46.62286377	-26.67406654	-92.12169647	113.35328670000001
51.30033875	384.8396912	-4.75904274	-103.3073425	31.55652428	93.48712921	-291.96099849999996	145.04161069999998	-146.08012390000002	-96.86225128	120.59361270000001	66.43435669	15.46949005	11.40185547	54.99662399	133.1975861	-94.26036072	-88.72113037	-9.862278938	37.43947601	252.82615660000002	15.54993153	-77.40747833	8.049925803999999	-117.254921	-95.18382263	-30.49895477	49.66240692
-156.4537811	-539.0949707000001	-6.013156891	43.35805511	-14.48533821	20.26749611	-5.333872318	148.53685	-49.49475479	-100.0713043	-27.36028099	24.20887566	23.83718872	-10.21868229	84.91455841	-45.37982559	-151.7486267	-143.7690887	-244.06381230000002	-385.2388611	78.95452118	83.72102356	-191.8143463	-147.1777191	-38.80646896	-33.00376129	-227.59355159999998	-73.8189621
-156.59198	-162.7284851	-141.81933590000003	-33.19792557	-55.22950363	-47.47113037	20.62486839	-52.28162384	66.32820129	59.85802078	-80.17951965	-12.10837746	-56.91326141	-16.07352257	-26.53523254	-86.57623291	-92.53694153	-153.380722	92.31476593	-90.86248016	-102.15497590000001	-44.37982178	40.77495956	34.20862961	-12.28945732	48.33712006	10.747819900000001	-16.50262833
224.1252136	-56.39522934	-57.43790817	29.00458336	-16.6656456	-79.00966644	15.07962227	-20.05970573	64.98388672	-26.32968903	44.94979858	13.0475359	3.662127733	15.16043854	-3.222513676	-74.79559326	50.56212616	113.2326584	71.69676208	-17.9012413	-138.2945251	-3.7566688060000004	62.99598312	10.81928158	61.31671143	30.84879684	-51.96740341	-26.83369446
157.9508057	-118.1089783	84.37345886	173.3963318	3.16188693	-72.81079865	-3.64353013	-27.32351875	3.26755023	33.70352936	64.40288544	96.63847351	-18.68455505	12.78815079	-4.310116768	51.00443649	-6.579266071	84.41866302	71.95629883	26.23949051	-119.813324	-20.10197639	12.26589584	13.40648556	54.43128967	18.67916298	20.10202217	-8.888148308
76.12006378	286.2173767	-35.69538498	126.43091580000001	-24.22102547	-6.535250187000001	-47.54915237	-70.67899323	-32.38673019	-86.27558899	82.29825592	6.6928792	1.426963091	6.755416393	101.7149048	73.50415039	-48.02244186	-70.58421326	67.96812439	54.79573059	66.96643066	103.6723557	-38.38137436	-100.57959749999999	-31.95825768	-27.64136887	-48.46153259	34.64828491
115.99175259999998	-104.88211059999999	69.50830078	100.4637833	38.4353714	94.15684509	118.11088559999999	45.20721054	11.03293514	-31.46136475	-35.87438965	-39.331993100000005	-8.294923782	-49.61684418	12.41249752	-67.56961059999999	8.166649818	77.4810257	114.6156082	117.28659820000001	-26.18066406	110.0775909	-28.48166084	-35.49937439	-11.61802006	8.997822762	49.79618073	29.31374359
-445.71563719999995	-185.71383669999997	-230.7904358	-42.68897247	-40.94033813	138.1503448	134.1966858	-89.37953186	74.13664246	60.9552803	3.6410596369999997	47.92551041	29.59696198	-28.80108261	41.58201599	-4.212735653	-78.28679657	-60.13089752	-59.21042633	-55.27931595	131.8058014	-37.6199646	30.37765121	-31.37065697	11.5606699	76.87445068	-17.94904709	-68.74777222
362.1159668	219.8588867	-51.15249634	-30.51144981	-9.692038536	38.77954483	-129.7853394	62.70006943	-32.56039429	-70.31957245	5.982733727	-48.38304138	-29.52876854	19.17515373	1.797528267	-26.41276169	-136.76449580000002	-216.7841034	64.93349457	58.03387833	-91.34681702	35.16721725	-19.99977112	40.51968765	-51.69101334	-56.50439835	-149.64534	-49.82752228
-107.3907013	182.2986755	65.18240356	115.8851852	8.388023376	16.80528831	-47.71852493	114.0627136	10.88881302	-30.43896484	152.6186371	84.947052	13.20011711	5.021221161000001	46.88301468	72.6244812	46.31941605	86.53442383	-12.47663975	102.7819901	192.4191284	-18.22294044	65.21650696	1.022844315	-63.44654846	-9.723593712000001	64.31673431	0.16792611780000002
292.6767578	158.2419281	199.061615	60.6562767	-29.23730278	115.20666499999999	-24.27183723	-20.5518055	50.1282959	75.55308533	100.49142459999999	40.50971603	-11.20846081	43.35606766	24.68917084	70.25684357	100.1157608	91.89407349	-32.13451767	-32.06850815	-123.01111599999999	1.10058713	17.31270218	152.8003845	-16.89470673	17.63816261	-35.15535355	-13.45509052
-116.26336670000002	269.75155639999997	185.65785219999998	116.4852371	91.23690033	109.3279953	95.96161652	-58.87665176	5.096044064	-47.68387222	9.340869904	-27.73407745	11.20502281	28.93460083	88.85715485	45.64584732	202.0618591	71.69285583	32.78081894	-4.547245026000001	144.69487	-86.04936218	19.96508598	27.84163857	41.32344055	66.65180206	73.30046844	99.85246277
-115.83673859999999	-3.0049386019999997	48.50677109	-52.82707214	-66.14082336	-48.83565521	-115.1318054	-25.26445007	-13.37347126	26.98377991	-48.50966644	-12.96467972	0.4249530733	-23.89394188	26.78782463	-51.25024033	-7.965689182	-3.3089802269999997	-12.10894108	-104.6248932	-73.11218262	18.88442612	20.86701775	76.45471954	-44.55972672	-1.9155236480000002	15.89437294	-33.43524933
280.37023930000004	2.610602856	104.29627990000002	72.88671875	49.78786087	153.4345093	-16.35273743	103.8216858	-4.564751148	-110.5196686	-25.35499382	17.38968468	7.112294674	-12.26984692	129.2178345	107.27359009999998	-27.54660797	-82.70400238	57.342712399999996	95.42120361	33.22861099	125.60038759999999	-52.45928192	-16.84893036	-3.1163284780000002	-12.72466564	24.81809998	56.24222565
7.541922092	-10.82503128	-45.78589249	-4.884271145	-5.855196952999999	62.11279678	-11.37788963	-22.19121361	14.98159695	-16.95487976	54.77477646	-7.195698261	-25.34541702	-46.86029816	-11.75643539	0.7717166543	-68.56040955	-24.27132797	18.72558975	-71.92958069	14.08757496	-83.2610321	2.3156859869999997	5.6958012579999995	-57.06106567	-19.64735603	-2.930106878	-19.15427017
80.90408325	166.2970428	-57.73829269	56.5915184	-31.18740273	115.9210129	102.28364559999999	-25.96651459	-8.248963356	-36.28712845	-7.587657452	17.53575897	-1.6451808209999998	-17.76588821	-66.21108246	-175.5054932	73.34518433	103.30602259999999	139.19786069999998	125.38014979999998	111.1548767	113.988472	22.42892265	2.796405315	-14.07357597	-52.27355194	-6.596364021	-62.92873001
10.35534954	-98.44116974	124.9546509	29.02598	34.03507614	143.19967649999998	-62.09289169	1.143722892	-34.77048874	-12.22424126	96.93834686	72.96099854	25.85888481	50.87355042	28.01477051	25.82760429	69.81784058	71.34215546	-110.2721176	-73.58866119	-27.60708237	-53.53920746	0.8423645496	-29.56993484	11.92684174	-7.451269627	-137.8384399	20.60498619
387.3866882	-88.59465027	98.64524841	-26.30879974	-48.29150772	-7.585134506	-184.0346832	19.59473991	-79.8227005	-55.88136292	-26.75086784	-63.94887924	-45.48831177	18.8176136	33.85616302	16.53591156	-89.26390839	-149.2688904	-0.038177605719999994	63.70077515	-82.93590546	25.42635727	-27.68287277	-31.83226395	-71.3391571	-38.21118164	-45.54259872	5.499230862
236.6948853	9.908081055	-18.140262600000003	114.26449579999999	43.94659042	209.3103333	111.0071716	91.79150391	-74.90932465	-146.649353	92.16597748	16.35604286	-28.73413086	-2.209841967	62.177871700000004	90.22568512	9.126188277999999	-5.198554516000001	-22.62824059	84.60952759	-60.24778748	49.13144684	-30.0378933	-56.03827286	46.18788147	-2.928496122	-94.91669464	30.94431686
858.2523193	178.47000119999998	34.93522263	-212.19290159999997	-86.10884094	113.03125	-272.66940310000007	-54.02988052	-151.4036102	-109.03643799999999	-69.42138672	-17.36367607	-38.88290024	27.36780357	70.12525177	147.37211609999997	-187.7883148	-308.97094730000003	-70.55821991	172.5396271	-113.49104309999998	151.50640869999998	-146.55957030000002	-75.18877411	-35.97076416	-211.79556269999998	-230.44728089999998	-169.43048100000001
-14.23968601	186.6762238	-37.36792755	-102.3126678	-60.92366028	-78.48471069	84.61161804	198.460083	-61.07611465	-114.0164108	-180.8534698	-144.6149139	-34.38569641	-83.93409729	-15.22552395	-50.53261566	-129.7013855	-124.86054990000001	-193.41281130000002	-111.957283	-43.36694336	-72.61035156	28.61573029	11.65277576	-76.75937653	-77.40632629	-93.41621399	-21.23174286
258.24035640000005	45.08097839	84.05773163	167.4572754	36.41453171	23.572387699999997	59.70477676	6.12503767	26.68846703	39.82218933	29.33894157	5.630724907	2.560340166	-0.4407501519	12.80809879	56.28310394	76.07225799999999	105.6039963	96.49765015	83.78001404	-25.05965614	105.08845520000001	-5.937117577	-24.18384933	-6.583174706	-31.82904053	-80.91996765	-99.42245483
-87.36297607	458.2439575	-2.9787278180000003	-230.4608002	-51.36420441	-170.9665375	-169.16729740000002	-52.00887299	-52.97863007	-105.9111633	94.27575684	9.459050179	13.55630112	-12.835756300000002	79.30493927	117.9203491	-42.97234726	-183.7058411	-29.12201309	-176.53578190000002	353.1065979	62.17477417	-62.12730026	-11.52062893	-49.92304611	-31.72595406	-58.37746048	85.14556885
-563.6235352000001	494.88265989999996	-92.32299042	-128.90174869999998	-38.59279633	-69.11053467	124.1623459	-142.6446686	-29.36390877	-58.82709122	-100.0123367	2.9373581410000003	17.64539337	-13.03613663	-7.458033562000001	-90.82011414	-109.13353729999999	-96.90940857	61.34389496	-25.8527832	354.9197388	-49.71998978	21.73541641	-66.18814087	-64.19650269	-99.05723572	-46.27882385	-97.90781403
899.9202881000001	515.3857422	-39.58436966	-29.33406067	-65.95549011	127.45429990000001	-83.46183014	-210.2207031	-65.7971344	-69.72472382	45.76285172	15.58280659	-21.729442600000002	-32.56348419	-83.69529724	49.48055267	-143.12026980000002	-76.06829834	-94.41514587	54.75579453	55.57459259	213.74076839999998	6.518125057000001	-100.8894196	-15.5831728	-156.72723390000002	-82.23760223	-114.2756195
-189.25405880000002	-131.8101501	124.5218658	77.84002686	9.842660904	121.6650696	69.16877747	22.54719734	72.0897522	102.5347137	149.7552185	79.6293869	60.26532364	32.92684174	-34.23911285	129.7229614	134.1770782	108.0177841	-46.68294907	-98.77998352	3.758812189	3.8726303580000003	37.60322189	70.61164093	1.043455601	87.42276764	77.30378723	12.54625893
435.98327639999997	331.98794560000005	101.6024857	47.56705093	40.20595551	71.77974701	-17.79658508	58.57305908	-40.59363937	-27.15996361	38.36143112	82.68128967	-15.56828213	-14.04410076	17.84669304	71.50870514	-127.1632462	-258.7840576	166.77120969999999	199.0463867	142.21914669999998	167.8276367	-57.82973099	-15.21886063	1.6031248569999998	-49.41402435	107.20579529999999	64.60884857
-57.31935501	1.9344571830000001	47.6091156	26.29434013	-5.083141803999999	157.083374	-33.87880707	-68.71999359	24.76765633	86.87612915	108.1934509	100.8878021	-5.066060543	23.99072456	14.58018208	110.50304409999998	45.00553131	56.61818314	41.79633331	-12.95720387	-36.24056625	-9.121329308	22.52537155	77.15129089	-10.94527245	9.737817763999999	-46.86437225	-40.26338959
-137.70043950000002	-139.75172419999998	39.42691803	65.20657349	30.75989151	176.0031281	91.89463043	57.37022018	82.26648712	139.9581451	30.74777794	19.13550758	8.008042336	5.205914021	4.93160677	-24.80743027	30.40383911	92.04734039	-131.29664609999998	-45.99440002	-18.73717308	-67.51673126	23.75483131	58.00166321	71.02887726	70.61364746	-88.04149628	-17.78832626
90.90739441	19.55464554	129.66925049999998	26.20381546	-66.96216583	144.2654572	163.87394709999998	41.50250244	27.11554337	51.2756424	172.52735900000002	123.525322	9.283392906	-36.10366058	8.956232071	83.22080994	-37.41943359	34.74629211	13.82931519	14.01679993	33.91682816	60.64573288	-31.42930412	-5.044145584	-25.94841576	21.45051193	80.01754761	-9.356876372999999
-23.88597107	5.385302544	115.6182404	104.6881485	-69.30449677	-46.92321396	88.53199768	-105.1361084	-34.73066711	-82.62145996	118.90097050000001	107.49382779999999	-5.639511108	8.404736519	77.59348297	112.3148422	98.59521484	-31.86655426	8.620234489	52.34681320000001	-134.0915527	138.8543854	40.41878891	-53.87983704	-40.54463196	-9.722790717999999	25.6039505	57.9326973
704.8153076	52.755268099999995	-122.3527222	14.69094181	-36.58776474	63.27542114	-108.7676392	-59.13024902	-83.39004517	62.67048645	158.42515559999998	133.466507	-35.15151215	9.177610397	13.62945843	59.84006119	-124.6151733	-27.46011543	75.86872101	181.68405149999998	18.11836052	168.63760380000002	9.593822479	22.08315849	-50.57790375	-99.04529572	-54.07172775	-59.36569595
-123.2835007	86.6126709	96.35322571	61.73406601	65.33267212	-83.82337189	66.43148041	-35.29126358	56.66143036	17.08265877	104.70334629999999	87.12294769	24.53343201	4.30128336	50.81625366	107.2495193	24.33589554	-2.550426722	85.25862885	62.69089508	33.319561	3.476857662	4.478191376	11.81375408	13.17748833	121.3764496	-2.698385239	41.92370224
258.1745911	46.47728729	73.00203705	-3.627135038	102.9750214	199.9675293	-31.05873489	85.28405762	-36.05222321	25.32893753	64.24335479999999	34.67520905	10.93757343	-12.31341839	-28.34238434	78.69705963	26.14695358	35.07615662	23.658689499999998	24.11080742	1.665306807	140.29655459999998	-23.96746826	15.96666431	18.79688454	-29.61089706	68.0470047	34.67175293
403.6463318	8.575101852000001	-88.35268402	52.53401947	-16.31488228	-8.227017403	57.04872894	135.5924072	24.21853638	26.53962517	206.33331299999998	9.125832557999999	27.76265335	10.523099900000002	-2.62832284	-129.03706359999998	-10.84540176	-16.02994156	-147.5053253	-57.31908417	-164.35519409999998	123.379425	72.98184967	44.94693375	-13.922719	22.66506004	-225.5663605	-87.62319946
-207.4513245	-21.61252594	-49.04458618	47.21365738	-3.372801304	131.3544922	10.29780579	-12.42310047	22.62430763	-14.73720169	-0.9763029218000001	18.03179741	19.33741951	3.083452463	59.21729279	-6.457766532999999	-50.54895782	62.86135101	0.0434721224	-24.38508797	-69.37728882	26.58347702	2.25944972	27.38993454	16.77245903	7.706438541	63.12517548	-50.54803085
11.03632736	34.41613007	-32.12158966	-63.98107147	-57.99599457	38.6701088	-37.757267	9.458237647999999	-46.20447539999999	-108.068573	-71.61941528	-59.97526932	-12.95894718	-14.57069874	-40.17888641	-116.4991531	4.932844639	33.28623962	-17.29392052	-147.7494354	-20.86073494	-8.181417465	-0.828769505	10.22970772	-81.96362305	-4.357050419	-28.36923409	6.590139866
624.0985718	-302.3504333	-228.11885069999997	-292.6483459	2.531201601	-21.25932884	-132.4419098	236.7099457	-240.9414978	-277.91149900000005	73.00143433	26.55098343	14.36826992	96.36255646	94.90297699	76.06407928	-570.6676636	-411.7285461	-290.508606	-179.9290771	-26.23898697	-98.08320618	-288.7073059	-203.3020477	-61.56451035	-22.97915077	-370.9631653	-299.8088989
-67.56442261	17.05368996	-46.89785004	28.45913315	10.67276859	23.56385994	141.8348541	3.6352710719999997	-0.7318902612	-91.86089325	-39.31044769	-37.90023041	4.522940636	-1.201114774	-21.38863373	-56.10943604	-108.4836655	-89.46369171	-31.95960617	-71.98097229	-162.4193726	84.25663757	-32.47038651	-157.64167790000002	-28.43122101	-41.93638611	-6.226944923	-11.05229378
-268.8807373	127.55310060000001	-324.0331726	-412.2931824	-81.48111725	-131.4953766	-377.5978088	130.0357056	-361.40789789999997	-357.0827026	30.51121712	-17.46216011	-21.56220436	-1.921856403	-110.6627731	-11.11113358	-311.3016052	-368.67764280000006	-137.3795929	5.233490467	289.1443481	-107.71749879999999	-70.42527008	-94.46575165	-168.25878909999997	-217.4582214	-34.63883591	-123.05596159999999
-204.64016719999998	-224.1451874	-72.14417267	-123.6211548	-46.84360504	-84.25559235	6.513128281	114.2233963	-55.89081192	-118.253418	76.36268616	62.23348618	21.51904488	13.68205547	-61.96105194	-153.06797790000002	31.20804977	-19.47076035	-127.2550659	-147.5378265	42.67004013	14.14214706	19.64385796	-27.51571083	5.646903038	-56.22721481	-211.6331482	-116.2539902
157.4784851	-101.6968689	-30.89840317	-69.842659	18.32860184	102.9912415	-179.13047790000002	231.14900209999996	-111.8752136	23.65698814	95.17360687	82.51194	1.258459926	47.70246887	76.61573029	154.95803830000003	-201.4421997	-237.8349304	-294.4647827	-146.2962646	-194.88313290000002	-133.045639	-25.11657143	90.11511993	-53.39524078	-59.05633545	-283.6307373	13.85338497
134.9022064	176.71026609999998	-220.63781740000002	-170.0571899	-94.10867309999999	90.69150543	-226.3163452	21.63254738	-261.6044006	-225.3321075	108.3036041	80.10129547	-11.78802967	-23.77611923	-49.66332245	-90.3140564	-211.25119019999997	-163.82038880000002	-229.74327090000003	-123.45989229999999	72.35644531	-21.17199135	-0.009645833634	-86.09156799	-121.98388670000001	-60.52642059	-433.0834045	-367.1112976
-147.85418700000002	-127.63587949999999	-163.243454	-364.8129883	-95.36691284	62.71331406	-194.6153564	120.93646240000001	-320.66958619999997	-286.93658450000004	137.7030029	53.41939545	-75.80832672	26.152486800000002	65.74858093	-22.55647087	-169.1508789	-172.5329437	-349.0515747	-230.82733149999999	-4.298856258	-21.67551613	-89.87263489	-141.3231049	-65.83570862	-80.35619354	-416.31304930000005	-348.06500239999997
-156.4537811	-539.0949707000001	-6.013156891	43.35805511	-14.48533821	20.26749611	-5.333872318	148.53685	-49.49475479	-100.0713043	-27.36028099	24.20887566	23.83718872	-10.21868229	84.91455841	-45.37982559	-151.7486267	-143.7690887	-244.06381230000002	-385.2388611	78.95452118	83.72102356	-191.8143463	-147.1777191	-38.80646896	-33.00376129	-227.59355159999998	-73.8189621
-124.36017609999999	44.19269179999999	-107.41457369999999	-78.17984772	-13.81593704	34.86006546	94.60736084	1.6319768430000001	-26.40506554	-77.53121948	79.64651489	3.027624846	-14.46181297	-16.18338966	-27.29119492	-110.11794280000001	-102.7359314	-126.9279327	-18.32595444	-169.3051605	289.42654419999997	29.33183289	24.42784309	21.91892052	-11.84435463	-92.31451416	-90.17218781	-80.05893707
15.6656332	-60.74071503	24.38650131	102.92099759999999	16.87129211	-116.4971313	61.94801712	-24.37314224	19.330488199999998	54.00644684	-28.96782875	28.07564163	-6.524171352000001	-4.251176834	-24.30597687	3.890559435	72.30013275	98.00852203	12.3425293	40.85818481	-22.20850563	109.52208710000001	13.4766283	-39.31813049	7.433527946	23.6408062	-50.59439468	-21.6366272
115.99175259999998	-104.88211059999999	69.50830078	100.4637833	38.4353714	94.15684509	118.11088559999999	45.20721054	11.03293514	-31.46136475	-35.87438965	-39.331993100000005	-8.294923782	-49.61684418	12.41249752	-67.56961059999999	8.166649818	77.4810257	114.6156082	117.28659820000001	-26.18066406	110.0775909	-28.48166084	-35.49937439	-11.61802006	8.997822762	49.79618073	29.31374359
-445.71563719999995	-185.71383669999997	-230.7904358	-42.68897247	-40.94033813	138.1503448	134.1966858	-89.37953186	74.13664246	60.9552803	3.6410596369999997	47.92551041	29.59696198	-28.80108261	41.58201599	-4.212735653	-78.28679657	-60.13089752	-59.21042633	-55.27931595	131.8058014	-37.6199646	30.37765121	-31.37065697	11.5606699	76.87445068	-17.94904709	-68.74777222
1.851435661	147.361618	41.09734726	67.25249481	-9.788733482	-112.1691055	-117.31098940000001	65.22088623	-32.53665543	-69.91355896	28.35866928	65.66662598	-29.31947899	-15.10938644	90.73316193	164.084198	-56.7142868	-41.25869751	-134.7245026	26.68379784	-65.90486145	-93.33563995	-84.91387939	-90.667099	-90.94613647	5.393388748	-16.08716583	-8.405673027
-107.3907013	182.2986755	65.18240356	115.8851852	8.388023376	16.80528831	-47.71852493	114.0627136	10.88881302	-30.43896484	152.6186371	84.947052	13.20011711	5.021221161000001	46.88301468	72.6244812	46.31941605	86.53442383	-12.47663975	102.7819901	192.4191284	-18.22294044	65.21650696	1.022844315	-63.44654846	-9.723593712000001	64.31673431	0.16792611780000002
361.365448	-58.00390244	23.85124779	105.25109099999999	-15.45084858	-60.65855408	21.68991089	-4.680475235	-38.20714569	-88.88819122	36.91627502	117.32929990000001	29.61049461	-9.667515755	-4.9366712569999995	-25.18620872	73.07276154	46.75019073	51.48774338	6.061041832000001	-122.90161129999998	182.5726776	13.68069649	24.76771545	-50.21103287	-46.29199982	-97.55884552	-111.6508713
-116.26336670000002	269.75155639999997	185.65785219999998	116.4852371	91.23690033	109.3279953	95.96161652	-58.87665176	5.096044064	-47.68387222	9.340869904	-27.73407745	11.20502281	28.93460083	88.85715485	45.64584732	202.0618591	71.69285583	32.78081894	-4.547245026000001	144.69487	-86.04936218	19.96508598	27.84163857	41.32344055	66.65180206	73.30046844	99.85246277
37.72412872	-71.32673645	94.94393158	152.3371735	30.66744041	50.72864532	101.0792465	-32.92497635	-38.43938446	32.98329544	67.62086487	28.97115898	25.82605171	-8.607347488	29.68772125	-43.44483185	53.82287216	125.6162415	88.03282928	57.59106064	-17.46910858	82.81963348	-11.87210846	1.1969221829999999	-4.882256985	83.49204254	10.14140701	-9.892309189
413.644989	-175.09854130000002	99.3936615	104.99529270000001	130.1316071	206.0635986	21.15622139	126.7840195	-51.71733856	-58.08329773	-29.85046577	11.2768364	-17.13418579	50.81569672	138.97842409999998	141.8699341	38.77568436	-56.99335479999999	60.411258700000005	245.81538390000003	-82.54568481	222.75204469999997	-52.48563385	-20.90059662	58.52540207	-8.442194939	-3.0100247860000002	127.71076200000002
280.37023930000004	2.610602856	104.29627990000002	72.88671875	49.78786087	153.4345093	-16.35273743	103.8216858	-4.564751148	-110.5196686	-25.35499382	17.38968468	7.112294674	-12.26984692	129.2178345	107.27359009999998	-27.54660797	-82.70400238	57.342712399999996	95.42120361	33.22861099	125.60038759999999	-52.45928192	-16.84893036	-3.1163284780000002	-12.72466564	24.81809998	56.24222565
477.1261291999999	52.01869965	-119.3287659	92.98562622	-47.52714157	210.055954	-74.204422	47.22829819	-36.010692600000006	-64.01541901	0.9174416661	-8.208332062	-2.6853172780000003	-18.65912437	-40.7999115	-217.04965209999997	-95.29039001	-133.27227779999998	207.2902985	102.8789291	177.1560669	73.78517914	-34.19098282	-46.02479553	4.6171755789999995	-53.30151367	-90.75948334	-125.54718020000001
10.35534954	-98.44116974	124.9546509	29.02598	34.03507614	143.19967649999998	-62.09289169	1.143722892	-34.77048874	-12.22424126	96.93834686	72.96099854	25.85888481	50.87355042	28.01477051	25.82760429	69.81784058	71.34215546	-110.2721176	-73.58866119	-27.60708237	-53.53920746	0.8423645496	-29.56993484	11.92684174	-7.451269627	-137.8384399	20.60498619
-83.57850647	10.81822109	-74.40596771	48.81040192	-91.61773682	-81.66944122	-89.73440552	-82.34554291	-45.24437332	15.05188274	33.36830902	46.37341309	-6.222261429	-38.10170746	-42.43209839	-30.14158821	-18.14177322	-13.87743855	23.02846718	-57.45733643	33.58950806	-29.00034523	41.89680481	25.87668991	-63.20204926	-2.386022091	-69.87570190000001	-121.30564879999999
151.4905396	36.62291718	14.89193439	51.06284332	-8.88684845	62.85513306	67.81227875	121.4042587	38.43317413	-9.262172699	53.34757233	31.39700317	26.52425957	11.94971085	26.49824333	-94.22614288	-50.52161026	-41.14189529	-19.34039307	110.9587021	42.92511749	53.35368729	2.031544209	-53.02562714	77.7057724	59.1345787	-131.1749878	-65.1530304
-14.23968601	186.6762238	-37.36792755	-102.3126678	-60.92366028	-78.48471069	84.61161804	198.460083	-61.07611465	-114.0164108	-180.8534698	-144.6149139	-34.38569641	-83.93409729	-15.22552395	-50.53261566	-129.7013855	-124.86054990000001	-193.41281130000002	-111.957283	-43.36694336	-72.61035156	28.61573029	11.65277576	-76.75937653	-77.40632629	-93.41621399	-21.23174286
233.46664429999998	73.39224243	12.3531065	-33.12200928	-37.97108078	206.0561218	-27.43209648	105.0170975	0.8569985031999999	-34.11399078	34.64779282	-12.63235092	-39.92606354	0.6314099431	-42.38196945	-107.21588899999999	-45.10568237	-57.94901657	36.47923660000001	52.11816788	56.44446945	-111.4703751	-54.00674057	52.70565796	11.48956203	-27.41980171	-98.08088684	-86.21731567
320.5480042	-72.4561615	89.95185089	100.14343259999998	2.550631285	56.6228447	-202.99949650000002	101.7646255	-30.626894	18.0086174	140.54440309999998	97.12620544	-32.64948654	17.47468948	100.9029617	143.10960390000002	23.01743507	4.684752941	-18.46451187	41.39790344	-24.17193985	69.10240173	-50.90945816	-23.43037224	-28.531015399999998	-83.42157745	-13.57327271	-0.37299817799999996
-87.36297607	458.2439575	-2.9787278180000003	-230.4608002	-51.36420441	-170.9665375	-169.16729740000002	-52.00887299	-52.97863007	-105.9111633	94.27575684	9.459050179	13.55630112	-12.835756300000002	79.30493927	117.9203491	-42.97234726	-183.7058411	-29.12201309	-176.53578190000002	353.1065979	62.17477417	-62.12730026	-11.52062893	-49.92304611	-31.72595406	-58.37746048	85.14556885
-402.00424189999995	-82.11997223	46.66012955	3.628813982	-26.11681938	-173.2947083	50.76266098	-9.297784805	46.44338989	34.75557327	50.21923065	80.9642868	53.65245056	26.91159248	144.7427368	130.7775269	-63.32250977	-83.9008255	13.75231552	-70.25284576	-73.31771088	-117.1492844	-31.64265251	-15.81835842	61.54592896	120.38190459999998	67.04772186	90.14898682
-142.1071625	-48.42504501	-113.7598801	-22.67824364	-33.45713425	15.747494699999999	7.808011055	48.59974289	31.37347221	31.26665306	64.15815735	19.11514091	5.417850971	51.41898727	-46.78816986	-7.004611015	-84.33616638	-51.17240143	5.727333069	13.94416904	47.04382706	-5.7153620720000005	16.332485199999997	42.15779114	4.47096777	-1.109767079	3.7493865489999996	-56.88187408
0.4207874238	177.839035	110.3751831	111.63887790000001	-5.010820389	-53.906353	-2.007108927	40.90895844	14.96008205	34.69301987	93.78557587	52.10242462	-13.42461681	14.96106052	-42.98467255	36.17166519	-5.474797726	-55.33917618	92.20620728	-49.37724686	75.31362915	23.93690491	-18.631280899999997	37.00857162	55.23706055	21.95204353	-7.942762852	-27.89706802
90.90739441	19.55464554	129.66925049999998	26.20381546	-66.96216583	144.2654572	163.87394709999998	41.50250244	27.11554337	51.2756424	172.52735900000002	123.525322	9.283392906	-36.10366058	8.956232071	83.22080994	-37.41943359	34.74629211	13.82931519	14.01679993	33.91682816	60.64573288	-31.42930412	-5.044145584	-25.94841576	21.45051193	80.01754761	-9.356876372999999
598.2018433	-212.40792850000003	100.4654694	133.6082764	52.65126419	152.4926147	129.7290955	60.36487961	-10.70882702	26.26916504	26.24667358	20.19114494	28.96635628	-9.069757462	25.3079319	40.99838257	-31.23106194	65.77677155	13.02752113	124.1702423	-17.89786148	147.8340302	-32.69649124	-38.99456787	62.71949005	13.22347736	26.623260499999997	71.88515472
704.8153076	52.755268099999995	-122.3527222	14.69094181	-36.58776474	63.27542114	-108.7676392	-59.13024902	-83.39004517	62.67048645	158.42515559999998	133.466507	-35.15151215	9.177610397	13.62945843	59.84006119	-124.6151733	-27.46011543	75.86872101	181.68405149999998	18.11836052	168.63760380000002	9.593822479	22.08315849	-50.57790375	-99.04529572	-54.07172775	-59.36569595
258.1745911	46.47728729	73.00203705	-3.627135038	102.9750214	199.9675293	-31.05873489	85.28405762	-36.05222321	25.32893753	64.24335479999999	34.67520905	10.93757343	-12.31341839	-28.34238434	78.69705963	26.14695358	35.07615662	23.658689499999998	24.11080742	1.665306807	140.29655459999998	-23.96746826	15.96666431	18.79688454	-29.61089706	68.0470047	34.67175293
-207.4513245	-21.61252594	-49.04458618	47.21365738	-3.372801304	131.3544922	10.29780579	-12.42310047	22.62430763	-14.73720169	-0.9763029218000001	18.03179741	19.33741951	3.083452463	59.21729279	-6.457766532999999	-50.54895782	62.86135101	0.0434721224	-24.38508797	-69.37728882	26.58347702	2.25944972	27.38993454	16.77245903	7.706438541	63.12517548	-50.54803085
-145.5370483	-77.78292084	-31.67004013	-17.95766449	35.44104385	-106.70730590000001	150.16546630000002	33.53227997	16.25487137	84.47370148	106.2334061	9.911146164	11.89154816	-22.55556488	24.66713905	69.09430695	12.56799221	73.88368225	-1.331845522	-29.57408333	10.9789257	-37.62392807	-1.337580681	-3.718075275	61.8614769	3.2078499789999997	-38.28719711	36.72924805
263.7937012	-140.3418579	94.47564697	131.2884064	1.067938805	171.70199580000002	115.7084122	95.77942657	-66.77713013	-21.81338692	195.97328190000002	148.7759705	23.53937912	9.038640976	78.83238983	112.5239944	-31.50578308	-51.05818176	10.92125797	127.2410355	-120.8264084	177.4936981	11.04864597	24.51978493	38.46893311	-33.88180161	47.75177002	32.46009064
11.03632736	34.41613007	-32.12158966	-63.98107147	-57.99599457	38.6701088	-37.757267	9.458237647999999	-46.20447539999999	-108.068573	-71.61941528	-59.97526932	-12.95894718	-14.57069874	-40.17888641	-116.4991531	4.932844639	33.28623962	-17.29392052	-147.7494354	-20.86073494	-8.181417465	-0.828769505	10.22970772	-81.96362305	-4.357050419	-28.36923409	6.590139866
114.53268429999999	386.02056880000004	-456.72756960000004	-529.6217651000001	30.96161842	-117.19521329999999	158.4232483	146.1210175	-410.2063904	-451.71774289999996	-86.46537781	-199.14447019999997	-26.13506699	107.02221680000001	28.1910305	0.047491606320000004	-614.5513916	-353.1891174	-452.33145139999993	-206.93099980000002	91.61134338	-41.48796463	-334.6912537	-389.012207	-85.983284	35.05683136	-624.1074219	-593.1698607999999
-445.52630619999996	-613.3969727000001	118.37551119999999	192.03393549999998	9.192340851	142.2081909	260.16024780000004	308.18692020000003	-63.38064194	-110.9466553	137.388443	132.1067047	69.16793823	52.38171005	138.2652893	131.71522520000002	-61.36551666	-5.154554367	-100.1061783	-69.49699402	143.797699	-81.17733765	-85.13910675	-22.14940834	25.98235321	-6.399569988	134.83599850000002	56.54872131
-2473.756836	116.04026029999999	-708.9921264999999	-892.5364380000001	-817.7493286	-175.934967	-171.21478269999997	485.9759521000001	-1161.345215	-894.2869873	-62.04452515	-194.2192841	-342.40338130000004	-485.69940189999994	-253.30630490000001	-361.2409668	-1003.2194820000001	-1029.931885	-1275.912842	-508.1469421	-47.55906677	-218.26329040000002	-226.6011353	-495.77856449999996	-805.5686646	-781.4974365	-859.0288086000002	-678.0904541
-67.56442261	17.05368996	-46.89785004	28.45913315	10.67276859	23.56385994	141.8348541	3.6352710719999997	-0.7318902612	-91.86089325	-39.31044769	-37.90023041	4.522940636	-1.201114774	-21.38863373	-56.10943604	-108.4836655	-89.46369171	-31.95960617	-71.98097229	-162.4193726	84.25663757	-32.47038651	-157.64167790000002	-28.43122101	-41.93638611	-6.226944923	-11.05229378
-268.8807373	127.55310060000001	-324.0331726	-412.2931824	-81.48111725	-131.4953766	-377.5978088	130.0357056	-361.40789789999997	-357.0827026	30.51121712	-17.46216011	-21.56220436	-1.921856403	-110.6627731	-11.11113358	-311.3016052	-368.67764280000006	-137.3795929	5.233490467	289.1443481	-107.71749879999999	-70.42527008	-94.46575165	-168.25878909999997	-217.4582214	-34.63883591	-123.05596159999999
-204.64016719999998	-224.1451874	-72.14417267	-123.6211548	-46.84360504	-84.25559235	6.513128281	114.2233963	-55.89081192	-118.253418	76.36268616	62.23348618	21.51904488	13.68205547	-61.96105194	-153.06797790000002	31.20804977	-19.47076035	-127.2550659	-147.5378265	42.67004013	14.14214706	19.64385796	-27.51571083	5.646903038	-56.22721481	-211.6331482	-116.2539902
353.673584	861.894165	561.2205811000001	271.7635193	121.9227982	187.59527590000002	39.14549255	475.52600099999995	41.87413788	-2.591216803	325.691803	358.793457	-25.04567337	121.96608729999998	151.5088959	291.790863	352.7597351	220.019577	4.826437473	536.3949585	12.96284199	388.58111569999994	257.1590881	253.5406036	88.76870728	-44.60470581	397.852356	512.0598755
-594.6799316	278.2695312	-24.70266914	68.49834442	-96.35661316	-82.77503204	182.10887150000002	49.51204681	-161.3951721	-126.44064329999999	-27.305984499999997	-13.643272400000003	-27.34762955	-9.29036808	-59.69433212	-57.96020889	-51.05826569	11.81359768	-40.35151291	-121.90334320000001	-184.9390106	69.85823059	6.176447392	-15.62921524	-57.97434998	53.96545029	-60.95595169	-9.700866699
-260.4222412	-636.5808105000001	27.18272591	-79.47280884	-48.54658508	196.1612396	-88.32949066	43.71445847	-43.92620087	-133.73034669999998	2.543859243	50.49559021	-35.78168488	-3.09847331	78.2436676	-60.45417023	35.13092422	-47.55607224	-174.24668880000002	62.60573959	25.96843529	69.49050903	29.797134399999997	74.24480438	-46.62286377	-26.67406654	-92.12169647	113.35328670000001
-156.4537811	-539.0949707000001	-6.013156891	43.35805511	-14.48533821	20.26749611	-5.333872318	148.53685	-49.49475479	-100.0713043	-27.36028099	24.20887566	23.83718872	-10.21868229	84.91455841	-45.37982559	-151.7486267	-143.7690887	-244.06381230000002	-385.2388611	78.95452118	83.72102356	-191.8143463	-147.1777191	-38.80646896	-33.00376129	-227.59355159999998	-73.8189621
-156.59198	-162.7284851	-141.81933590000003	-33.19792557	-55.22950363	-47.47113037	20.62486839	-52.28162384	66.32820129	59.85802078	-80.17951965	-12.10837746	-56.91326141	-16.07352257	-26.53523254	-86.57623291	-92.53694153	-153.380722	92.31476593	-90.86248016	-102.15497590000001	-44.37982178	40.77495956	34.20862961	-12.28945732	48.33712006	10.747819900000001	-16.50262833
224.1252136	-56.39522934	-57.43790817	29.00458336	-16.6656456	-79.00966644	15.07962227	-20.05970573	64.98388672	-26.32968903	44.94979858	13.0475359	3.662127733	15.16043854	-3.222513676	-74.79559326	50.56212616	113.2326584	71.69676208	-17.9012413	-138.2945251	-3.7566688060000004	62.99598312	10.81928158	61.31671143	30.84879684	-51.96740341	-26.83369446
157.9508057	-118.1089783	84.37345886	173.3963318	3.16188693	-72.81079865	-3.64353013	-27.32351875	3.26755023	33.70352936	64.40288544	96.63847351	-18.68455505	12.78815079	-4.310116768	51.00443649	-6.579266071	84.41866302	71.95629883	26.23949051	-119.813324	-20.10197639	12.26589584	13.40648556	54.43128967	18.67916298	20.10202217	-8.888148308
15.6656332	-60.74071503	24.38650131	102.92099759999999	16.87129211	-116.4971313	61.94801712	-24.37314224	19.330488199999998	54.00644684	-28.96782875	28.07564163	-6.524171352000001	-4.251176834	-24.30597687	3.890559435	72.30013275	98.00852203	12.3425293	40.85818481	-22.20850563	109.52208710000001	13.4766283	-39.31813049	7.433527946	23.6408062	-50.59439468	-21.6366272
-193.52877809999998	161.7067871	177.000824	-104.81420899999999	68.90213013	209.350296	-20.76656532	-50.75564957	123.15878300000001	78.72792053	87.2953949	3.8876445289999997	11.15701771	13.07190895	-57.59640121	55.32891083	130.3738251	263.5582581	27.08682632	-1.000953674	223.417511	-57.39292145	58.36755371	149.54766850000001	-16.93504715	12.0783329	81.60485077	124.88765719999999
115.99175259999998	-104.88211059999999	69.50830078	100.4637833	38.4353714	94.15684509	118.11088559999999	45.20721054	11.03293514	-31.46136475	-35.87438965	-39.331993100000005	-8.294923782	-49.61684418	12.41249752	-67.56961059999999	8.166649818	77.4810257	114.6156082	117.28659820000001	-26.18066406	110.0775909	-28.48166084	-35.49937439	-11.61802006	8.997822762	49.79618073	29.31374359
-445.71563719999995	-185.71383669999997	-230.7904358	-42.68897247	-40.94033813	138.1503448	134.1966858	-89.37953186	74.13664246	60.9552803	3.6410596369999997	47.92551041	29.59696198	-28.80108261	41.58201599	-4.212735653	-78.28679657	-60.13089752	-59.21042633	-55.27931595	131.8058014	-37.6199646	30.37765121	-31.37065697	11.5606699	76.87445068	-17.94904709	-68.74777222
-107.3907013	182.2986755	65.18240356	115.8851852	8.388023376	16.80528831	-47.71852493	114.0627136	10.88881302	-30.43896484	152.6186371	84.947052	13.20011711	5.021221161000001	46.88301468	72.6244812	46.31941605	86.53442383	-12.47663975	102.7819901	192.4191284	-18.22294044	65.21650696	1.022844315	-63.44654846	-9.723593712000001	64.31673431	0.16792611780000002
361.365448	-58.00390244	23.85124779	105.25109099999999	-15.45084858	-60.65855408	21.68991089	-4.680475235	-38.20714569	-88.88819122	36.91627502	117.32929990000001	29.61049461	-9.667515755	-4.9366712569999995	-25.18620872	73.07276154	46.75019073	51.48774338	6.061041832000001	-122.90161129999998	182.5726776	13.68069649	24.76771545	-50.21103287	-46.29199982	-97.55884552	-111.6508713
292.6767578	158.2419281	199.061615	60.6562767	-29.23730278	115.20666499999999	-24.27183723	-20.5518055	50.1282959	75.55308533	100.49142459999999	40.50971603	-11.20846081	43.35606766	24.68917084	70.25684357	100.1157608	91.89407349	-32.13451767	-32.06850815	-123.01111599999999	1.10058713	17.31270218	152.8003845	-16.89470673	17.63816261	-35.15535355	-13.45509052
-46.63695908	96.85781097	83.28120422	156.3968811	39.89052963	6.15023613	20.31447792	0.6231427193	-53.8515625	3.7565319539999997	117.92980959999998	82.91056824	37.62239075	68.08235931	39.34948349	82.47593689	62.59477997	91.28907013	9.104759216	-85.92995453	-83.54323578	-50.55928802	-46.05296707	33.22213364	-9.593028068999999	42.72520828	46.6700325	-47.51216125
280.37023930000004	2.610602856	104.29627990000002	72.88671875	49.78786087	153.4345093	-16.35273743	103.8216858	-4.564751148	-110.5196686	-25.35499382	17.38968468	7.112294674	-12.26984692	129.2178345	107.27359009999998	-27.54660797	-82.70400238	57.342712399999996	95.42120361	33.22861099	125.60038759999999	-52.45928192	-16.84893036	-3.1163284780000002	-12.72466564	24.81809998	56.24222565
7.541922092	-10.82503128	-45.78589249	-4.884271145	-5.855196952999999	62.11279678	-11.37788963	-22.19121361	14.98159695	-16.95487976	54.77477646	-7.195698261	-25.34541702	-46.86029816	-11.75643539	0.7717166543	-68.56040955	-24.27132797	18.72558975	-71.92958069	14.08757496	-83.2610321	2.3156859869999997	5.6958012579999995	-57.06106567	-19.64735603	-2.930106878	-19.15427017
80.90408325	166.2970428	-57.73829269	56.5915184	-31.18740273	115.9210129	102.28364559999999	-25.96651459	-8.248963356	-36.28712845	-7.587657452	17.53575897	-1.6451808209999998	-17.76588821	-66.21108246	-175.5054932	73.34518433	103.30602259999999	139.19786069999998	125.38014979999998	111.1548767	113.988472	22.42892265	2.796405315	-14.07357597	-52.27355194	-6.596364021	-62.92873001
-83.57850647	10.81822109	-74.40596771	48.81040192	-91.61773682	-81.66944122	-89.73440552	-82.34554291	-45.24437332	15.05188274	33.36830902	46.37341309	-6.222261429	-38.10170746	-42.43209839	-30.14158821	-18.14177322	-13.87743855	23.02846718	-57.45733643	33.58950806	-29.00034523	41.89680481	25.87668991	-63.20204926	-2.386022091	-69.87570190000001	-121.30564879999999
236.6948853	9.908081055	-18.140262600000003	114.26449579999999	43.94659042	209.3103333	111.0071716	91.79150391	-74.90932465	-146.649353	92.16597748	16.35604286	-28.73413086	-2.209841967	62.177871700000004	90.22568512	9.126188277999999	-5.198554516000001	-22.62824059	84.60952759	-60.24778748	49.13144684	-30.0378933	-56.03827286	46.18788147	-2.928496122	-94.91669464	30.94431686
858.2523193	178.47000119999998	34.93522263	-212.19290159999997	-86.10884094	113.03125	-272.66940310000007	-54.02988052	-151.4036102	-109.03643799999999	-69.42138672	-17.36367607	-38.88290024	27.36780357	70.12525177	147.37211609999997	-187.7883148	-308.97094730000003	-70.55821991	172.5396271	-113.49104309999998	151.50640869999998	-146.55957030000002	-75.18877411	-35.97076416	-211.79556269999998	-230.44728089999998	-169.43048100000001
-144.2366486	-158.71797180000002	55.0759697	161.2906189	-13.37175083	-121.78981780000001	129.41569520000002	46.95584488	57.96328735	109.2104034	6.694212437000001	24.39173317	14.20272541	1.4176265	-6.926856517999999	13.76862812	54.93838882	102.76364140000001	121.35899350000001	74.83792114	-99.71730042	-39.15343094	9.3922472	-3.0336344239999997	20.92867851	87.71341705	51.50297928	-26.00662041
-14.23968601	186.6762238	-37.36792755	-102.3126678	-60.92366028	-78.48471069	84.61161804	198.460083	-61.07611465	-114.0164108	-180.8534698	-144.6149139	-34.38569641	-83.93409729	-15.22552395	-50.53261566	-129.7013855	-124.86054990000001	-193.41281130000002	-111.957283	-43.36694336	-72.61035156	28.61573029	11.65277576	-76.75937653	-77.40632629	-93.41621399	-21.23174286
-64.21710968	-38.58272552	190.6820679	112.73023219999999	86.34511566	63.82682037	140.4584351	71.69692993	-16.96300507	-42.81030273	64.97481537	148.7445831	18.10309792	30.80473518	97.15663909999999	284.6683655	-9.311373711	-30.21588516	-3.715337276	119.86425020000001	34.20701981	36.06884003	-9.714568137999999	-86.11457825	20.35883141	54.73669434	-7.062730789	10.06718922
233.46664429999998	73.39224243	12.3531065	-33.12200928	-37.97108078	206.0561218	-27.43209648	105.0170975	0.8569985031999999	-34.11399078	34.64779282	-12.63235092	-39.92606354	0.6314099431	-42.38196945	-107.21588899999999	-45.10568237	-57.94901657	36.47923660000001	52.11816788	56.44446945	-111.4703751	-54.00674057	52.70565796	11.48956203	-27.41980171	-98.08088684	-86.21731567
-87.36297607	458.2439575	-2.9787278180000003	-230.4608002	-51.36420441	-170.9665375	-169.16729740000002	-52.00887299	-52.97863007	-105.9111633	94.27575684	9.459050179	13.55630112	-12.835756300000002	79.30493927	117.9203491	-42.97234726	-183.7058411	-29.12201309	-176.53578190000002	353.1065979	62.17477417	-62.12730026	-11.52062893	-49.92304611	-31.72595406	-58.37746048	85.14556885
-122.868103	-19.55132675	106.3475571	37.00580978	49.95650101	91.71688843	184.39022830000002	3.441783905	-10.89590836	-7.637827872999999	-113.682724	-42.87408829	-12.93455124	-47.95601273	8.831073761	-57.96416855	15.29695606	11.58093452	16.81635094	76.69772339	8.280226707	-28.57307625	-8.867576599	-58.66624451	18.82995796	54.80273438	116.84635159999998	92.04264832
435.98327639999997	331.98794560000005	101.6024857	47.56705093	40.20595551	71.77974701	-17.79658508	58.57305908	-40.59363937	-27.15996361	38.36143112	82.68128967	-15.56828213	-14.04410076	17.84669304	71.50870514	-127.1632462	-258.7840576	166.77120969999999	199.0463867	142.21914669999998	167.8276367	-57.82973099	-15.21886063	1.6031248569999998	-49.41402435	107.20579529999999	64.60884857
-142.1071625	-48.42504501	-113.7598801	-22.67824364	-33.45713425	15.747494699999999	7.808011055	48.59974289	31.37347221	31.26665306	64.15815735	19.11514091	5.417850971	51.41898727	-46.78816986	-7.004611015	-84.33616638	-51.17240143	5.727333069	13.94416904	47.04382706	-5.7153620720000005	16.332485199999997	42.15779114	4.47096777	-1.109767079	3.7493865489999996	-56.88187408
301.66720580000003	89.09450531	97.47013855	54.23218536	26.3583107	84.44176483	72.27985382	16.2257576	11.23451519	-1.369110227	-19.02061081	83.08518219	26.50207329	12.54553986	12.72460938	134.2043762	19.14259338	60.57710266	-7.379906178	79.18093872	-62.37947083	74.82035828	21.17661858	66.03424072	40.7202301	12.51206207	151.3471832	182.8701477
0.4207874238	177.839035	110.3751831	111.63887790000001	-5.010820389	-53.906353	-2.007108927	40.90895844	14.96008205	34.69301987	93.78557587	52.10242462	-13.42461681	14.96106052	-42.98467255	36.17166519	-5.474797726	-55.33917618	92.20620728	-49.37724686	75.31362915	23.93690491	-18.631280899999997	37.00857162	55.23706055	21.95204353	-7.942762852	-27.89706802
-23.88597107	5.385302544	115.6182404	104.6881485	-69.30449677	-46.92321396	88.53199768	-105.1361084	-34.73066711	-82.62145996	118.90097050000001	107.49382779999999	-5.639511108	8.404736519	77.59348297	112.3148422	98.59521484	-31.86655426	8.620234489	52.34681320000001	-134.0915527	138.8543854	40.41878891	-53.87983704	-40.54463196	-9.722790717999999	25.6039505	57.9326973
704.8153076	52.755268099999995	-122.3527222	14.69094181	-36.58776474	63.27542114	-108.7676392	-59.13024902	-83.39004517	62.67048645	158.42515559999998	133.466507	-35.15151215	9.177610397	13.62945843	59.84006119	-124.6151733	-27.46011543	75.86872101	181.68405149999998	18.11836052	168.63760380000002	9.593822479	22.08315849	-50.57790375	-99.04529572	-54.07172775	-59.36569595
-123.2835007	86.6126709	96.35322571	61.73406601	65.33267212	-83.82337189	66.43148041	-35.29126358	56.66143036	17.08265877	104.70334629999999	87.12294769	24.53343201	4.30128336	50.81625366	107.2495193	24.33589554	-2.550426722	85.25862885	62.69089508	33.319561	3.476857662	4.478191376	11.81375408	13.17748833	121.3764496	-2.698385239	41.92370224
258.1745911	46.47728729	73.00203705	-3.627135038	102.9750214	199.9675293	-31.05873489	85.28405762	-36.05222321	25.32893753	64.24335479999999	34.67520905	10.93757343	-12.31341839	-28.34238434	78.69705963	26.14695358	35.07615662	23.658689499999998	24.11080742	1.665306807	140.29655459999998	-23.96746826	15.96666431	18.79688454	-29.61089706	68.0470047	34.67175293
403.6463318	8.575101852000001	-88.35268402	52.53401947	-16.31488228	-8.227017403	57.04872894	135.5924072	24.21853638	26.53962517	206.33331299999998	9.125832557999999	27.76265335	10.523099900000002	-2.62832284	-129.03706359999998	-10.84540176	-16.02994156	-147.5053253	-57.31908417	-164.35519409999998	123.379425	72.98184967	44.94693375	-13.922719	22.66506004	-225.5663605	-87.62319946
-207.4513245	-21.61252594	-49.04458618	47.21365738	-3.372801304	131.3544922	10.29780579	-12.42310047	22.62430763	-14.73720169	-0.9763029218000001	18.03179741	19.33741951	3.083452463	59.21729279	-6.457766532999999	-50.54895782	62.86135101	0.0434721224	-24.38508797	-69.37728882	26.58347702	2.25944972	27.38993454	16.77245903	7.706438541	63.12517548	-50.54803085
11.03632736	34.41613007	-32.12158966	-63.98107147	-57.99599457	38.6701088	-37.757267	9.458237647999999	-46.20447539999999	-108.068573	-71.61941528	-59.97526932	-12.95894718	-14.57069874	-40.17888641	-116.4991531	4.932844639	33.28623962	-17.29392052	-147.7494354	-20.86073494	-8.181417465	-0.828769505	10.22970772	-81.96362305	-4.357050419	-28.36923409	6.590139866
313.9872131	-180.76748659999998	-207.75097659999997	-88.69126892	-65.67127991	33.91361618	47.77362061	70.34127808	-155.6197205	-151.73324580000002	81.97052002	-27.14737129	14.86288452	34.92237473	-81.87674713	-58.57930756	-246.5798187	-210.23925780000002	-86.9798584	-199.1608582	131.36557009999999	8.632538795	-163.5250854	-109.2171707	-43.30059433	-42.20926285	-286.57781980000004	-381.0273132
331.044281	122.3912582	159.1185608	320.7410583	-8.318181992000001	98.91137695	19.73539352	232.6595764	102.52033229999999	126.7124405	20.40771484	52.18164062	-72.51335144	15.08778572	69.64775085	144.04139709999998	26.14056778	40.40576935	201.4072571	265.1534119	146.0031281	44.00726318	25.20295906	104.2185135	4.0933756830000005	-58.60039139	283.5538635	284.3497925
624.0985718	-302.3504333	-228.11885069999997	-292.6483459	2.531201601	-21.25932884	-132.4419098	236.7099457	-240.9414978	-277.91149900000005	73.00143433	26.55098343	14.36826992	96.36255646	94.90297699	76.06407928	-570.6676636	-411.7285461	-290.508606	-179.9290771	-26.23898697	-98.08320618	-288.7073059	-203.3020477	-61.56451035	-22.97915077	-370.9631653	-299.8088989
-268.8807373	127.55310060000001	-324.0331726	-412.2931824	-81.48111725	-131.4953766	-377.5978088	130.0357056	-361.40789789999997	-357.0827026	30.51121712	-17.46216011	-21.56220436	-1.921856403	-110.6627731	-11.11113358	-311.3016052	-368.67764280000006	-137.3795929	5.233490467	289.1443481	-107.71749879999999	-70.42527008	-94.46575165	-168.25878909999997	-217.4582214	-34.63883591	-123.05596159999999
-90.77067566	381.1837769	183.2494812	-39.43392181	33.87953949	42.37803268	-68.22383881	-32.7465744	0.6855728626	-17.04556274	37.87942886	10.16081047	4.744049072	31.34004021	-25.68291473	6.02738142	285.677948	216.83346559999998	-28.80672836	-65.36846924	-270.0465088	216.4380188	96.86399841	126.4535675	-32.8190918	-23.32853699	-28.9759922	78.33294678
204.1819916	350.9862976	-5.525612831	26.71096611	-98.95385742	-102.8629608	-179.44146730000003	-81.15957642	-19.25751877	-75.33590698	117.2459793	124.22309109999999	-48.97182083	12.92950821	-2.580417871	-20.84427452	-104.3902512	-30.12897682	-47.06951904	-42.97909927	-40.62994003	56.17502213	10.31923103	-3.8420639039999998	-40.18009567	-57.68050766	-79.68288422	-68.01698303
-204.64016719999998	-224.1451874	-72.14417267	-123.6211548	-46.84360504	-84.25559235	6.513128281	114.2233963	-55.89081192	-118.253418	76.36268616	62.23348618	21.51904488	13.68205547	-61.96105194	-153.06797790000002	31.20804977	-19.47076035	-127.2550659	-147.5378265	42.67004013	14.14214706	19.64385796	-27.51571083	5.646903038	-56.22721481	-211.6331482	-116.2539902
-194.814743	0.35976484420000004	132.41824340000002	50.92180252	-91.56001282	-76.27362061	56.40734482	65.48054504	73.87541962	95.66619109999999	98.31555939	53.30406952	15.05226803	10.65327549	61.04826736	119.9417953	73.24884796	161.8031158	-225.74443050000002	-195.595993	-37.54702377	-210.2196045	-25.24544334	44.79303741	19.83527756	63.0146637	116.15731809999998	70.72676086
353.673584	861.894165	561.2205811000001	271.7635193	121.9227982	187.59527590000002	39.14549255	475.52600099999995	41.87413788	-2.591216803	325.691803	358.793457	-25.04567337	121.96608729999998	151.5088959	291.790863	352.7597351	220.019577	4.826437473	536.3949585	12.96284199	388.58111569999994	257.1590881	253.5406036	88.76870728	-44.60470581	397.852356	512.0598755
-147.85418700000002	-127.63587949999999	-163.243454	-364.8129883	-95.36691284	62.71331406	-194.6153564	120.93646240000001	-320.66958619999997	-286.93658450000004	137.7030029	53.41939545	-75.80832672	26.152486800000002	65.74858093	-22.55647087	-169.1508789	-172.5329437	-349.0515747	-230.82733149999999	-4.298856258	-21.67551613	-89.87263489	-141.3231049	-65.83570862	-80.35619354	-416.31304930000005	-348.06500239999997
51.30033875	384.8396912	-4.75904274	-103.3073425	31.55652428	93.48712921	-291.96099849999996	145.04161069999998	-146.08012390000002	-96.86225128	120.59361270000001	66.43435669	15.46949005	11.40185547	54.99662399	133.1975861	-94.26036072	-88.72113037	-9.862278938	37.43947601	252.82615660000002	15.54993153	-77.40747833	8.049925803999999	-117.254921	-95.18382263	-30.49895477	49.66240692
-124.36017609999999	44.19269179999999	-107.41457369999999	-78.17984772	-13.81593704	34.86006546	94.60736084	1.6319768430000001	-26.40506554	-77.53121948	79.64651489	3.027624846	-14.46181297	-16.18338966	-27.29119492	-110.11794280000001	-102.7359314	-126.9279327	-18.32595444	-169.3051605	289.42654419999997	29.33183289	24.42784309	21.91892052	-11.84435463	-92.31451416	-90.17218781	-80.05893707
-39.36205292	34.74530411	47.38297272	51.64259338	9.099275589	-148.756485	3.620782375	-26.39934158	-6.750567436	28.55579185	39.25498581	-8.034015656000001	7.458629608	32.76465607	-28.03285599	8.289307594	95.31156158	109.3547287	84.6745224	-114.59849550000001	33.97772979999999	67.3138504	3.967529535	48.96717453	-54.25766754	-17.83694839	15.02348518	-25.56702805
10.61211205	21.95569801	126.19106289999999	-11.00981998	-41.43645859	39.79823303	-125.2266159	6.70265913	-93.34049988	-108.5558014	66.44367981	69.49298859	-32.69856644	29.86226654	-1.061452866	-9.23425293	129.627655	83.60919189	260.8218384	220.2244415	334.2248535	-14.28791714	13.11053276	45.11244583	-66.78514862	-71.78902435	44.77025604	18.76752472
157.9508057	-118.1089783	84.37345886	173.3963318	3.16188693	-72.81079865	-3.64353013	-27.32351875	3.26755023	33.70352936	64.40288544	96.63847351	-18.68455505	12.78815079	-4.310116768	51.00443649	-6.579266071	84.41866302	71.95629883	26.23949051	-119.813324	-20.10197639	12.26589584	13.40648556	54.43128967	18.67916298	20.10202217	-8.888148308
12.55835152	191.00384519999997	41.95453262	98.12900543	-37.42344666	-170.0688324	-82.52172852	29.81756401	-13.9353323	13.73948956	19.02631569	27.780548100000004	0.7164307237	3.258005619	39.18616104	39.93769836	73.20365906	-30.58593941	125.09108729999998	92.26757812	268.69174189999995	127.5977249	-33.74135208	-46.72240448	-77.37121582	-3.377711535	47.41012192	33.90763855
15.6656332	-60.74071503	24.38650131	102.92099759999999	16.87129211	-116.4971313	61.94801712	-24.37314224	19.330488199999998	54.00644684	-28.96782875	28.07564163	-6.524171352000001	-4.251176834	-24.30597687	3.890559435	72.30013275	98.00852203	12.3425293	40.85818481	-22.20850563	109.52208710000001	13.4766283	-39.31813049	7.433527946	23.6408062	-50.59439468	-21.6366272
-445.71563719999995	-185.71383669999997	-230.7904358	-42.68897247	-40.94033813	138.1503448	134.1966858	-89.37953186	74.13664246	60.9552803	3.6410596369999997	47.92551041	29.59696198	-28.80108261	41.58201599	-4.212735653	-78.28679657	-60.13089752	-59.21042633	-55.27931595	131.8058014	-37.6199646	30.37765121	-31.37065697	11.5606699	76.87445068	-17.94904709	-68.74777222
362.1159668	219.8588867	-51.15249634	-30.51144981	-9.692038536	38.77954483	-129.7853394	62.70006943	-32.56039429	-70.31957245	5.982733727	-48.38304138	-29.52876854	19.17515373	1.797528267	-26.41276169	-136.76449580000002	-216.7841034	64.93349457	58.03387833	-91.34681702	35.16721725	-19.99977112	40.51968765	-51.69101334	-56.50439835	-149.64534	-49.82752228
361.365448	-58.00390244	23.85124779	105.25109099999999	-15.45084858	-60.65855408	21.68991089	-4.680475235	-38.20714569	-88.88819122	36.91627502	117.32929990000001	29.61049461	-9.667515755	-4.9366712569999995	-25.18620872	73.07276154	46.75019073	51.48774338	6.061041832000001	-122.90161129999998	182.5726776	13.68069649	24.76771545	-50.21103287	-46.29199982	-97.55884552	-111.6508713
-116.26336670000002	269.75155639999997	185.65785219999998	116.4852371	91.23690033	109.3279953	95.96161652	-58.87665176	5.096044064	-47.68387222	9.340869904	-27.73407745	11.20502281	28.93460083	88.85715485	45.64584732	202.0618591	71.69285583	32.78081894	-4.547245026000001	144.69487	-86.04936218	19.96508598	27.84163857	41.32344055	66.65180206	73.30046844	99.85246277
37.72412872	-71.32673645	94.94393158	152.3371735	30.66744041	50.72864532	101.0792465	-32.92497635	-38.43938446	32.98329544	67.62086487	28.97115898	25.82605171	-8.607347488	29.68772125	-43.44483185	53.82287216	125.6162415	88.03282928	57.59106064	-17.46910858	82.81963348	-11.87210846	1.1969221829999999	-4.882256985	83.49204254	10.14140701	-9.892309189
-115.83673859999999	-3.0049386019999997	48.50677109	-52.82707214	-66.14082336	-48.83565521	-115.1318054	-25.26445007	-13.37347126	26.98377991	-48.50966644	-12.96467972	0.4249530733	-23.89394188	26.78782463	-51.25024033	-7.965689182	-3.3089802269999997	-12.10894108	-104.6248932	-73.11218262	18.88442612	20.86701775	76.45471954	-44.55972672	-1.9155236480000002	15.89437294	-33.43524933
3.392475367	83.25585938	98.70223999	96.12312317	-40.64637756	-27.21512413	-8.606456757	17.99028397	-31.45436478	20.99252319	-4.9874367710000005	15.54709816	-12.92306709	-3.536374092	-34.79162216	-17.20474052	79.76829529	110.33555600000001	135.00968930000002	83.35829163	15.32727909	61.46232224	-12.70407295	-69.14233398	-52.83807373	-62.73958206	-54.94806671	-45.82330322
80.90408325	166.2970428	-57.73829269	56.5915184	-31.18740273	115.9210129	102.28364559999999	-25.96651459	-8.248963356	-36.28712845	-7.587657452	17.53575897	-1.6451808209999998	-17.76588821	-66.21108246	-175.5054932	73.34518433	103.30602259999999	139.19786069999998	125.38014979999998	111.1548767	113.988472	22.42892265	2.796405315	-14.07357597	-52.27355194	-6.596364021	-62.92873001
10.35534954	-98.44116974	124.9546509	29.02598	34.03507614	143.19967649999998	-62.09289169	1.143722892	-34.77048874	-12.22424126	96.93834686	72.96099854	25.85888481	50.87355042	28.01477051	25.82760429	69.81784058	71.34215546	-110.2721176	-73.58866119	-27.60708237	-53.53920746	0.8423645496	-29.56993484	11.92684174	-7.451269627	-137.8384399	20.60498619
-83.57850647	10.81822109	-74.40596771	48.81040192	-91.61773682	-81.66944122	-89.73440552	-82.34554291	-45.24437332	15.05188274	33.36830902	46.37341309	-6.222261429	-38.10170746	-42.43209839	-30.14158821	-18.14177322	-13.87743855	23.02846718	-57.45733643	33.58950806	-29.00034523	41.89680481	25.87668991	-63.20204926	-2.386022091	-69.87570190000001	-121.30564879999999
335.0112305	171.07463069999997	156.34344480000001	58.28697205	25.51536369	29.1282692	-79.70443726	103.71920779999999	-95.6342926	-59.129230500000006	177.6218872	98.97116089	10.26819324	38.35387421	78.20402527	120.26016240000001	135.01293950000002	42.6974144	-35.72271347	-24.58583069	-64.09805298	17.99807549	-55.28798294	-11.85276413	-38.99275589	-46.30395889	-99.94058228	-15.69501686
151.4905396	36.62291718	14.89193439	51.06284332	-8.88684845	62.85513306	67.81227875	121.4042587	38.43317413	-9.262172699	53.34757233	31.39700317	26.52425957	11.94971085	26.49824333	-94.22614288	-50.52161026	-41.14189529	-19.34039307	110.9587021	42.92511749	53.35368729	2.031544209	-53.02562714	77.7057724	59.1345787	-131.1749878	-65.1530304
-14.23968601	186.6762238	-37.36792755	-102.3126678	-60.92366028	-78.48471069	84.61161804	198.460083	-61.07611465	-114.0164108	-180.8534698	-144.6149139	-34.38569641	-83.93409729	-15.22552395	-50.53261566	-129.7013855	-124.86054990000001	-193.41281130000002	-111.957283	-43.36694336	-72.61035156	28.61573029	11.65277576	-76.75937653	-77.40632629	-93.41621399	-21.23174286
353.1242065	-24.80013275	-2.507443428	75.29120636	1.340910792	136.891983	-25.65691757	-2.6706438059999997	80.09907532	78.29663849	107.7631378	55.50214005	3.644281864	-42.25510788	-27.72951508	48.06723022	145.1779785	128.2517242	39.83750534	165.18852230000002	-126.99510190000001	128.0492706	31.46987915	-22.65356636	54.90794373	36.58887482	31.72220039	11.59509468
233.46664429999998	73.39224243	12.3531065	-33.12200928	-37.97108078	206.0561218	-27.43209648	105.0170975	0.8569985031999999	-34.11399078	34.64779282	-12.63235092	-39.92606354	0.6314099431	-42.38196945	-107.21588899999999	-45.10568237	-57.94901657	36.47923660000001	52.11816788	56.44446945	-111.4703751	-54.00674057	52.70565796	11.48956203	-27.41980171	-98.08088684	-86.21731567
320.5480042	-72.4561615	89.95185089	100.14343259999998	2.550631285	56.6228447	-202.99949650000002	101.7646255	-30.626894	18.0086174	140.54440309999998	97.12620544	-32.64948654	17.47468948	100.9029617	143.10960390000002	23.01743507	4.684752941	-18.46451187	41.39790344	-24.17193985	69.10240173	-50.90945816	-23.43037224	-28.531015399999998	-83.42157745	-13.57327271	-0.37299817799999996
258.24035640000005	45.08097839	84.05773163	167.4572754	36.41453171	23.572387699999997	59.70477676	6.12503767	26.68846703	39.82218933	29.33894157	5.630724907	2.560340166	-0.4407501519	12.80809879	56.28310394	76.07225799999999	105.6039963	96.49765015	83.78001404	-25.05965614	105.08845520000001	-5.937117577	-24.18384933	-6.583174706	-31.82904053	-80.91996765	-99.42245483
-563.6235352000001	494.88265989999996	-92.32299042	-128.90174869999998	-38.59279633	-69.11053467	124.1623459	-142.6446686	-29.36390877	-58.82709122	-100.0123367	2.9373581410000003	17.64539337	-13.03613663	-7.458033562000001	-90.82011414	-109.13353729999999	-96.90940857	61.34389496	-25.8527832	354.9197388	-49.71998978	21.73541641	-66.18814087	-64.19650269	-99.05723572	-46.27882385	-97.90781403
899.9202881000001	515.3857422	-39.58436966	-29.33406067	-65.95549011	127.45429990000001	-83.46183014	-210.2207031	-65.7971344	-69.72472382	45.76285172	15.58280659	-21.729442600000002	-32.56348419	-83.69529724	49.48055267	-143.12026980000002	-76.06829834	-94.41514587	54.75579453	55.57459259	213.74076839999998	6.518125057000001	-100.8894196	-15.5831728	-156.72723390000002	-82.23760223	-114.2756195
-402.00424189999995	-82.11997223	46.66012955	3.628813982	-26.11681938	-173.2947083	50.76266098	-9.297784805	46.44338989	34.75557327	50.21923065	80.9642868	53.65245056	26.91159248	144.7427368	130.7775269	-63.32250977	-83.9008255	13.75231552	-70.25284576	-73.31771088	-117.1492844	-31.64265251	-15.81835842	61.54592896	120.38190459999998	67.04772186	90.14898682
-189.25405880000002	-131.8101501	124.5218658	77.84002686	9.842660904	121.6650696	69.16877747	22.54719734	72.0897522	102.5347137	149.7552185	79.6293869	60.26532364	32.92684174	-34.23911285	129.7229614	134.1770782	108.0177841	-46.68294907	-98.77998352	3.758812189	3.8726303580000003	37.60322189	70.61164093	1.043455601	87.42276764	77.30378723	12.54625893
-142.1071625	-48.42504501	-113.7598801	-22.67824364	-33.45713425	15.747494699999999	7.808011055	48.59974289	31.37347221	31.26665306	64.15815735	19.11514091	5.417850971	51.41898727	-46.78816986	-7.004611015	-84.33616638	-51.17240143	5.727333069	13.94416904	47.04382706	-5.7153620720000005	16.332485199999997	42.15779114	4.47096777	-1.109767079	3.7493865489999996	-56.88187408
-57.31935501	1.9344571830000001	47.6091156	26.29434013	-5.083141803999999	157.083374	-33.87880707	-68.71999359	24.76765633	86.87612915	108.1934509	100.8878021	-5.066060543	23.99072456	14.58018208	110.50304409999998	45.00553131	56.61818314	41.79633331	-12.95720387	-36.24056625	-9.121329308	22.52537155	77.15129089	-10.94527245	9.737817763999999	-46.86437225	-40.26338959
-84.82090759	284.60958860000005	222.374939	229.60473629999998	-5.80565834	100.6555328	-1.761175156	-23.12977409	61.57383347	106.7549438	184.25383	116.10096740000002	22.15369225	48.77391434	-30.41534233	119.3648834	174.7673645	164.3895264	118.0180054	17.55682373	199.16511540000002	47.25851822	5.717021465	95.56552887	-19.01334572	41.94936371	17.43840981	58.1229248
0.4207874238	177.839035	110.3751831	111.63887790000001	-5.010820389	-53.906353	-2.007108927	40.90895844	14.96008205	34.69301987	93.78557587	52.10242462	-13.42461681	14.96106052	-42.98467255	36.17166519	-5.474797726	-55.33917618	92.20620728	-49.37724686	75.31362915	23.93690491	-18.631280899999997	37.00857162	55.23706055	21.95204353	-7.942762852	-27.89706802
90.90739441	19.55464554	129.66925049999998	26.20381546	-66.96216583	144.2654572	163.87394709999998	41.50250244	27.11554337	51.2756424	172.52735900000002	123.525322	9.283392906	-36.10366058	8.956232071	83.22080994	-37.41943359	34.74629211	13.82931519	14.01679993	33.91682816	60.64573288	-31.42930412	-5.044145584	-25.94841576	21.45051193	80.01754761	-9.356876372999999
-168.59477230000002	115.1386108	78.97781372	94.86850739	-93.86194611	-68.02005768	-84.87142181	-155.76782230000003	36.64576721	27.82695961	66.64730072	94.34845734	11.41260242	29.89449501	22.56348419	23.72608566	23.70063591	33.84427261	18.00449944	-4.132285595	-58.01008987	39.71953201	2.5485830309999997	15.69301224	-20.54521751	59.92656326	-66.38526154	-60.92327881
367.4683228	-26.672550199999996	-45.48629761	-32.57485199	-72.21752167	103.06240079999999	-14.20228672	17.1416626	-0.9773361683	-91.58184814	-14.45165157	33.88537598	36.73113632	-5.566373348	43.97664642	-117.6055603	4.978894234	-15.12930012	-61.71534729	32.41790009	-45.00823593	137.44972230000002	45.30902481	23.15793419	-36.01622391	14.54329491	-111.96888729999999	-53.33097839
-123.2835007	86.6126709	96.35322571	61.73406601	65.33267212	-83.82337189	66.43148041	-35.29126358	56.66143036	17.08265877	104.70334629999999	87.12294769	24.53343201	4.30128336	50.81625366	107.2495193	24.33589554	-2.550426722	85.25862885	62.69089508	33.319561	3.476857662	4.478191376	11.81375408	13.17748833	121.3764496	-2.698385239	41.92370224
-106.4910812	112.067421	123.37934109999999	33.21702194	55.10340881	89.5220108	100.6754379	73.47148132	9.226998329	-16.64883995	-25.15941811	-28.43169785	3.7163572310000004	-38.85036469	42.08571625	89.28440094	127.5833054	116.97108459999998	49.37806320000001	70.19309235	86.48859406	-13.29193115	0.8927634954000001	-27.61770058	16.27828979	-8.69211483	23.77804565	77.30867767
-207.4513245	-21.61252594	-49.04458618	47.21365738	-3.372801304	131.3544922	10.29780579	-12.42310047	22.62430763	-14.73720169	-0.9763029218000001	18.03179741	19.33741951	3.083452463	59.21729279	-6.457766532999999	-50.54895782	62.86135101	0.0434721224	-24.38508797	-69.37728882	26.58347702	2.25944972	27.38993454	16.77245903	7.706438541	63.12517548	-50.54803085
263.7937012	-140.3418579	94.47564697	131.2884064	1.067938805	171.70199580000002	115.7084122	95.77942657	-66.77713013	-21.81338692	195.97328190000002	148.7759705	23.53937912	9.038640976	78.83238983	112.5239944	-31.50578308	-51.05818176	10.92125797	127.2410355	-120.8264084	177.4936981	11.04864597	24.51978493	38.46893311	-33.88180161	47.75177002	32.46009064
