-2.821266674  
-17.99517488  
-71.87152893  
34.19738651  
-78.79202861  
55.24520304  
-37.1649237  
-7.927780363  
15.49862699  
-4.640479763  
-21.90193078  
70.98415654  
-2.821266674  
-17.99517488  
-71.87152893  
34.19738651  
-78.79202861  
55.24520304  
-37.1649237  
-7.927780363  
15.49862699  
-4.640479763  
-21.90193078  
70.98415654  
-2.821266674  
-17.99517488  
-71.87152893  
34.19738651  
-78.79202861  
55.24520304  
-37.1649237  
-7.927780363  
15.49862699  
-4.640479763  
-21.90193078  
70.98415654  
-2.821266674  
-17.99517488  
-71.87152893  
34.19738651  
-78.79202861  
55.24520304  
-37.1649237  
-7.927780363  
15.49862699  
-4.640479763  
-21.90193078  
70.98415654  
