-8.052140115  
24.49030504  
16.25081355  
30.55534026  
96.13618336  
25.02967538  
98.8130056  
-6.142380786  
11.35134041  
32.08835346  
49.69930742  
10.72488367  
80.81639181  
-8.875931647  
39.95313611  
-8.052140115  
24.49030504  
16.25081355  
30.55534026  
96.13618336  
25.02967538  
98.8130056  
-6.142380786  
11.35134041  
32.08835346  
49.69930742  
10.72488367  
80.81639181  
-8.875931647  
39.95313611  
-8.052140115  
24.49030504  
16.25081355  
30.55534026  
96.13618336  
25.02967538  
98.8130056  
-6.142380786  
11.35134041  
32.08835346  
49.69930742  
10.72488367  
80.81639181  
-8.875931647  
39.95313611  
-8.052140115  
24.49030504  
16.25081355  
30.55534026  
96.13618336  
25.02967538  
98.8130056  
-6.142380786  
11.35134041  
32.08835346  
49.69930742  
10.72488367  
80.81639181  
-8.875931647  
39.95313611  
