37.06932766  
88.06699569  
75.74752835  
28.00249705  
32.90417144  
84.35351534  
107.104748  
-79.04877064  
77.44693346  
79.95954061  
58.64100391  
107.1414002  
33.3254683  
37.06932766  
88.06699569  
75.74752835  
28.00249705  
32.90417144  
84.35351534  
107.104748  
-79.04877064  
77.44693346  
79.95954061  
58.64100391  
107.1414002  
33.3254683  
37.06932766  
88.06699569  
75.74752835  
28.00249705  
32.90417144  
84.35351534  
107.104748  
-79.04877064  
77.44693346  
79.95954061  
58.64100391  
107.1414002  
33.3254683  
37.06932766  
88.06699569  
75.74752835  
28.00249705  
32.90417144  
84.35351534  
107.104748  
-79.04877064  
77.44693346  
79.95954061  
58.64100391  
107.1414002  
33.3254683  
