-3.73634123  
57.04139268  
-13.80568575  
79.86858549  
-9.858040137  
-82.5440312  
58.87520122  
-7.116587663  
9.223057466  
-20.13445523  
16.03021943  
-31.45660618  
-3.73634123  
57.04139268  
-13.80568575  
79.86858549  
-9.858040137  
-82.5440312  
58.87520122  
-7.116587663  
9.223057466  
-20.13445523  
16.03021943  
-31.45660618  
-3.73634123  
57.04139268  
-13.80568575  
79.86858549  
-9.858040137  
-82.5440312  
58.87520122  
-7.116587663  
9.223057466  
-20.13445523  
16.03021943  
-31.45660618  
-3.73634123  
57.04139268  
-13.80568575  
79.86858549  
-9.858040137  
-82.5440312  
58.87520122  
-7.116587663  
9.223057466  
-20.13445523  
16.03021943  
-31.45660618  
