2.357270487  
-7.254965548  
20.31048987  
23.57020977  
47.65587602  
23.61429718  
-35.13225404  
-25.96452934  
60.71029103  
-30.21151044  
30.30899193  
2.357270487  
-7.254965548  
20.31048987  
23.57020977  
47.65587602  
23.61429718  
-35.13225404  
-25.96452934  
60.71029103  
-30.21151044  
30.30899193  
2.357270487  
-7.254965548  
20.31048987  
23.57020977  
47.65587602  
23.61429718  
-35.13225404  
-25.96452934  
60.71029103  
-30.21151044  
30.30899193  
2.357270487  
-7.254965548  
20.31048987  
23.57020977  
47.65587602  
23.61429718  
-35.13225404  
-25.96452934  
60.71029103  
-30.21151044  
30.30899193  
