-24.89199448  
68.67372603  
58.57673044  
28.03881587  
41.16297489  
-15.2429332  
66.02809834  
66.01196669  
49.32929368  
26.48054824  
75.757841  
0.1630223499  
24.05938774  
-24.89199448  
68.67372603  
58.57673044  
28.03881587  
41.16297489  
-15.2429332  
66.02809834  
66.01196669  
49.32929368  
26.48054824  
75.757841  
0.1630223499  
24.05938774  
-24.89199448  
68.67372603  
58.57673044  
28.03881587  
41.16297489  
-15.2429332  
66.02809834  
66.01196669  
49.32929368  
26.48054824  
75.757841  
0.1630223499  
24.05938774  
-24.89199448  
68.67372603  
58.57673044  
28.03881587  
41.16297489  
-15.2429332  
66.02809834  
66.01196669  
49.32929368  
26.48054824  
75.757841  
0.1630223499  
24.05938774  
