7.09220307  
-29.6454261  
40.66973484  
-45.50386369  
-116.2839227  
89.45554942  
-174.8101448  
-37.37620005  
-164.9820409  
-6.889967869  
79.50790229  
-191.1609718  
-105.5600204  
113.1706423  
-94.70257421  
7.09220307  
-29.6454261  
40.66973484  
-45.50386369  
-116.2839227  
89.45554942  
-174.8101448  
-37.37620005  
-164.9820409  
-6.889967869  
79.50790229  
-191.1609718  
-105.5600204  
113.1706423  
-94.70257421  
7.09220307  
-29.6454261  
40.66973484  
-45.50386369  
-116.2839227  
89.45554942  
-174.8101448  
-37.37620005  
-164.9820409  
-6.889967869  
79.50790229  
-191.1609718  
-105.5600204  
113.1706423  
-94.70257421  
7.09220307  
-29.6454261  
40.66973484  
-45.50386369  
-116.2839227  
89.45554942  
-174.8101448  
-37.37620005  
-164.9820409  
-6.889967869  
79.50790229  
-191.1609718  
-105.5600204  
113.1706423  
-94.70257421  
