-49.60583627  
-22.97798908  
-25.4619978  
-12.57727844  
1.801910638  
-36.38575991  
-6.292322865  
-69.86769831  
7.718123708  
26.03764148  
-49.62226494  
-9.636503484  
1.602573243  
-7.074150288  
15.20808727  
-49.60583627  
-22.97798908  
-25.4619978  
-12.57727844  
1.801910638  
-36.38575991  
-6.292322865  
-69.86769831  
7.718123708  
26.03764148  
-49.62226494  
-9.636503484  
1.602573243  
-7.074150288  
15.20808727  
-49.60583627  
-22.97798908  
-25.4619978  
-12.57727844  
1.801910638  
-36.38575991  
-6.292322865  
-69.86769831  
7.718123708  
26.03764148  
-49.62226494  
-9.636503484  
1.602573243  
-7.074150288  
15.20808727  
-49.60583627  
-22.97798908  
-25.4619978  
-12.57727844  
1.801910638  
-36.38575991  
-6.292322865  
-69.86769831  
7.718123708  
26.03764148  
-49.62226494  
-9.636503484  
1.602573243  
-7.074150288  
15.20808727  
