-20.60838406  
39.17747734  
94.55976587  
37.67598675  
32.01595789  
10.22062693  
57.4734571  
33.80331707  
42.27273444  
38.61196116  
52.27543457  
3.865521569  
45.07486149  
27.57019238  
-20.60838406  
39.17747734  
94.55976587  
37.67598675  
32.01595789  
10.22062693  
57.4734571  
33.80331707  
42.27273444  
38.61196116  
52.27543457  
3.865521569  
45.07486149  
27.57019238  
-20.60838406  
39.17747734  
94.55976587  
37.67598675  
32.01595789  
10.22062693  
57.4734571  
33.80331707  
42.27273444  
38.61196116  
52.27543457  
3.865521569  
45.07486149  
27.57019238  
-20.60838406  
39.17747734  
94.55976587  
37.67598675  
32.01595789  
10.22062693  
57.4734571  
33.80331707  
42.27273444  
38.61196116  
52.27543457  
3.865521569  
45.07486149  
27.57019238  
