51.2083014  
40.46561845  
-14.71132157  
-47.29710387  
49.06926364  
-46.19387402  
31.33792288  
8.849349264  
-40.5054942  
51.2083014  
40.46561845  
-14.71132157  
-47.29710387  
49.06926364  
-46.19387402  
31.33792288  
8.849349264  
-40.5054942  
51.2083014  
40.46561845  
-14.71132157  
-47.29710387  
49.06926364  
-46.19387402  
31.33792288  
8.849349264  
-40.5054942  
51.2083014  
40.46561845  
-14.71132157  
-47.29710387  
49.06926364  
-46.19387402  
31.33792288  
8.849349264  
-40.5054942  
