-7.523309147  
-94.14000244  
48.73575934  
-80.04000191  
96.36902795  
68.90700995  
9.97062444  
-80.81024391  
47.21959391  
13.88682083  
30.1378531  
-59.66446347  
-7.523309147  
-94.14000244  
48.73575934  
-80.04000191  
96.36902795  
68.90700995  
9.97062444  
-80.81024391  
47.21959391  
13.88682083  
30.1378531  
-59.66446347  
-7.523309147  
-94.14000244  
48.73575934  
-80.04000191  
96.36902795  
68.90700995  
9.97062444  
-80.81024391  
47.21959391  
13.88682083  
30.1378531  
-59.66446347  
-7.523309147  
-94.14000244  
48.73575934  
-80.04000191  
96.36902795  
68.90700995  
9.97062444  
-80.81024391  
47.21959391  
13.88682083  
30.1378531  
-59.66446347  
