87.45657143  
52.97850122  
16.4705249  
60.01516652  
-10.24663723  
27.7516049  
28.21190345  
47.0921327  
6.433545901  
33.8495033  
46.78488506  
41.58822706  
9.741376795  
56.83016396  
43.66022181  
87.45657143  
52.97850122  
16.4705249  
60.01516652  
-10.24663723  
27.7516049  
28.21190345  
47.0921327  
6.433545901  
33.8495033  
46.78488506  
41.58822706  
9.741376795  
56.83016396  
43.66022181  
87.45657143  
52.97850122  
16.4705249  
60.01516652  
-10.24663723  
27.7516049  
28.21190345  
47.0921327  
6.433545901  
33.8495033  
46.78488506  
41.58822706  
9.741376795  
56.83016396  
43.66022181  
87.45657143  
52.97850122  
16.4705249  
60.01516652  
-10.24663723  
27.7516049  
28.21190345  
47.0921327  
6.433545901  
33.8495033  
46.78488506  
41.58822706  
9.741376795  
56.83016396  
43.66022181  
