75.03334107  
33.02738428  
28.69959301  
-5.466472603  
6.971618013  
-9.357006151  
6.54482622  
-1.201296297  
15.76027006  
23.01080941  
66.20192878  
-110.7407748  
2.029162218  
75.03334107  
33.02738428  
28.69959301  
-5.466472603  
6.971618013  
-9.357006151  
6.54482622  
-1.201296297  
15.76027006  
23.01080941  
66.20192878  
-110.7407748  
2.029162218  
75.03334107  
33.02738428  
28.69959301  
-5.466472603  
6.971618013  
-9.357006151  
6.54482622  
-1.201296297  
15.76027006  
23.01080941  
66.20192878  
-110.7407748  
2.029162218  
75.03334107  
33.02738428  
28.69959301  
-5.466472603  
6.971618013  
-9.357006151  
6.54482622  
-1.201296297  
15.76027006  
23.01080941  
66.20192878  
-110.7407748  
2.029162218  
