10.39639925  
30.8897635  
-3.865336677  
11.21265054  
-31.91697045  
0.312638001  
17.07397075  
3.138789902  
21.87298391  
14.16444865  
-26.08218329  
-13.07275899  
10.39639925  
30.8897635  
-3.865336677  
11.21265054  
-31.91697045  
0.312638001  
17.07397075  
3.138789902  
21.87298391  
14.16444865  
-26.08218329  
-13.07275899  
10.39639925  
30.8897635  
-3.865336677  
11.21265054  
-31.91697045  
0.312638001  
17.07397075  
3.138789902  
21.87298391  
14.16444865  
-26.08218329  
-13.07275899  
10.39639925  
30.8897635  
-3.865336677  
11.21265054  
-31.91697045  
0.312638001  
17.07397075  
3.138789902  
21.87298391  
14.16444865  
-26.08218329  
-13.07275899  
