16.2405698  
-18.84339483  
-72.03573949  
6.374932768  
32.92666772  
-30.46258142  
-57.6536908  
-16.44796324  
-76.40035458  
-8.749803773  
58.97741486  
-53.48727277  
-54.36575942  
16.2405698  
-18.84339483  
-72.03573949  
6.374932768  
32.92666772  
-30.46258142  
-57.6536908  
-16.44796324  
-76.40035458  
-8.749803773  
58.97741486  
-53.48727277  
-54.36575942  
16.2405698  
-18.84339483  
-72.03573949  
6.374932768  
32.92666772  
-30.46258142  
-57.6536908  
-16.44796324  
-76.40035458  
-8.749803773  
58.97741486  
-53.48727277  
-54.36575942  
16.2405698  
-18.84339483  
-72.03573949  
6.374932768  
32.92666772  
-30.46258142  
-57.6536908  
-16.44796324  
-76.40035458  
-8.749803773  
58.97741486  
-53.48727277  
-54.36575942  
