25.50431938  
-5.435397813  
22.85120095  
38.03863388  
-13.51265421  
-16.50463011  
12.60797941  
-0.7519817378  
22.97826397  
25.50431938  
-5.435397813  
22.85120095  
38.03863388  
-13.51265421  
-16.50463011  
12.60797941  
-0.7519817378  
22.97826397  
25.50431938  
-5.435397813  
22.85120095  
38.03863388  
-13.51265421  
-16.50463011  
12.60797941  
-0.7519817378  
22.97826397  
25.50431938  
-5.435397813  
22.85120095  
38.03863388  
-13.51265421  
-16.50463011  
12.60797941  
-0.7519817378  
22.97826397  
