4.300014375  
41.7289357  
96.0880455  
5.77174582  
29.14550147  
-24.59395121  
-33.24108903  
-21.71206345  
-46.48704464  
-3.221343119  
66.72557891  
-6.059967774  
51.10097742  
57.41436399  
-43.88344891  
4.300014375  
41.7289357  
96.0880455  
5.77174582  
29.14550147  
-24.59395121  
-33.24108903  
-21.71206345  
-46.48704464  
-3.221343119  
66.72557891  
-6.059967774  
51.10097742  
57.41436399  
-43.88344891  
4.300014375  
41.7289357  
96.0880455  
5.77174582  
29.14550147  
-24.59395121  
-33.24108903  
-21.71206345  
-46.48704464  
-3.221343119  
66.72557891  
-6.059967774  
51.10097742  
57.41436399  
-43.88344891  
4.300014375  
41.7289357  
96.0880455  
5.77174582  
29.14550147  
-24.59395121  
-33.24108903  
-21.71206345  
-46.48704464  
-3.221343119  
66.72557891  
-6.059967774  
51.10097742  
57.41436399  
-43.88344891  
