-131.4014847  
-37.04056337  
23.41383453  
6.280653045  
-16.29769419  
-11.37797765  
-66.37164112  
37.40102708  
20.10485361  
-79.16169765  
-86.59412196  
10.65969101  
57.6880092  
-38.0926228  
-95.93571803  
-5.689545618  
-131.4014847  
-37.04056337  
23.41383453  
6.280653045  
-16.29769419  
-11.37797765  
-66.37164112  
37.40102708  
20.10485361  
-79.16169765  
-86.59412196  
10.65969101  
57.6880092  
-38.0926228  
-95.93571803  
-5.689545618  
-131.4014847  
-37.04056337  
23.41383453  
6.280653045  
-16.29769419  
-11.37797765  
-66.37164112  
37.40102708  
20.10485361  
-79.16169765  
-86.59412196  
10.65969101  
57.6880092  
-38.0926228  
-95.93571803  
-5.689545618  
-131.4014847  
-37.04056337  
23.41383453  
6.280653045  
-16.29769419  
-11.37797765  
-66.37164112  
37.40102708  
20.10485361  
-79.16169765  
-86.59412196  
10.65969101  
57.6880092  
-38.0926228  
-95.93571803  
-5.689545618  
