-3.97918067  
9.733527597  
1.830193605  
-17.42072444  
-49.05462036  
-6.209049598  
-11.39970238  
9.202914533  
20.10264706  
16.64666588  
6.134813217  
-37.59349967  
-16.64459781  
-43.38892509  
-25.13483454  
0.2183022552  
-29.15608395  
-3.97918067  
9.733527597  
1.830193605  
-17.42072444  
-49.05462036  
-6.209049598  
-11.39970238  
9.202914533  
20.10264706  
16.64666588  
6.134813217  
-37.59349967  
-16.64459781  
-43.38892509  
-25.13483454  
0.2183022552  
-29.15608395  
-3.97918067  
9.733527597  
1.830193605  
-17.42072444  
-49.05462036  
-6.209049598  
-11.39970238  
9.202914533  
20.10264706  
16.64666588  
6.134813217  
-37.59349967  
-16.64459781  
-43.38892509  
-25.13483454  
0.2183022552  
-29.15608395  
-3.97918067  
9.733527597  
1.830193605  
-17.42072444  
-49.05462036  
-6.209049598  
-11.39970238  
9.202914533  
20.10264706  
16.64666588  
6.134813217  
-37.59349967  
-16.64459781  
-43.38892509  
-25.13483454  
0.2183022552  
-29.15608395  
