17.40492086  
18.47153575  
-24.46235888  
22.42707612  
23.57615676  
-27.2877242  
19.61239587  
2.146437794  
9.68801442  
56.24202101  
19.32262939  
46.29860045  
-6.061140813  
4.124960256  
42.18196594  
17.40492086  
18.47153575  
-24.46235888  
22.42707612  
23.57615676  
-27.2877242  
19.61239587  
2.146437794  
9.68801442  
56.24202101  
19.32262939  
46.29860045  
-6.061140813  
4.124960256  
42.18196594  
17.40492086  
18.47153575  
-24.46235888  
22.42707612  
23.57615676  
-27.2877242  
19.61239587  
2.146437794  
9.68801442  
56.24202101  
19.32262939  
46.29860045  
-6.061140813  
4.124960256  
42.18196594  
17.40492086  
18.47153575  
-24.46235888  
22.42707612  
23.57615676  
-27.2877242  
19.61239587  
2.146437794  
9.68801442  
56.24202101  
19.32262939  
46.29860045  
-6.061140813  
4.124960256  
42.18196594  
