30.03105038  
-19.92145762  
21.57100843  
-71.70788554  
-22.44376863  
-22.94727579  
-25.62239786  
-32.76164669  
6.71203872  
-31.12416496  
-24.75230439  
-19.27836155  
-19.32908659  
30.03105038  
-19.92145762  
21.57100843  
-71.70788554  
-22.44376863  
-22.94727579  
-25.62239786  
-32.76164669  
6.71203872  
-31.12416496  
-24.75230439  
-19.27836155  
-19.32908659  
30.03105038  
-19.92145762  
21.57100843  
-71.70788554  
-22.44376863  
-22.94727579  
-25.62239786  
-32.76164669  
6.71203872  
-31.12416496  
-24.75230439  
-19.27836155  
-19.32908659  
30.03105038  
-19.92145762  
21.57100843  
-71.70788554  
-22.44376863  
-22.94727579  
-25.62239786  
-32.76164669  
6.71203872  
-31.12416496  
-24.75230439  
-19.27836155  
-19.32908659  
