22.53617143  
25.57039107  
33.32163364  
23.11921544  
3.624889969  
2.996338121  
-12.39428679  
38.93713385  
-2.587186979  
-14.37821799  
42.24879603  
18.84231945  
7.107369106  
0.7996055532  
5.014870637  
22.53617143  
25.57039107  
33.32163364  
23.11921544  
3.624889969  
2.996338121  
-12.39428679  
38.93713385  
-2.587186979  
-14.37821799  
42.24879603  
18.84231945  
7.107369106  
0.7996055532  
5.014870637  
22.53617143  
25.57039107  
33.32163364  
23.11921544  
3.624889969  
2.996338121  
-12.39428679  
38.93713385  
-2.587186979  
-14.37821799  
42.24879603  
18.84231945  
7.107369106  
0.7996055532  
5.014870637  
22.53617143  
25.57039107  
33.32163364  
23.11921544  
3.624889969  
2.996338121  
-12.39428679  
38.93713385  
-2.587186979  
-14.37821799  
42.24879603  
18.84231945  
7.107369106  
0.7996055532  
5.014870637  
