-4.149706195  
134.0721874  
98.94304967  
81.61481996  
183.3799861  
49.1509493  
91.88307049  
89.67322066  
25.92794584  
42.80434671  
96.40379996  
65.46362503  
-4.149706195  
134.0721874  
98.94304967  
81.61481996  
183.3799861  
49.1509493  
91.88307049  
89.67322066  
25.92794584  
42.80434671  
96.40379996  
65.46362503  
-4.149706195  
134.0721874  
98.94304967  
81.61481996  
183.3799861  
49.1509493  
91.88307049  
89.67322066  
25.92794584  
42.80434671  
96.40379996  
65.46362503  
-4.149706195  
134.0721874  
98.94304967  
81.61481996  
183.3799861  
49.1509493  
91.88307049  
89.67322066  
25.92794584  
42.80434671  
96.40379996  
65.46362503  
