60.98577448  
56.93716388  
-45.07078348  
-85.68095616  
-47.63480463  
26.27024421  
-13.72699442  
-26.98262642  
31.71493575  
1.617640807  
-31.96101478  
60.98577448  
56.93716388  
-45.07078348  
-85.68095616  
-47.63480463  
26.27024421  
-13.72699442  
-26.98262642  
31.71493575  
1.617640807  
-31.96101478  
60.98577448  
56.93716388  
-45.07078348  
-85.68095616  
-47.63480463  
26.27024421  
-13.72699442  
-26.98262642  
31.71493575  
1.617640807  
-31.96101478  
60.98577448  
56.93716388  
-45.07078348  
-85.68095616  
-47.63480463  
26.27024421  
-13.72699442  
-26.98262642  
31.71493575  
1.617640807  
-31.96101478  
