73.67835776  
13.64710586  
35.89590768  
19.33987278  
48.23346177  
36.57498263  
36.44576943  
42.71748514  
31.71226419  
63.35617925  
-11.74711113  
21.28414907  
31.46620232  
20.31265299  
12.77389  
9.394019857  
73.67835776  
13.64710586  
35.89590768  
19.33987278  
48.23346177  
36.57498263  
36.44576943  
42.71748514  
31.71226419  
63.35617925  
-11.74711113  
21.28414907  
31.46620232  
20.31265299  
12.77389  
9.394019857  
73.67835776  
13.64710586  
35.89590768  
19.33987278  
48.23346177  
36.57498263  
36.44576943  
42.71748514  
31.71226419  
63.35617925  
-11.74711113  
21.28414907  
31.46620232  
20.31265299  
12.77389  
9.394019857  
73.67835776  
13.64710586  
35.89590768  
19.33987278  
48.23346177  
36.57498263  
36.44576943  
42.71748514  
31.71226419  
63.35617925  
-11.74711113  
21.28414907  
31.46620232  
20.31265299  
12.77389  
9.394019857  
