-23.72347074  
-43.90204969  
28.65750095  
-81.92405752  
-6.912742786  
-7.818682951  
-38.06555476  
-6.984081614  
-21.29910562  
7.25532483  
-30.78384497  
5.094225963  
-25.98618617  
-6.54201532  
-8.543160635  
-23.72347074  
-43.90204969  
28.65750095  
-81.92405752  
-6.912742786  
-7.818682951  
-38.06555476  
-6.984081614  
-21.29910562  
7.25532483  
-30.78384497  
5.094225963  
-25.98618617  
-6.54201532  
-8.543160635  
-23.72347074  
-43.90204969  
28.65750095  
-81.92405752  
-6.912742786  
-7.818682951  
-38.06555476  
-6.984081614  
-21.29910562  
7.25532483  
-30.78384497  
5.094225963  
-25.98618617  
-6.54201532  
-8.543160635  
-23.72347074  
-43.90204969  
28.65750095  
-81.92405752  
-6.912742786  
-7.818682951  
-38.06555476  
-6.984081614  
-21.29910562  
7.25532483  
-30.78384497  
5.094225963  
-25.98618617  
-6.54201532  
-8.543160635  
