-38.87288727  
-3.721154131  
22.6981698  
-25.97412979  
-25.66614444  
11.08253205  
-39.51238295  
-22.55086639  
32.89023114  
-38.87288727  
-3.721154131  
22.6981698  
-25.97412979  
-25.66614444  
11.08253205  
-39.51238295  
-22.55086639  
32.89023114  
-38.87288727  
-3.721154131  
22.6981698  
-25.97412979  
-25.66614444  
11.08253205  
-39.51238295  
-22.55086639  
32.89023114  
-38.87288727  
-3.721154131  
22.6981698  
-25.97412979  
-25.66614444  
11.08253205  
-39.51238295  
-22.55086639  
32.89023114  
