-29.37674902  
26.37697995  
79.48220401  
75.8471019  
34.02249376  
6.875018972  
32.16079974  
60.74452921  
62.09489727  
5.490141688  
46.07212227  
47.40632399  
22.8796844  
105.6720329  
44.83230314  
18.21644659  
6.429282891  
-29.37674902  
26.37697995  
79.48220401  
75.8471019  
34.02249376  
6.875018972  
32.16079974  
60.74452921  
62.09489727  
5.490141688  
46.07212227  
47.40632399  
22.8796844  
105.6720329  
44.83230314  
18.21644659  
6.429282891  
-29.37674902  
26.37697995  
79.48220401  
75.8471019  
34.02249376  
6.875018972  
32.16079974  
60.74452921  
62.09489727  
5.490141688  
46.07212227  
47.40632399  
22.8796844  
105.6720329  
44.83230314  
18.21644659  
6.429282891  
-29.37674902  
26.37697995  
79.48220401  
75.8471019  
34.02249376  
6.875018972  
32.16079974  
60.74452921  
62.09489727  
5.490141688  
46.07212227  
47.40632399  
22.8796844  
105.6720329  
44.83230314  
18.21644659  
6.429282891  
