11.77636727  
-71.77640073  
11.42282678  
-41.41007547  
39.60798307  
-71.73195215  
-20.89800491  
-46.03637167  
55.67469728  
11.77636727  
-71.77640073  
11.42282678  
-41.41007547  
39.60798307  
-71.73195215  
-20.89800491  
-46.03637167  
55.67469728  
11.77636727  
-71.77640073  
11.42282678  
-41.41007547  
39.60798307  
-71.73195215  
-20.89800491  
-46.03637167  
55.67469728  
11.77636727  
-71.77640073  
11.42282678  
-41.41007547  
39.60798307  
-71.73195215  
-20.89800491  
-46.03637167  
55.67469728  
