-56.64450859  
-52.85633207  
-35.71336128  
-27.94858148  
-131.2705708  
-78.46256257  
-11.39015612  
-182.0792682  
95.31122917  
-2.764880697  
-329.639788  
-73.78570532  
-35.74110475  
47.69775205  
-64.08849475  
-42.02911996  
-56.64450859  
-52.85633207  
-35.71336128  
-27.94858148  
-131.2705708  
-78.46256257  
-11.39015612  
-182.0792682  
95.31122917  
-2.764880697  
-329.639788  
-73.78570532  
-35.74110475  
47.69775205  
-64.08849475  
-42.02911996  
-56.64450859  
-52.85633207  
-35.71336128  
-27.94858148  
-131.2705708  
-78.46256257  
-11.39015612  
-182.0792682  
95.31122917  
-2.764880697  
-329.639788  
-73.78570532  
-35.74110475  
47.69775205  
-64.08849475  
-42.02911996  
-56.64450859  
-52.85633207  
-35.71336128  
-27.94858148  
-131.2705708  
-78.46256257  
-11.39015612  
-182.0792682  
95.31122917  
-2.764880697  
-329.639788  
-73.78570532  
-35.74110475  
47.69775205  
-64.08849475  
-42.02911996  
