65.02811358  
15.04337074  
-22.99669276  
58.26012284  
85.17591595  
43.33055977  
0.4645149702  
28.36489578  
175.2394324  
34.18678858  
139.0018344  
65.02811358  
15.04337074  
-22.99669276  
58.26012284  
85.17591595  
43.33055977  
0.4645149702  
28.36489578  
175.2394324  
34.18678858  
139.0018344  
65.02811358  
15.04337074  
-22.99669276  
58.26012284  
85.17591595  
43.33055977  
0.4645149702  
28.36489578  
175.2394324  
34.18678858  
139.0018344  
65.02811358  
15.04337074  
-22.99669276  
58.26012284  
85.17591595  
43.33055977  
0.4645149702  
28.36489578  
175.2394324  
34.18678858  
139.0018344  
