7.823724364  
62.55646761  
41.60511562  
25.92334456  
47.55172701  
98.2637837  
59.15587796  
55.47961822  
-11.76177643  
-8.520593324  
14.4375177  
65.55418573  
76.74340561  
53.68498262  
30.1364104  
30.82580991  
69.63961402  
76.38025408  
62.72341831  
83.15852247  
7.823724364  
62.55646761  
41.60511562  
25.92334456  
47.55172701  
98.2637837  
59.15587796  
55.47961822  
-11.76177643  
-8.520593324  
14.4375177  
65.55418573  
76.74340561  
53.68498262  
30.1364104  
30.82580991  
69.63961402  
76.38025408  
62.72341831  
83.15852247  
7.823724364  
62.55646761  
41.60511562  
25.92334456  
47.55172701  
98.2637837  
59.15587796  
55.47961822  
-11.76177643  
-8.520593324  
14.4375177  
65.55418573  
76.74340561  
53.68498262  
30.1364104  
30.82580991  
69.63961402  
76.38025408  
62.72341831  
83.15852247  
7.823724364  
62.55646761  
41.60511562  
25.92334456  
47.55172701  
98.2637837  
59.15587796  
55.47961822  
-11.76177643  
-8.520593324  
14.4375177  
65.55418573  
76.74340561  
53.68498262  
30.1364104  
30.82580991  
69.63961402  
76.38025408  
62.72341831  
83.15852247  
