-72.91669984  
18.37248521  
77.84994881  
19.67712089  
24.57354746  
31.13310979  
44.637887  
-54.86144196  
72.38906142  
42.68980762  
-20.78349975  
29.48408862  
22.46490035  
-72.91669984  
18.37248521  
77.84994881  
19.67712089  
24.57354746  
31.13310979  
44.637887  
-54.86144196  
72.38906142  
42.68980762  
-20.78349975  
29.48408862  
22.46490035  
-72.91669984  
18.37248521  
77.84994881  
19.67712089  
24.57354746  
31.13310979  
44.637887  
-54.86144196  
72.38906142  
42.68980762  
-20.78349975  
29.48408862  
22.46490035  
-72.91669984  
18.37248521  
77.84994881  
19.67712089  
24.57354746  
31.13310979  
44.637887  
-54.86144196  
72.38906142  
42.68980762  
-20.78349975  
29.48408862  
22.46490035  
