-46.57404906  
-43.37941201  
-6.312200287  
-80.95729602  
24.64083771  
-48.8909246  
-54.22975012  
-1.244739675  
-7.504847958  
-17.34190348  
43.40632095  
-18.21626096  
-46.57404906  
-43.37941201  
-6.312200287  
-80.95729602  
24.64083771  
-48.8909246  
-54.22975012  
-1.244739675  
-7.504847958  
-17.34190348  
43.40632095  
-18.21626096  
-46.57404906  
-43.37941201  
-6.312200287  
-80.95729602  
24.64083771  
-48.8909246  
-54.22975012  
-1.244739675  
-7.504847958  
-17.34190348  
43.40632095  
-18.21626096  
-46.57404906  
-43.37941201  
-6.312200287  
-80.95729602  
24.64083771  
-48.8909246  
-54.22975012  
-1.244739675  
-7.504847958  
-17.34190348  
43.40632095  
-18.21626096  
