-9.794813862  
5.644352271  
3.68401184  
-63.44880282  
42.64754449  
-31.89470593  
-0.3599008502  
0.7109892539  
-26.20849747  
-10.35852351  
-5.153028792  
57.82485682  
-9.794813862  
5.644352271  
3.68401184  
-63.44880282  
42.64754449  
-31.89470593  
-0.3599008502  
0.7109892539  
-26.20849747  
-10.35852351  
-5.153028792  
57.82485682  
-9.794813862  
5.644352271  
3.68401184  
-63.44880282  
42.64754449  
-31.89470593  
-0.3599008502  
0.7109892539  
-26.20849747  
-10.35852351  
-5.153028792  
57.82485682  
-9.794813862  
5.644352271  
3.68401184  
-63.44880282  
42.64754449  
-31.89470593  
-0.3599008502  
0.7109892539  
-26.20849747  
-10.35852351  
-5.153028792  
57.82485682  
