12.10346787  
11.72437821  
43.22622773  
32.37507924  
-32.85148662  
26.16253425  
30.77583019  
-5.653548042  
57.91871574  
12.10346787  
11.72437821  
43.22622773  
32.37507924  
-32.85148662  
26.16253425  
30.77583019  
-5.653548042  
57.91871574  
12.10346787  
11.72437821  
43.22622773  
32.37507924  
-32.85148662  
26.16253425  
30.77583019  
-5.653548042  
57.91871574  
12.10346787  
11.72437821  
43.22622773  
32.37507924  
-32.85148662  
26.16253425  
30.77583019  
-5.653548042  
57.91871574  
