92.65224009  
30.78044276  
94.88073406  
130.689724  
116.5988433  
123.4134795  
216.5498732  
90.3838419  
100.2833291  
-48.77108272  
-23.2855435  
124.9952625  
92.65224009  
30.78044276  
94.88073406  
130.689724  
116.5988433  
123.4134795  
216.5498732  
90.3838419  
100.2833291  
-48.77108272  
-23.2855435  
124.9952625  
92.65224009  
30.78044276  
94.88073406  
130.689724  
116.5988433  
123.4134795  
216.5498732  
90.3838419  
100.2833291  
-48.77108272  
-23.2855435  
124.9952625  
92.65224009  
30.78044276  
94.88073406  
130.689724  
116.5988433  
123.4134795  
216.5498732  
90.3838419  
100.2833291  
-48.77108272  
-23.2855435  
124.9952625  
