-59.74592456  
24.82840267  
77.79180174  
-82.93040396  
51.70299725  
21.42438095  
35.0402062  
26.11628927  
30.69647312  
14.52709554  
14.30126232  
4.768398482  
-48.85773889  
6.133468196  
18.71305587  
-59.74592456  
24.82840267  
77.79180174  
-82.93040396  
51.70299725  
21.42438095  
35.0402062  
26.11628927  
30.69647312  
14.52709554  
14.30126232  
4.768398482  
-48.85773889  
6.133468196  
18.71305587  
-59.74592456  
24.82840267  
77.79180174  
-82.93040396  
51.70299725  
21.42438095  
35.0402062  
26.11628927  
30.69647312  
14.52709554  
14.30126232  
4.768398482  
-48.85773889  
6.133468196  
18.71305587  
-59.74592456  
24.82840267  
77.79180174  
-82.93040396  
51.70299725  
21.42438095  
35.0402062  
26.11628927  
30.69647312  
14.52709554  
14.30126232  
4.768398482  
-48.85773889  
6.133468196  
18.71305587  
