-23.43044221  
11.81339383  
-13.2667131  
12.79624278  
-17.23941909  
9.720410179  
7.000737767  
-7.912539668  
11.41306293  
19.31996013  
-22.53439102  
17.18761958  
9.132526174  
-5.400907047  
-4.382763271  
10.0585954  
-11.49481536  
-23.43044221  
11.81339383  
-13.2667131  
12.79624278  
-17.23941909  
9.720410179  
7.000737767  
-7.912539668  
11.41306293  
19.31996013  
-22.53439102  
17.18761958  
9.132526174  
-5.400907047  
-4.382763271  
10.0585954  
-11.49481536  
-23.43044221  
11.81339383  
-13.2667131  
12.79624278  
-17.23941909  
9.720410179  
7.000737767  
-7.912539668  
11.41306293  
19.31996013  
-22.53439102  
17.18761958  
9.132526174  
-5.400907047  
-4.382763271  
10.0585954  
-11.49481536  
-23.43044221  
11.81339383  
-13.2667131  
12.79624278  
-17.23941909  
9.720410179  
7.000737767  
-7.912539668  
11.41306293  
19.31996013  
-22.53439102  
17.18761958  
9.132526174  
-5.400907047  
-4.382763271  
10.0585954  
-11.49481536  
