-9.543529218  
-15.35937255  
-30.77124058  
-75.96710609  
-28.85644609  
4.157400351  
-26.44309221  
-55.38423527  
-16.15621865  
-10.15350675  
-36.04215777  
16.26292958  
-106.8519398  
-9.543529218  
-15.35937255  
-30.77124058  
-75.96710609  
-28.85644609  
4.157400351  
-26.44309221  
-55.38423527  
-16.15621865  
-10.15350675  
-36.04215777  
16.26292958  
-106.8519398  
-9.543529218  
-15.35937255  
-30.77124058  
-75.96710609  
-28.85644609  
4.157400351  
-26.44309221  
-55.38423527  
-16.15621865  
-10.15350675  
-36.04215777  
16.26292958  
-106.8519398  
-9.543529218  
-15.35937255  
-30.77124058  
-75.96710609  
-28.85644609  
4.157400351  
-26.44309221  
-55.38423527  
-16.15621865  
-10.15350675  
-36.04215777  
16.26292958  
-106.8519398  
