-47.73262899  
-8.461373148  
62.6644472  
-22.67793699  
-34.42345937  
-38.16713426  
16.16488575  
-3.626579387  
62.9321837  
25.638654  
13.22501048  
64.0010073  
-16.46010575  
-47.73262899  
-8.461373148  
62.6644472  
-22.67793699  
-34.42345937  
-38.16713426  
16.16488575  
-3.626579387  
62.9321837  
25.638654  
13.22501048  
64.0010073  
-16.46010575  
-47.73262899  
-8.461373148  
62.6644472  
-22.67793699  
-34.42345937  
-38.16713426  
16.16488575  
-3.626579387  
62.9321837  
25.638654  
13.22501048  
64.0010073  
-16.46010575  
-47.73262899  
-8.461373148  
62.6644472  
-22.67793699  
-34.42345937  
-38.16713426  
16.16488575  
-3.626579387  
62.9321837  
25.638654  
13.22501048  
64.0010073  
-16.46010575  
