-3.033801804  
-39.25833554  
39.29433148  
-19.01403823  
71.13066525  
72.43779176  
28.16259687  
-31.81736341  
69.94026792  
-5.67442147  
9.146688043  
-1.581304361  
-3.033801804  
-39.25833554  
39.29433148  
-19.01403823  
71.13066525  
72.43779176  
28.16259687  
-31.81736341  
69.94026792  
-5.67442147  
9.146688043  
-1.581304361  
-3.033801804  
-39.25833554  
39.29433148  
-19.01403823  
71.13066525  
72.43779176  
28.16259687  
-31.81736341  
69.94026792  
-5.67442147  
9.146688043  
-1.581304361  
-3.033801804  
-39.25833554  
39.29433148  
-19.01403823  
71.13066525  
72.43779176  
28.16259687  
-31.81736341  
69.94026792  
-5.67442147  
9.146688043  
-1.581304361  
