-19.6319533  
-17.13301859  
-8.676038434  
-18.5518838  
-2.065922422  
9.327580364  
-59.53550147  
14.2285386  
-17.57335458  
13.37082154  
-30.25730831  
-4.690374827  
-6.905332194  
-19.6319533  
-17.13301859  
-8.676038434  
-18.5518838  
-2.065922422  
9.327580364  
-59.53550147  
14.2285386  
-17.57335458  
13.37082154  
-30.25730831  
-4.690374827  
-6.905332194  
-19.6319533  
-17.13301859  
-8.676038434  
-18.5518838  
-2.065922422  
9.327580364  
-59.53550147  
14.2285386  
-17.57335458  
13.37082154  
-30.25730831  
-4.690374827  
-6.905332194  
-19.6319533  
-17.13301859  
-8.676038434  
-18.5518838  
-2.065922422  
9.327580364  
-59.53550147  
14.2285386  
-17.57335458  
13.37082154  
-30.25730831  
-4.690374827  
-6.905332194  
