-21.3461459  
-99.60353823  
-141.2214606  
-27.54920732  
-58.64755563  
53.92220354  
-216.1928144  
-68.85676105  
-51.45032521  
-111.3980737  
-68.30752738  
-21.3461459  
-99.60353823  
-141.2214606  
-27.54920732  
-58.64755563  
53.92220354  
-216.1928144  
-68.85676105  
-51.45032521  
-111.3980737  
-68.30752738  
-21.3461459  
-99.60353823  
-141.2214606  
-27.54920732  
-58.64755563  
53.92220354  
-216.1928144  
-68.85676105  
-51.45032521  
-111.3980737  
-68.30752738  
-21.3461459  
-99.60353823  
-141.2214606  
-27.54920732  
-58.64755563  
53.92220354  
-216.1928144  
-68.85676105  
-51.45032521  
-111.3980737  
-68.30752738  
