87.4439822  
50.70921492  
-4.394389449  
-60.57372255  
71.85567435  
-68.09741514  
64.07176183  
32.75066845  
-15.16406326  
87.4439822  
50.70921492  
-4.394389449  
-60.57372255  
71.85567435  
-68.09741514  
64.07176183  
32.75066845  
-15.16406326  
87.4439822  
50.70921492  
-4.394389449  
-60.57372255  
71.85567435  
-68.09741514  
64.07176183  
32.75066845  
-15.16406326  
87.4439822  
50.70921492  
-4.394389449  
-60.57372255  
71.85567435  
-68.09741514  
64.07176183  
32.75066845  
-15.16406326  
