-19.72764788  
27.58570701  
28.91091106  
13.99392461  
33.62728935  
11.74095371  
-44.52041907  
2.005006187  
23.24739779  
-20.68515416  
-0.86742962  
-19.72764788  
27.58570701  
28.91091106  
13.99392461  
33.62728935  
11.74095371  
-44.52041907  
2.005006187  
23.24739779  
-20.68515416  
-0.86742962  
-19.72764788  
27.58570701  
28.91091106  
13.99392461  
33.62728935  
11.74095371  
-44.52041907  
2.005006187  
23.24739779  
-20.68515416  
-0.86742962  
-19.72764788  
27.58570701  
28.91091106  
13.99392461  
33.62728935  
11.74095371  
-44.52041907  
2.005006187  
23.24739779  
-20.68515416  
-0.86742962  
