94.78835045  
165.5979875  
163.0456972  
137.1010163  
26.58366978  
194.5608169  
192.1025922  
184.7438223  
83.07132625  
168.2491833  
135.536727  
182.1676389  
127.7152374  
168.1426481  
164.4633517  
61.44942312  
207.9521132  
94.78835045  
165.5979875  
163.0456972  
137.1010163  
26.58366978  
194.5608169  
192.1025922  
184.7438223  
83.07132625  
168.2491833  
135.536727  
182.1676389  
127.7152374  
168.1426481  
164.4633517  
61.44942312  
207.9521132  
94.78835045  
165.5979875  
163.0456972  
137.1010163  
26.58366978  
194.5608169  
192.1025922  
184.7438223  
83.07132625  
168.2491833  
135.536727  
182.1676389  
127.7152374  
168.1426481  
164.4633517  
61.44942312  
207.9521132  
94.78835045  
165.5979875  
163.0456972  
137.1010163  
26.58366978  
194.5608169  
192.1025922  
184.7438223  
83.07132625  
168.2491833  
135.536727  
182.1676389  
127.7152374  
168.1426481  
164.4633517  
61.44942312  
207.9521132  
