67.78636533  
28.81330646  
36.06496608  
36.67535398  
56.04138536  
35.13202776  
38.11281203  
54.05831187  
10.38184362  
55.64917247  
17.17172609  
46.07847487  
47.5349388  
12.43080018  
-6.401664605  
23.71748687  
67.78636533  
28.81330646  
36.06496608  
36.67535398  
56.04138536  
35.13202776  
38.11281203  
54.05831187  
10.38184362  
55.64917247  
17.17172609  
46.07847487  
47.5349388  
12.43080018  
-6.401664605  
23.71748687  
67.78636533  
28.81330646  
36.06496608  
36.67535398  
56.04138536  
35.13202776  
38.11281203  
54.05831187  
10.38184362  
55.64917247  
17.17172609  
46.07847487  
47.5349388  
12.43080018  
-6.401664605  
23.71748687  
67.78636533  
28.81330646  
36.06496608  
36.67535398  
56.04138536  
35.13202776  
38.11281203  
54.05831187  
10.38184362  
55.64917247  
17.17172609  
46.07847487  
47.5349388  
12.43080018  
-6.401664605  
23.71748687  
