-30.05861106  
-16.58067624  
-10.15224864  
1.176515619  
-1.316897179  
1.022210874  
-16.24829726  
32.17767837  
17.85844701  
42.50847619  
19.89331569  
1.438670917  
34.16001149  
73.42342129  
-30.05861106  
-16.58067624  
-10.15224864  
1.176515619  
-1.316897179  
1.022210874  
-16.24829726  
32.17767837  
17.85844701  
42.50847619  
19.89331569  
1.438670917  
34.16001149  
73.42342129  
-30.05861106  
-16.58067624  
-10.15224864  
1.176515619  
-1.316897179  
1.022210874  
-16.24829726  
32.17767837  
17.85844701  
42.50847619  
19.89331569  
1.438670917  
34.16001149  
73.42342129  
-30.05861106  
-16.58067624  
-10.15224864  
1.176515619  
-1.316897179  
1.022210874  
-16.24829726  
32.17767837  
17.85844701  
42.50847619  
19.89331569  
1.438670917  
34.16001149  
73.42342129  
