-13.29055256  
-4.061357662  
37.53481437  
18.22559936  
-4.356624624  
2.086041913  
-20.26543049  
-7.114413131  
-22.48679971  
1.645372358  
75.1555757  
-31.09467318  
46.26303229  
20.1846452  
-22.76596687  
-13.29055256  
-4.061357662  
37.53481437  
18.22559936  
-4.356624624  
2.086041913  
-20.26543049  
-7.114413131  
-22.48679971  
1.645372358  
75.1555757  
-31.09467318  
46.26303229  
20.1846452  
-22.76596687  
-13.29055256  
-4.061357662  
37.53481437  
18.22559936  
-4.356624624  
2.086041913  
-20.26543049  
-7.114413131  
-22.48679971  
1.645372358  
75.1555757  
-31.09467318  
46.26303229  
20.1846452  
-22.76596687  
-13.29055256  
-4.061357662  
37.53481437  
18.22559936  
-4.356624624  
2.086041913  
-20.26543049  
-7.114413131  
-22.48679971  
1.645372358  
75.1555757  
-31.09467318  
46.26303229  
20.1846452  
-22.76596687  
