9.878557063  
22.70582487  
-6.309724916  
45.73992283  
34.72051745  
-3.629724811  
46.82606514  
-5.775447224  
48.58805384  
31.1321589  
-1.886570946  
9.878557063  
22.70582487  
-6.309724916  
45.73992283  
34.72051745  
-3.629724811  
46.82606514  
-5.775447224  
48.58805384  
31.1321589  
-1.886570946  
9.878557063  
22.70582487  
-6.309724916  
45.73992283  
34.72051745  
-3.629724811  
46.82606514  
-5.775447224  
48.58805384  
31.1321589  
-1.886570946  
9.878557063  
22.70582487  
-6.309724916  
45.73992283  
34.72051745  
-3.629724811  
46.82606514  
-5.775447224  
48.58805384  
31.1321589  
-1.886570946  
