36.02896636  
29.92096054  
-2.952731061  
30.07420876  
13.23707126  
22.60932031  
-1.032015806  
-0.3841317683  
32.53740346  
10.10741409  
16.39564091  
36.02896636  
29.92096054  
-2.952731061  
30.07420876  
13.23707126  
22.60932031  
-1.032015806  
-0.3841317683  
32.53740346  
10.10741409  
16.39564091  
36.02896636  
29.92096054  
-2.952731061  
30.07420876  
13.23707126  
22.60932031  
-1.032015806  
-0.3841317683  
32.53740346  
10.10741409  
16.39564091  
36.02896636  
29.92096054  
-2.952731061  
30.07420876  
13.23707126  
22.60932031  
-1.032015806  
-0.3841317683  
32.53740346  
10.10741409  
16.39564091  
