-50.23521317  
-1.869464808  
22.82128727  
-8.470191699  
-80.01428036  
-58.93258475  
57.79390256  
-51.77447162  
10.48471267  
27.50841894  
-65.62528086  
-34.4495829  
-50.23521317  
-1.869464808  
22.82128727  
-8.470191699  
-80.01428036  
-58.93258475  
57.79390256  
-51.77447162  
10.48471267  
27.50841894  
-65.62528086  
-34.4495829  
-50.23521317  
-1.869464808  
22.82128727  
-8.470191699  
-80.01428036  
-58.93258475  
57.79390256  
-51.77447162  
10.48471267  
27.50841894  
-65.62528086  
-34.4495829  
-50.23521317  
-1.869464808  
22.82128727  
-8.470191699  
-80.01428036  
-58.93258475  
57.79390256  
-51.77447162  
10.48471267  
27.50841894  
-65.62528086  
-34.4495829  
