-62.81841798  
-48.58458205  
0.6355424144  
-65.87846933  
-49.32449524  
-34.10139828  
-22.54410785  
-27.18770236  
-15.01668891  
-25.84134566  
-9.629991926  
-10.91606025  
2.989865196  
31.18897789  
-62.81841798  
-48.58458205  
0.6355424144  
-65.87846933  
-49.32449524  
-34.10139828  
-22.54410785  
-27.18770236  
-15.01668891  
-25.84134566  
-9.629991926  
-10.91606025  
2.989865196  
31.18897789  
-62.81841798  
-48.58458205  
0.6355424144  
-65.87846933  
-49.32449524  
-34.10139828  
-22.54410785  
-27.18770236  
-15.01668891  
-25.84134566  
-9.629991926  
-10.91606025  
2.989865196  
31.18897789  
-62.81841798  
-48.58458205  
0.6355424144  
-65.87846933  
-49.32449524  
-34.10139828  
-22.54410785  
-27.18770236  
-15.01668891  
-25.84134566  
-9.629991926  
-10.91606025  
2.989865196  
31.18897789  
