49.49275292  
33.81829097  
29.5312351  
-2.291113605  
32.41702539  
50.01127394  
19.83832418  
65.45338497  
23.2822226  
-24.91851627  
73.86558525  
21.64277248  
26.06258327  
69.11825813  
33.30658683  
49.49275292  
33.81829097  
29.5312351  
-2.291113605  
32.41702539  
50.01127394  
19.83832418  
65.45338497  
23.2822226  
-24.91851627  
73.86558525  
21.64277248  
26.06258327  
69.11825813  
33.30658683  
49.49275292  
33.81829097  
29.5312351  
-2.291113605  
32.41702539  
50.01127394  
19.83832418  
65.45338497  
23.2822226  
-24.91851627  
73.86558525  
21.64277248  
26.06258327  
69.11825813  
33.30658683  
49.49275292  
33.81829097  
29.5312351  
-2.291113605  
32.41702539  
50.01127394  
19.83832418  
65.45338497  
23.2822226  
-24.91851627  
73.86558525  
21.64277248  
26.06258327  
69.11825813  
33.30658683  
