-32.08493904  
-22.26880071  
55.7039093  
38.71613942  
73.04015243  
26.34168149  
76.33865018  
49.0664961  
30.06250808  
24.94717836  
51.43346077  
-31.01097828  
10.7797537  
-32.08493904  
-22.26880071  
55.7039093  
38.71613942  
73.04015243  
26.34168149  
76.33865018  
49.0664961  
30.06250808  
24.94717836  
51.43346077  
-31.01097828  
10.7797537  
-32.08493904  
-22.26880071  
55.7039093  
38.71613942  
73.04015243  
26.34168149  
76.33865018  
49.0664961  
30.06250808  
24.94717836  
51.43346077  
-31.01097828  
10.7797537  
-32.08493904  
-22.26880071  
55.7039093  
38.71613942  
73.04015243  
26.34168149  
76.33865018  
49.0664961  
30.06250808  
24.94717836  
51.43346077  
-31.01097828  
10.7797537  
