13.96415155  
40.81725199  
5.744595481  
-1.26037085  
42.98628858  
90.59837614  
-1.110059848  
18.69083526  
-18.19859208  
6.991035759  
-11.32490511  
13.96415155  
40.81725199  
5.744595481  
-1.26037085  
42.98628858  
90.59837614  
-1.110059848  
18.69083526  
-18.19859208  
6.991035759  
-11.32490511  
13.96415155  
40.81725199  
5.744595481  
-1.26037085  
42.98628858  
90.59837614  
-1.110059848  
18.69083526  
-18.19859208  
6.991035759  
-11.32490511  
13.96415155  
40.81725199  
5.744595481  
-1.26037085  
42.98628858  
90.59837614  
-1.110059848  
18.69083526  
-18.19859208  
6.991035759  
-11.32490511  
