17.24195862	58.8302536	54.40467453	71.14308167	50.86351395	10.55358028	182.1841583	30.06908417	45.0708046	46.54352951	45.54460144	15.58906555	19.59556007	25.62400246	108.6053009	35.16410446	114.6365967	96.20653534	62.71561432	-3.682896852	66.72570038	6.8760313989999995	41.29765701	44.08052063	59.79553223	57.19255066	123.9386368
-36.73507309	27.0280304	7.396956921	-53.15267563	115.3779449	27.95898247	-58.39675522	29.93478775	14.03063202	-26.59251976	71.91360474	59.5218811	36.19501877	29.91090775	-40.32801819	1.924021721	10.70690536	-80.30060577	-10.90549564	-61.62158966	-62.193367	13.93642139	-20.06412315	-6.858973503	25.82037544	-93.02183533	-25.62794876
7.1352634429999995	-62.66046524	-15.32326508	-45.24259949	-19.38459587	-14.98303699	-18.25075531	-20.32675171	-13.32859421	-14.53599072	-100.025589	-121.13024899999999	-49.63294983	-114.8615112	-5.70172739	23.96705818	-132.1789856	-136.343277	-70.90313721	-50.25871658	26.93593788	-64.81990814	-34.57888412	3.0440506939999996	-40.44123459	-71.43105316	-11.45860577
12.86688042	21.07336807	-25.57965088	-85.96844482	-57.22320175	-89.00899506	2.060000896	40.20083237	-43.68232346	-4.159619808	-5.788873672	-34.87908554	-21.78555489	-55.02951813	-0.4798149467	9.729036331	-51.23175812	-32.64968491	78.62481689	-61.78749847	83.34597778	-16.41997337	-32.68831635	-38.47662354	58.92486191	-8.220311165	0.6017010808
8.208587646	-16.628685	-44.58983231	-30.94122314	-60.31592560000001	-2.5077300069999997	-14.81921959	-36.27799988	12.80481148	36.54597855	-25.25746918	-82.05225372	-26.18002319	-26.56549454	-65.93688965	-63.93589783	-11.91896057	20.10037422	34.40123749	7.379540443	32.83525085	-40.28689575	-25.49418831	-32.84457397	-18.84148407	-109.52441409999999	-33.00125122
95.02848053	79.38765717	84.98205566	37.76278687	26.56190681	6.293329239	101.99510190000001	28.32279968	13.73792648	5.6882028579999995	70.24325562	94.53524017	28.96579742	175.7178497	-4.56695509	0.1385159791	115.87464140000002	35.89664841	-49.64807892	-33.34783936	34.55759811	-20.88961792	17.18280792	68.75315094	61.09645462	-67.94219971	6.054906367999999
205.30941769999998	-56.28833389	60.25451279	74.99114227	-26.66955948	-14.14904118	-56.0812912	-16.46882057	-40.98474503	-63.55589294	-72.78517151	-112.56307220000001	-3.903431416	-79.04273224	133.21627809999998	-12.93161392	-45.15499496	8.747060776	98.06699371	-66.63905334	-5.8765592579999995	4.933601379	-70.57386017	-56.35770416	-9.703662872	52.69623566	46.78589249
10.74419308	-19.70214844	125.35676570000001	-18.43317604	-5.991327286000001	-24.64823151	-0.2575372159	20.9354763	34.67787552	36.13164139	-63.59727859	-55.13640594	-14.63535309	70.81041718	23.48773384	20.217218399999997	75.72926331	7.409994125	78.66584778	-29.10169411	5.666361332	-19.84015846	-34.83588791	5.574365139	-2.5927622319999997	45.76916122	-1.594490886
117.69713590000002	15.79533577	23.46104431	8.465494156	-83.70340729	-107.1972351	18.42430878	-23.69754219	-52.31507874	-84.14494324	-7.832684517000001	-56.02030945	-34.30849457	-130.7319183	-9.185189247	11.55744743	-75.48548889	-144.7531738	111.8871002	-91.67899323	-74.98293304	-28.71311188	-7.5109796520000005	-28.19808006	17.6448555	-92.24042511	-57.75939178
-61.17641449	27.29706192	63.96842957	43.09228516	63.23252106	59.68554688	-43.09704208	28.84428596	61.71353912	9.452713013	99.67585754	102.3620377	27.31023788	217.1053619	5.512877941	10.2862587	251.0400543	158.1839294	50.58995056	123.12541200000001	-20.21702003	19.65672493	18.34132957	51.21454239	40.2195549	-15.693159099999999	89.86980438
31.38543129	86.16464996	176.1241608	138.94268799999998	56.43494034	22.44468117	153.4617767	70.16594696	41.72054291	80.40898895	30.19645882	13.15848827	6.382316113	0.20024579760000003	33.83863449	29.78916931	256.0608215	169.63235469999998	81.86334991	79.12226105	58.23056793	29.77973557	60.18637466	17.9122448	55.18300629	-1.392424226	62.12308502
147.3050995	39.40465927	59.5918045	66.78774261	-59.92348099	28.38144302	90.14668274	33.31807327	-22.37376213	-24.67299271	2.688981295	-28.35483551	35.93479919	-1.659289837	19.95568275	11.67435074	12.74148273	40.69108963	-23.91425323	-22.70866203	13.93030643	3.2572526930000003	49.8823967	23.88752365	-18.25515175	-20.81770897	6.700311661000001
18.50805473	8.676332474	54.80199814	-12.74485779	91.26786804	5.322419167	43.7759285	71.11388397	63.52683639999999	103.1053619	134.1777344	46.36536789	15.77376175	120.31261440000002	38.24097443	20.73706818	94.64168549	4.148993969	42.89304733	-23.74632835	-4.331377983	18.15020943	56.30606842	60.89236832	104.9783783	1.066226006	29.78086281
-56.74620819	2.15394783	-115.0412979	-103.1871567	-34.70953369	-134.392807	-82.82849121	-136.6438751	-60.88966751	-8.778553009	-96.10105133	-131.6724091	-39.94350815	-11.59722805	-79.23414612	-10.09301758	-227.7380981	-193.90463259999999	36.0737114	-58.47711563	-4.657289028	-58.11790085	-112.55498500000002	-21.84181786	-6.345122814	-79.13631439	-96.98168182
-108.5118713	-19.92240334	55.45401764	57.94296646	52.696376799999996	-2.471892595	-76.06642914	16.16714478	72.98722076	71.55523682	163.35261540000002	88.09748077	67.6593399	61.09155273	29.36527252	79.87849426	235.39212039999998	105.24900819999999	10.83503723	-114.34091950000001	-65.96734619	40.27610016	150.9263916	32.25224304	76.91901398	-98.30075836	61.27828598
-77.94171143	44.11913681	101.3089981	11.62225246	41.57529831	83.27823639	-103.6311111	23.72635078	3.121106863	-3.0725579260000004	113.28052520000001	54.14848709	18.8636055	43.20331955	57.13904953	-12.80137062	205.8288574	23.596551899999998	176.0658569	-29.33382416	-108.8769379	-10.71138382	21.25081444	1.128291011	14.81794643	-5.4277825360000005	58.07344818
118.51060490000002	-27.58406639	32.32019043	88.28007507	-18.45095825	6.05274725	-86.38425446	-96.44269562	-2.3690292840000002	-41.90343094	7.507285595	-72.31108093	39.21730423	-30.02723885	-56.38859558	40.53350449	114.61664579999999	5.328039646000001	43.49687576	11.98144913	0.1928870827	-14.55734444	-5.015579224	13.65974712	-16.27754402	-31.589155199999997	-74.30768585
-18.73641205	50.84935379	61.39328384	61.31735611	109.42572779999999	-30.05639076	33.68606949	126.1191254	25.68525696	21.25147438	76.12810516	-43.01282883	-5.89047575	-50.16981125	201.41348269999997	58.72796631	138.35162350000002	81.96885681	91.3062973	105.2274017	-22.59296227	34.48766708	-78.02065277	-31.97691536	16.74250984	87.15869904	70.40953827
-174.8899994	-37.4982338	-20.87338448	26.23964882	-9.38498497	-39.99412155	-149.6073456	-88.91932678	-36.43866729999999	16.78483391	-13.71297264	-72.70022583	-39.4862442	-72.63407898	-61.20138931	-3.5414857860000004	38.27531815	7.231306076	137.57551569999998	27.94915009	-120.89090729999998	-37.71910477	-9.146907806	-52.30033875	-5.125499249	-42.57177734	6.3701357839999995
-30.36898041	-94.63863373	71.62526703	47.70423508	-55.92948914	-28.17407799	-30.37008476	-39.99928665	-30.04707336	-21.89980888	78.15884399	-11.90098	-13.55630112	2.8978855610000003	-49.02423859	-12.00504494	29.10226059	-42.59511948	108.42504879999998	-7.898833752000001	0.9058740734999999	-17.6769104	-38.91366577	4.744325161	-32.95170212	-64.85115814	-99.51383209
-53.48138428	-60.62359238	113.31386570000001	68.97154236	4.371472359	6.55759573	-130.4941406	2.516310692	51.14588928	27.0435276	113.4735336	-25.02286911	64.7735672	60.92180252	-95.32261658	-7.166804314	158.8663788	153.9649811	195.36795039999998	-32.58729935	-90.02414703	3.0596485139999996	4.577603817	48.56160355	71.83163452	-31.19360542	36.52519226
-8.391626358	-18.38862419	-36.39064407	-11.47724342	-13.70224285	-13.69865608	-98.4704895	20.8670845	-35.42899323	5.348734379	-24.26095009	-89.36513519	23.42356682	-70.21896362	-59.88337326	20.97015953	2.771816015	12.99554062	26.43150902	-12.608051300000001	-66.87409973	1.222424746	-26.90073204	41.09305191	-30.23363686	-58.18837738	-14.47896481
74.69150543	68.87647247	17.26366615	71.81431579999999	-26.45334053	-12.430012699999999	19.06368446	16.77689362	-51.75890732	-65.54792023	8.659980774	-18.93533516	-28.11564064	-148.2026062	-96.81677246	-49.46110916	28.82606316	108.98430630000001	15.75678444	24.18124199	-26.84958267	8.424676895	-31.0820179	-52.96314621	-71.62329865	3.667505503	-23.62374496
82.78207397	-1.3626123669999999	-47.59048843	-95.24491119	-27.17446327	64.02677917	-89.59115601	77.10097504	-21.55566597	59.56190109	129.13467409999998	57.646595	26.39892769	-78.06374359	144.20777890000002	16.34218597	-83.12085724	-20.06072235	33.7167511	-29.10580254	2.475744486	-23.12132454	9.566074371000001	59.61600113	-6.500362872999999	24.15903282	55.67134857
-209.96339419999998	78.05657196	15.48104954	32.36890411	33.80014038	96.27080536	102.2099838	49.62222672	102.227211	39.05263901	61.30098724	25.88400269	31.40715408	24.02342796	-49.16221619	-78.34287262	165.3270874	179.0142822	-80.53215027	75.89216614	-12.51579094	1.9551500080000002	116.65190890000001	79.42642975	28.55576897	13.13934326	-40.65440369
157.6340179	147.14440919999998	19.86447144	25.77932739	42.93533325	11.85613441	13.97750282	15.92307472	57.79768753	6.534722327999999	73.6558075	66.15805054	-38.70492172	75.06050873	9.35730648	7.317864417999999	54.27288437	113.2601929	20.38483238	74.53263092	-13.39141846	-35.42586899	64.81246185	17.50109482	-44.10540009	5.710708618	30.61351967
36.06208038	11.36416721	-26.27716446	-24.83158112	57.96067047	-56.01309204	3.6896429060000004	94.81249237	-58.13881683	6.35226965	8.778348923	-31.60717583	-12.46004963	-49.75697708	65.00319672	39.0566864	-22.00270653	-18.02721024	-60.37573624	-32.12883377	9.021299362	-41.74655914	-2.873360157	-42.75282669	-72.54734039	109.67597959999999	72.11521149
88.87883759	-14.94604778	-15.33141994	27.58266258	32.17818069	51.31331635	78.59972382	38.61384583	68.79437256	58.16879272	107.2360764	85.72877502	24.58038712	68.81361389	9.828949928	28.55711174	115.649498	77.66698456	-82.24975586	5.268825531	-11.25585556	2.486690521	-13.69476891	24.7385025	52.03947449	15.2804184	74.61074829
141.7108154	86.11109924	43.42833710000001	-16.23439407	-76.24391937	-31.09999657	-70.68349457	15.99327278	14.32622719	-21.84841728	50.96371841	52.84038162	12.406003	-6.671709537999999	-53.93392563	-12.53950024	54.540802	55.9000473	92.45034790000001	28.95834732	16.53885841	-2.838632584	20.4131031	-60.19758224	-36.35958099	-23.91549683	33.84863663
76.45848846	-11.44473171	18.12969208	-64.07507324	-13.22565365	18.23578262	10.13690281	-37.12071991	-45.371055600000005	-47.01255035	65.36406708	-18.98100281	-20.658405300000002	-38.02630997	70.57650757	-28.6593399	173.5258331	95.16329956	189.0163727	1.2974311109999999	67.21347809	30.57513237	-35.16931534	3.854131937	7.883503913999999	49.78284836	-64.84667969
51.33024597	98.87449646	105.2875443	50.65649033	102.2475052	155.89030459999998	102.5607452	139.8778687	90.02072906	102.43336490000002	210.31295780000002	161.3289948	8.5181427	86.11289978	52.01774216	69.46227264	193.99902340000003	226.7418213	156.8499908	154.5439148	71.39431	11.65306854	86.27439117	67.49358368	70.66700745	53.11838531	128.2377014
100.45012659999999	-14.60943699	-24.003425600000003	-6.168616772000001	15.77987003	14.20439339	-16.49791908	43.2039566	-13.49661255	-27.68202209	28.24500084	10.606534	19.679636	22.45137596	102.8445969	11.20574856	-5.497033119	-43.64828491	-54.76818848	74.69446564	20.13997078	-71.34439087	18.20254326	-7.46159029	-16.3278904	-11.98642159	-12.61131954
-56.61542892	70.80744171	49.72465897	64.2407074	93.02864075	132.67991640000002	63.152694700000005	116.4987106	65.71258545	132.8854523	251.16148379999998	234.4849548	33.17051697	134.95304869999998	-3.4168648719999997	17.67461586	148.4638824	215.12001040000004	-206.3502655	72.30241394	133.3237762	3.7351088519999998	154.5800171	36.80509949	62.34167862	-38.08175278	78.57065582
-0.6462604403	32.74778748	91.68592072	97.72726440000001	-4.988555431	32.70095825	-11.39207077	5.614547729	126.6696243	64.05595398	88.9058075	60.91499329	33.73207855	173.4495087	-63.740345	11.10701275	160.633255	139.71464540000002	0.7668839693	95.86888885	22.92663574	-23.50102234	44.7554245	37.38387299	-24.49477577	-56.98893738	50.58715057
41.96462631	122.1392517	80.26137543	44.94939041	97.48574066	153.2180939	-4.904994965	53.29816818	32.50779343	36.86175919	152.3541565	142.0410461	61.87955093	84.8055191	28.40623283	81.4905777	99.21417236	73.40731812	97.97312927	70.25657654	-6.185698509	-16.27097511	-4.416463375	-7.871437072999999	44.85785675	90.99175262	102.9217453
-15.96717834	53.5829277	57.71743774	56.22720337	-27.61451721	-66.37342072	-23.54485703	72.04022979999999	38.09062195	4.392282963	8.00573349	-21.37085342	6.189945698	108.6662979	-19.68435669	-25.44622993	171.0799408	43.95860672	288.1404419	15.12904835	-53.9168129	66.84123993	23.50859261	69.84233093	-54.90129089	111.00832369999999	1.013871312
166.455307	-42.52341461	81.41670227	24.07866669	-4.415680885	-39.00085449	-37.23101807	-18.38947296	92.64911652	28.16248131	55.42306137	-3.9049446580000002	-3.57614398	30.02102661	64.32970428	35.64998627	137.57250980000003	57.93772888	-111.67809299999999	-9.334978104	8.548462868	14.44531441	71.42115021	-51.42009735	-20.86602974	-56.46991348	4.319502354
97.45671844	-48.7623291	7.692256927000001	-42.02882385	12.73216152	76.88153076	8.879859924	-27.54619408	-0.1979058534	-83.29922485	79.86650848	17.18268394	-38.62448883	-174.99320980000002	-54.612178799999995	5.343338966	-10.56754971	-0.6105375886	-12.08188343	35.67428589	64.61283875	-19.71639633	-34.61528397	-3.683822632	52.07222748	-21.03901482	51.04040527
-242.36146549999998	19.0707016	-73.80667877	-35.01125336	81.49125671	77.05786896	-27.75135803	2.718868732	-52.38700867	-10.52154922	9.321627617	-22.30792236	11.07326317	7.201631546000001	158.3133392	31.26989746	-101.2806702	-108.592308	-127.42356869999999	-3.9515619280000003	-74.09838867	-20.82835197	4.871057034	87.1960907	-33.36369705	15.45748711	-7.818920612
-47.10112762	33.17728424	-27.28853989	24.19271851	-17.60507202	24.04426956	-31.29124641	18.20689583	68.82051086	-5.621514797000001	-41.49274826	-19.2576313	47.08375168	24.222045899999998	-16.57976151	-33.77876663	96.22668457	-7.242423057999999	-25.79107857	40.51522446	41.22073746	13.28413582	27.57214165	41.71587372	55.92245483	-75.01838684	-52.71273804
-86.57898712	23.11702728	105.70904540000001	-50.20862579	52.23125458	38.17855072	98.37637329	81.86467743	14.48829174	12.55745888	78.44740295	-16.51979256	27.10941505	39.86898804	131.0350189	104.04340359999999	9.210868835	78.64797974	-28.41213226	-49.4157486	26.44771576	-13.35186481	-20.26922989	35.38240814	-3.6374344830000003	13.21291637	-11.76880741
-101.4546814	17.39055634	77.81103516	85.10197449	17.24552917	-33.12834549	23.72664452	7.950853348	5.4152946470000005	5.922267437	-107.938179	-135.9425659	57.79026031	29.11737823	60.42538834	-15.58919144	106.58926389999999	101.2180252	-134.44128419999998	-2.471076727	75.97115326	34.74497604	51.226795200000005	13.53877258	-5.393040657	-20.55588531	-6.461022853999999
-119.4825592	-12.82394218	-38.91391373	-71.61915588	16.06877327	21.82640266	102.7167511	4.77882719	12.2058239	35.81029129	124.3298111	29.43895531	17.97607231	18.76613235	12.01172924	59.05286407	15.84975243	-13.21236801	13.89615536	24.89051819	73.57380676	-6.882176876	-1.194582105	65.96901703	34.09276199	29.36012077	-20.205253600000002
-138.44186399999998	14.91175461	63.75895309	56.37909317	107.1264801	13.71739292	-54.44196701	63.10962677	22.75711823	-50.48059845	7.2683105470000005	-42.80690765	22.18101501	17.85280991	186.87510680000003	54.044330599999995	149.43997190000002	52.17993164	-94.71932220000001	55.38357544	65.32407379	-24.11289978	50.97386551	32.43793488	20.40270805	53.20163727	-34.90788651
-57.68181229	-34.43418121	228.45480350000003	65.32775879	55.4393692	109.8691864	-30.80055046	-18.63781548	-30.17896652	28.62877274	90.7490387	37.20027924	25.647865300000003	9.153067588999999	82.89358521	65.21960449	180.3358002	103.27508540000001	-20.83376312	11.58473492	-21.36639214	9.523375511000001	33.62580872	19.00593948	5.661860943	-22.44486046	87.55448914
-160.6298981	-50.78781891	9.916461945	59.22555923	-39.44175339	-83.91971588	44.60023499	42.17894745	-0.9238911867	-61.65491486	-72.03992462	-36.31509399	11.04296303	18.85724258	47.86906052	50.62893295	57.8964386	79.53070068	-140.9841919	-1.8719419240000001	57.80221939	-15.19613647	4.716553211	-47.75847626	-23.43472481	-63.39201355	-32.28210449
-166.8825989	33.97395706	-54.85329819	51.85391998	116.22947690000001	37.99162292	55.81485748	32.75412369	-6.966005325	-88.18475342	56.72864532	18.42602158	-41.43913651	-56.74029922	-50.50300598	-40.0322876	31.68793488	89.9379425	-82.24147797	-53.67075348	35.78963852	9.963669777	-42.75981522	19.577449800000004	-12.23946285	8.892309189	-79.69103241
115.06390379999999	24.2423687	-19.27985191	-15.65761089	-30.91015434	42.69595718	115.9377136	37.25248718	-4.356945515	-18.08717918	44.8978653	-43.61562729	-13.33853149	-103.43302920000001	17.07312584	36.14212799	-114.019783	-27.32275772	-49.81251907	-48.50697708	8.740275383	-13.44095421	-5.511795521	21.17054367	81.47499084	65.3295517	-32.05200958
-199.7675171	45.23503876	77.74874878	127.54130549999999	81.06816101	8.531027794	33.85736847	80.00865936	38.96539688	12.60604191	34.31494141	-39.3944664	8.511631966	63.49851608	91.05593109	16.54093361	181.079422	86.21167755	97.39903259	-55.62195587	91.03967285	67.09994507	-16.31050873	29.40518379	5.604442596	13.16148949	67.72657013
-96.73104095	19.06677246	-125.57021329999999	-36.56539917	28.17427635	-94.95366669	85.97198486	32.97425079	-20.80946541	-5.462676048	-109.98715209999999	-146.740387	-50.26475906	-110.25406650000001	36.04187012	24.10953522	-59.378269200000005	1.416339636	-141.7789307	-2.619768143	74.81420135	-3.358032703	-58.17454529	-42.77156067	4.64387989	25.21849823	-70.55417633
